0,0.0
1,0.0
2,0.0
3,0.0
4,0.0
5,0.0
6,0.0
7,0.0
8,0.0
9,0.0
10,0.0
11,0.0
12,0.0
13,0.0
14,0.0
15,0.0
16,0.0
17,0.0
18,0.0
19,0.0
20,0.0
21,0.0
22,0.0
23,0.0
24,0.0
25,0.0
26,0.0
27,0.0
28,0.0
29,0.0
30,0.0
31,0.0
32,0.0
33,0.0
34,0.0
35,0.0
36,0.0
37,0.0
38,0.0
39,0.0
40,0.0
41,0.0
42,0.0
43,0.0
44,0.0
45,0.0
46,0.0
47,0.0
48,0.0
49,0.0
50,0.0
51,0.0
52,0.0
53,0.0
54,0.0
55,0.0
56,0.0
57,0.0
58,0.0
59,0.0
60,0.0
61,0.0
62,0.0
63,0.0
64,0.0
65,0.0
66,0.0
67,0.0
68,0.0
69,0.0
70,0.0
71,0.0
72,0.0
73,0.0
74,0.0
75,0.0
76,0.0
77,0.0
78,0.0
79,0.0
80,0.0
81,0.0
82,0.0
83,0.0
84,0.0
85,0.0
86,0.0
87,0.0
88,0.0
89,0.0
90,0.0
91,0.0
92,0.0
93,0.0
94,0.0
95,0.0
96,0.0
97,0.0
98,0.0
99,0.0
100,0.0
101,0.0
102,0.0
103,0.0
104,0.0
105,0.0
106,0.0
107,0.0
108,0.0
109,0.0
110,0.0
111,0.0
112,0.0
113,0.0
114,0.0
115,0.0
116,0.0
117,0.0
118,0.0
119,0.0
120,0.0
121,0.0
122,0.0
123,0.0
124,0.0
125,0.0
126,0.0
127,0.0
128,0.0
129,0.0
130,0.0
131,0.0
132,0.0
133,0.0
134,0.0
135,0.0
136,0.0
137,0.0
138,0.0
139,0.0
140,0.0
141,0.0
142,0.0
143,0.0
144,0.0
145,0.0
146,0.0
147,0.0
148,0.0
149,0.0
150,0.0
151,0.0
152,0.0
153,0.0
154,0.0
155,0.0
156,0.0
157,0.0
158,0.0
159,0.0
160,0.0
161,0.0
162,0.0
163,0.0
164,0.0
165,0.0
166,0.0
167,0.0
168,0.0
169,0.0
170,0.0
171,0.0
172,0.0
173,0.0
174,0.0
175,0.0
176,0.0
177,0.0
178,0.0
179,0.0
180,0.0
181,0.0
182,0.0
183,0.0
184,0.0
185,0.0
186,0.0
187,0.0
188,0.0
189,0.0
190,0.0
191,0.0
192,0.0
193,0.0
194,0.0
195,0.0
196,0.0
197,0.0
198,0.0
199,0.0
200,0.0
201,0.0
202,0.0
203,0.0
204,0.0
205,0.0
206,0.0
207,0.0
208,0.0
209,0.0
210,0.0
211,0.0
212,0.0
213,0.0
214,0.0
215,0.0
216,0.0
217,0.0
218,0.0
219,0.0
220,0.0
221,0.0
222,0.0
223,0.0
224,0.0
225,0.0
226,0.0
227,0.0
228,0.0
229,0.0
230,0.0
231,0.0
232,0.0
233,0.0
234,0.0
235,0.0
236,0.0
237,0.0
238,0.0
239,0.0
240,0.0
241,0.0
242,0.0
243,0.0
244,0.0
245,0.0
246,0.0
247,0.0
248,0.0
249,0.0
250,0.0
251,0.0
252,0.0
253,0.0
254,0.0
255,0.0
256,0.0
257,0.0
258,0.0
259,0.0
260,0.0
261,0.0
262,0.0
263,0.0
264,0.0
265,0.0
266,0.0
267,0.0
268,0.0
269,0.0
270,0.0
271,0.0
272,0.0
273,0.0
274,0.0
275,0.0
276,0.0
277,0.0
278,0.0
279,0.0
280,0.0
281,0.0
282,0.0
283,0.0
284,0.0
285,0.0
286,0.0
287,0.0
288,0.0
289,0.0
290,0.0
291,0.0
292,0.0
293,0.0
294,0.0
295,0.0
296,0.0
297,0.0
298,0.0
299,0.0
300,0.0
301,0.0
302,0.0
303,0.0
304,0.0
305,0.0
306,0.0
307,0.0
308,0.0
309,0.0
310,0.0
311,0.0
312,0.0
313,0.0
314,0.0
315,0.0
316,0.0
317,0.0
318,0.0
319,0.0
320,0.0
321,0.0
322,0.0
323,0.0
324,0.0
325,0.0
326,0.0
327,0.0
328,0.0
329,0.0
330,0.0
331,0.0
332,0.0
333,0.0
334,0.0
335,0.0
336,0.0
337,0.0
338,0.0
339,0.0
340,0.0
341,0.0
342,0.0
343,0.0
344,0.0
345,0.0
346,0.0
347,0.0
348,0.0
349,0.0
350,0.0
351,0.0
352,0.023438
353,0.023438
354,0.023438
355,0.023438
356,0.023438
357,0.023438
358,0.023438
359,0.023438
360,0.023438
361,0.023438
362,0.023438
363,0.023438
364,0.023438
365,0.023438
366,0.023438
367,0.023438
368,0.0
369,0.0
370,0.0
371,0.0
372,0.0
373,0.0
374,0.0
375,0.0
376,0.0
377,0.0
378,0.0
379,0.0
380,0.0
381,0.0
382,0.0
383,0.0
384,0.0
385,0.0
386,0.0
387,0.0
388,0.0
389,0.0
390,0.0
391,0.0
392,0.0
393,0.0
394,0.0
395,0.0
396,0.0
397,0.0
398,0.0
399,0.0
400,0.0
401,0.0
402,0.0
403,0.0
404,0.0
405,0.0
406,0.0
407,0.0
408,0.0
409,0.0
410,0.0
411,0.0
412,0.0
413,0.0
414,0.0
415,0.0
416,0.035156
417,0.035156
418,0.035156
419,0.035156
420,0.035156
421,0.035156
422,0.035156
423,0.035156
424,0.035156
425,0.035156
426,0.035156
427,0.035156
428,0.035156
429,0.035156
430,0.035156
431,0.035156
432,0.0
433,0.0
434,0.0
435,0.0
436,0.0
437,0.0
438,0.0
439,0.0
440,0.0
441,0.0
442,0.0
443,0.0
444,0.0
445,0.0
446,0.0
447,0.0
448,0.0
449,0.0
450,0.0
451,0.0
452,0.0
453,0.0
454,0.0
455,0.0
456,0.0
457,0.0
458,0.0
459,0.0
460,0.0
461,0.0
462,0.0
463,0.0
464,0.0
465,0.0
466,0.0
467,0.0
468,0.0
469,0.0
470,0.0
471,0.0
472,0.0
473,0.0
474,0.0
475,0.0
476,0.0
477,0.0
478,0.0
479,0.0
480,0.035156
481,0.035156
482,0.035156
483,0.035156
484,0.035156
485,0.035156
486,0.035156
487,0.035156
488,0.035156
489,0.035156
490,0.035156
491,0.035156
492,0.035156
493,0.035156
494,0.035156
495,0.035156
496,0.0
497,0.0
498,0.0
499,0.0
500,0.0
501,0.0
502,0.0
503,0.0
504,0.0
505,0.0
506,0.0
507,0.0
508,0.0
509,0.0
510,0.0
511,0.0
512,0.0
513,0.0
514,0.0
515,0.0
516,0.0
517,0.0
518,0.0
519,0.0
520,0.0
521,0.0
522,0.0
523,0.0
524,0.0
525,0.0
526,0.0
527,0.0
528,0.0
529,0.0
530,0.0
531,0.0
532,0.0
533,0.0
534,0.0
535,0.0
536,0.0
537,0.0
538,0.0
539,0.0
540,0.0
541,0.0
542,0.0
543,0.0
544,0.035156
545,0.035156
546,0.035156
547,0.035156
548,0.035156
549,0.035156
550,0.035156
551,0.035156
552,0.035156
553,0.035156
554,0.035156
555,0.035156
556,0.035156
557,0.035156
558,0.035156
559,0.035156
560,0.0
561,0.0
562,0.0
563,0.0
564,0.0
565,0.0
566,0.0
567,0.0
568,0.0
569,0.0
570,0.0
571,0.0
572,0.0
573,0.0
574,0.0
575,0.0
576,0.0
577,0.0
578,0.0
579,0.0
580,0.0
581,0.0
582,0.0
583,0.0
584,0.0
585,0.0
586,0.0
587,0.0
588,0.0
589,0.0
590,0.0
591,0.0
592,0.0
593,0.0
594,0.0
595,0.0
596,0.0
597,0.0
598,0.0
599,0.0
600,0.0
601,0.0
602,0.0
603,0.0
604,0.0
605,0.0
606,0.0
607,0.0
608,0.035156
609,0.035156
610,0.035156
611,0.035156
612,0.035156
613,0.035156
614,0.035156
615,0.035156
616,0.035156
617,0.035156
618,0.035156
619,0.035156
620,0.035156
621,0.035156
622,0.035156
623,0.035156
624,0.0
625,0.0
626,0.0
627,0.0
628,0.0
629,0.0
630,0.0
631,0.0
632,0.0
633,0.0
634,0.0
635,0.0
636,0.0
637,0.0
638,0.0
639,0.0
640,0.0
641,0.0
642,0.0
643,0.0
644,0.0
645,0.0
646,0.0
647,0.0
648,0.0
649,0.0
650,0.0
651,0.0
652,0.0
653,0.0
654,0.0
655,0.0
656,0.0
657,0.0
658,0.0
659,0.0
660,0.0
661,0.0
662,0.0
663,0.0
664,0.0
665,0.0
666,0.0
667,0.0
668,0.0
669,0.0
670,0.0
671,0.0
672,0.035156
673,0.035156
674,0.035156
675,0.035156
676,0.035156
677,0.035156
678,0.035156
679,0.035156
680,0.035156
681,0.035156
682,0.035156
683,0.035156
684,0.035156
685,0.035156
686,0.035156
687,0.035156
688,0.0
689,0.0
690,0.0
691,0.0
692,0.0
693,0.0
694,0.0
695,0.0
696,0.0
697,0.0
698,0.0
699,0.0
700,0.0
701,0.0
702,0.0
703,0.0
704,0.0
705,0.0
706,0.0
707,0.0
708,0.0
709,0.0
710,0.0
711,0.0
712,0.0
713,0.0
714,0.0
715,0.0
716,0.0
717,0.0
718,0.0
719,0.0
720,0.0
721,0.0
722,0.0
723,0.0
724,0.0
725,0.0
726,0.0
727,0.0
728,0.0
729,0.0
730,0.0
731,0.0
732,0.0
733,0.0
734,0.0
735,0.0
736,0.035156
737,0.035156
738,0.035156
739,0.035156
740,0.035156
741,0.035156
742,0.035156
743,0.035156
744,0.035156
745,0.035156
746,0.035156
747,0.035156
748,0.035156
749,0.035156
750,0.035156
751,0.035156
752,0.0
753,0.0
754,0.0
755,0.0
756,0.0
757,0.0
758,0.0
759,0.0
760,0.0
761,0.0
762,0.0
763,0.0
764,0.0
765,0.0
766,0.0
767,0.0
768,0.0
769,0.0
770,0.0
771,0.0
772,0.0
773,0.0
774,0.0
775,0.0
776,0.0
777,0.0
778,0.0
779,0.0
780,0.0
781,0.0
782,0.0
783,0.0
784,0.0
785,0.0
786,0.0
787,0.0
788,0.0
789,0.0
790,0.0
791,0.0
792,0.0
793,0.0
794,0.0
795,0.0
796,0.0
797,0.0
798,0.0
799,0.0
800,0.035156
801,0.035156
802,0.035156
803,0.035156
804,0.035156
805,0.035156
806,0.035156
807,0.035156
808,0.035156
809,0.035156
810,0.035156
811,0.035156
812,0.035156
813,0.035156
814,0.035156
815,0.035156
816,0.0
817,0.0
818,0.0
819,0.0
820,0.0
821,0.0
822,0.0
823,0.0
824,0.0
825,0.0
826,0.0
827,0.0
828,0.0
829,0.0
830,0.0
831,0.0
832,0.0
833,0.0
834,0.0
835,0.0
836,0.0
837,0.0
838,0.0
839,0.0
840,0.0
841,0.0
842,0.0
843,0.0
844,0.0
845,0.0
846,0.0
847,0.0
848,0.0
849,0.0
850,0.0
851,0.0
852,0.0
853,0.0
854,0.0
855,0.0
856,0.0
857,0.0
858,0.0
859,0.0
860,0.0
861,0.0
862,0.0
863,0.0
864,0.035156
865,0.035156
866,0.035156
867,0.035156
868,0.035156
869,0.035156
870,0.035156
871,0.035156
872,0.035156
873,0.035156
874,0.035156
875,0.035156
876,0.035156
877,0.035156
878,0.035156
879,0.035156
880,0.0
881,0.0
882,0.0
883,0.0
884,0.0
885,0.0
886,0.0
887,0.0
888,0.0
889,0.0
890,0.0
891,0.0
892,0.0
893,0.0
894,0.0
895,0.0
896,0.0
897,0.0
898,0.0
899,0.0
900,0.0
901,0.0
902,0.0
903,0.0
904,0.0
905,0.0
906,0.0
907,0.0
908,0.0
909,0.0
910,0.0
911,0.0
912,0.0
913,0.0
914,0.0
915,0.0
916,0.0
917,0.0
918,0.0
919,0.0
920,0.0
921,0.0
922,0.0
923,0.0
924,0.0
925,0.0
926,0.0
927,0.0
928,0.035156
929,0.035156
930,0.035156
931,0.035156
932,0.035156
933,0.035156
934,0.035156
935,0.035156
936,0.035156
937,0.035156
938,0.035156
939,0.035156
940,0.035156
941,0.035156
942,0.035156
943,0.035156
944,0.0
945,0.0
946,0.0
947,0.0
948,0.0
949,0.0
950,0.0
951,0.0
952,0.0
953,0.0
954,0.0
955,0.0
956,0.0
957,0.0
958,0.0
959,0.0
960,0.0
961,0.0
962,0.0
963,0.0
964,0.0
965,0.0
966,0.0
967,0.0
968,0.0
969,0.0
970,0.0
971,0.0
972,0.0
973,0.0
974,0.0
975,0.0
976,0.0
977,0.0
978,0.0
979,0.0
980,0.0
981,0.0
982,0.0
983,0.0
984,0.0
985,0.0
986,0.0
987,0.0
988,0.0
989,0.0
990,0.0
991,0.0
992,0.035156
993,0.035156
994,0.035156
995,0.035156
996,0.035156
997,0.035156
998,0.035156
999,0.035156
1000,0.035156
1001,0.035156
1002,0.035156
1003,0.035156
1004,0.035156
1005,0.035156
1006,0.035156
1007,0.035156
1008,0.0
1009,0.0
1010,0.0
1011,0.0
1012,0.0
1013,0.0
1014,0.0
1015,0.0
1016,0.0
1017,0.0
1018,0.0
1019,0.0
1020,0.0
1021,0.0
1022,0.0
1023,0.0
1024,0.0
1025,0.0
1026,0.0
1027,0.0
1028,0.0
1029,0.0
1030,0.0
1031,0.0
1032,0.0
1033,0.0
1034,0.0
1035,0.0
1036,0.0
1037,0.0
1038,0.0
1039,0.0
1040,0.0
1041,0.0
1042,0.0
1043,0.0
1044,0.0
1045,0.0
1046,0.0
1047,0.0
1048,0.0
1049,0.0
1050,0.0
1051,0.0
1052,0.0
1053,0.0
1054,0.0
1055,0.0
1056,0.035156
1057,0.035156
1058,0.035156
1059,0.035156
1060,0.035156
1061,0.035156
1062,0.035156
1063,0.035156
1064,0.035156
1065,0.035156
1066,0.035156
1067,0.035156
1068,0.035156
1069,0.035156
1070,0.035156
1071,0.035156
1072,0.0
1073,0.0
1074,0.0
1075,0.0
1076,0.0
1077,0.0
1078,0.0
1079,0.0
1080,0.0
1081,0.0
1082,0.0
1083,0.0
1084,0.0
1085,0.0
1086,0.0
1087,0.0
1088,0.0
1089,0.0
1090,0.0
1091,0.0
1092,0.0
1093,0.0
1094,0.0
1095,0.0
1096,0.0
1097,0.0
1098,0.0
1099,0.0
1100,0.0
1101,0.0
1102,0.0
1103,0.0
1104,0.0
1105,0.0
1106,0.0
1107,0.0
1108,0.0
1109,0.0
1110,0.0
1111,0.0
1112,0.0
1113,0.0
1114,0.0
1115,0.0
1116,0.0
1117,0.0
1118,0.0
1119,0.0
1120,0.035156
1121,0.035156
1122,0.035156
1123,0.035156
1124,0.035156
1125,0.035156
1126,0.035156
1127,0.035156
1128,0.035156
1129,0.035156
1130,0.035156
1131,0.035156
1132,0.035156
1133,0.035156
1134,0.035156
1135,0.035156
1136,0.0
1137,0.0
1138,0.0
1139,0.0
1140,0.0
1141,0.0
1142,0.0
1143,0.0
1144,0.0
1145,0.0
1146,0.0
1147,0.0
1148,0.0
1149,0.0
1150,0.0
1151,0.0
1152,0.0
1153,0.0
1154,0.0
1155,0.0
1156,0.0
1157,0.0
1158,0.0
1159,0.0
1160,0.0
1161,0.0
1162,0.0
1163,0.0
1164,0.0
1165,0.0
1166,0.0
1167,0.0
1168,0.0
1169,0.0
1170,0.0
1171,0.0
1172,0.0
1173,0.0
1174,0.0
1175,0.0
1176,0.0
1177,0.0
1178,0.0
1179,0.0
1180,0.0
1181,0.0
1182,0.0
1183,0.0
1184,0.035156
1185,0.035156
1186,0.035156
1187,0.035156
1188,0.035156
1189,0.035156
1190,0.035156
1191,0.035156
1192,0.035156
1193,0.035156
1194,0.035156
1195,0.035156
1196,0.035156
1197,0.035156
1198,0.035156
1199,0.035156
1200,0.0
1201,0.0
1202,0.0
1203,0.0
1204,0.0
1205,0.0
1206,0.0
1207,0.0
1208,0.0
1209,0.0
1210,0.0
1211,0.0
1212,0.0
1213,0.0
1214,0.0
1215,0.0
1216,0.0
1217,0.0
1218,0.0
1219,0.0
1220,0.0
1221,0.0
1222,0.0
1223,0.0
1224,0.0
1225,0.0
1226,0.0
1227,0.0
1228,0.0
1229,0.0
1230,0.0
1231,0.0
1232,0.0
1233,0.0
1234,0.0
1235,0.0
1236,0.0
1237,0.0
1238,0.0
1239,0.0
1240,0.0
1241,0.0
1242,0.0
1243,0.0
1244,0.0
1245,0.0
1246,0.0
1247,0.0
1248,0.035156
1249,0.035156
1250,0.035156
1251,0.035156
1252,0.035156
1253,0.035156
1254,0.035156
1255,0.035156
1256,0.035156
1257,0.035156
1258,0.035156
1259,0.035156
1260,0.035156
1261,0.035156
1262,0.035156
1263,0.035156
1264,0.0
1265,0.0
1266,0.0
1267,0.0
1268,0.0
1269,0.0
1270,0.0
1271,0.0
1272,0.0
1273,0.0
1274,0.0
1275,0.0
1276,0.0
1277,0.0
1278,0.0
1279,0.0
1280,0.0
1281,0.0
1282,0.0
1283,0.0
1284,0.0
1285,0.0
1286,0.0
1287,0.0
1288,0.0
1289,0.0
1290,0.0
1291,0.0
1292,0.0
1293,0.0
1294,0.0
1295,0.0
1296,0.0
1297,0.0
1298,0.0
1299,0.0
1300,0.0
1301,0.0
1302,0.0
1303,0.0
1304,0.0
1305,0.0
1306,0.0
1307,0.0
1308,0.0
1309,0.0
1310,0.0
1311,0.0
1312,0.035156
1313,0.035156
1314,0.035156
1315,0.035156
1316,0.035156
1317,0.035156
1318,0.035156
1319,0.035156
1320,0.035156
1321,0.035156
1322,0.035156
1323,0.035156
1324,0.035156
1325,0.035156
1326,0.035156
1327,0.035156
1328,0.0
1329,0.0
1330,0.0
1331,0.0
1332,0.0
1333,0.0
1334,0.0
1335,0.0
1336,0.0
1337,0.0
1338,0.0
1339,0.0
1340,0.0
1341,0.0
1342,0.0
1343,0.0
1344,0.0
1345,0.0
1346,0.0
1347,0.0
1348,0.0
1349,0.001736
1350,0.002604
1351,0.002604
1352,0.002604
1353,0.002604
1354,0.002604
1355,0.002604
1356,0.002604
1357,0.002604
1358,0.002604
1359,0.002604
1360,0.002604
1361,0.002604
1362,0.002604
1363,0.002604
1364,0.002604
1365,0.000868
1366,0.0
1367,0.0
1368,0.0
1369,0.0
1370,0.0
1371,0.0
1372,0.0
1373,0.0
1374,0.0
1375,0.0
1376,0.011719
1377,0.011719
1378,0.011719
1379,0.011719
1380,0.011719
1381,0.011719
1382,0.011719
1383,0.011719
1384,0.011719
1385,0.011719
1386,0.011719
1387,0.011719
1388,0.011719
1389,0.011719
1390,0.011719
1391,0.011719
1392,0.0
1393,0.0
1394,0.0
1395,0.0
1396,0.0
1397,0.0
1398,0.0
1399,0.0
1400,0.0
1401,0.0
1402,0.0
1403,0.0
1404,0.0
1405,0.0
1406,0.0
1407,0.0
1408,0.0
1409,0.0
1410,0.0
1411,0.0
1412,0.0
1413,0.002604
1414,0.003906
1415,0.003906
1416,0.003906
1417,0.003906
1418,0.003906
1419,0.003906
1420,0.003906
1421,0.003906
1422,0.003906
1423,0.003906
1424,0.003906
1425,0.003906
1426,0.003906
1427,0.003906
1428,0.003906
1429,0.001302
1430,0.0
1431,0.0
1432,0.0
1433,0.0
1434,0.0
1435,0.0
1436,0.0
1437,0.0
1438,0.0
1439,0.0
1440,0.0
1441,0.0
1442,0.0
1443,0.0
1444,0.0
1445,0.0
1446,0.0
1447,0.0
1448,0.0
1449,0.0
1450,0.0
1451,0.0
1452,0.0
1453,0.0
1454,0.0
1455,0.0
1456,0.0
1457,0.0
1458,0.0
1459,0.0
1460,0.0
1461,0.0
1462,0.0
1463,0.0
1464,0.0
1465,0.0
1466,0.0
1467,0.0
1468,0.0
1469,0.0
1470,0.0
1471,0.0
1472,0.0
1473,0.0
1474,0.0
1475,0.0
1476,0.0
1477,0.002604
1478,0.003906
1479,0.003906
1480,0.003906
1481,0.003906
1482,0.003906
1483,0.003906
1484,0.003906
1485,0.003906
1486,0.003906
1487,0.003906
1488,0.003906
1489,0.003906
1490,0.003906
1491,0.003906
1492,0.003906
1493,0.001302
1494,0.0
1495,0.0
1496,0.0
1497,0.0
1498,0.0
1499,0.0
1500,0.0
1501,0.0
1502,0.0
1503,0.0
1504,0.0
1505,0.0
1506,0.0
1507,0.0
1508,0.0
1509,0.0
1510,0.0
1511,0.0
1512,0.0
1513,0.0
1514,0.0
1515,0.0
1516,0.0
1517,0.0
1518,0.0
1519,0.0
1520,0.0
1521,0.0
1522,0.0
1523,0.0
1524,0.0
1525,0.0
1526,0.0
1527,0.0
1528,0.0
1529,0.0
1530,0.0
1531,0.0
1532,0.0
1533,0.0
1534,0.0
1535,0.0
1536,0.0
1537,0.0
1538,0.0
1539,0.0
1540,0.0
1541,0.002604
1542,0.003906
1543,0.003906
1544,0.003906
1545,0.003906
1546,0.003906
1547,0.003906
1548,0.003906
1549,0.003906
1550,0.003906
1551,0.003906
1552,0.003906
1553,0.003906
1554,0.003906
1555,0.003906
1556,0.003906
1557,0.001302
1558,0.0
1559,0.0
1560,0.0
1561,0.0
1562,0.0
1563,0.0
1564,0.0
1565,0.0
1566,0.0
1567,0.0
1568,0.0
1569,0.0
1570,0.0
1571,0.0
1572,0.0
1573,0.0
1574,0.0
1575,0.0
1576,0.0
1577,0.0
1578,0.0
1579,0.0
1580,0.0
1581,0.0
1582,0.0
1583,0.0
1584,0.0
1585,0.0
1586,0.0
1587,0.0
1588,0.0
1589,0.0
1590,0.0
1591,0.0
1592,0.0
1593,0.0
1594,0.0
1595,0.0
1596,0.0
1597,0.0
1598,0.0
1599,0.0
1600,0.0
1601,0.0
1602,0.0
1603,0.0
1604,0.0
1605,0.002604
1606,0.003906
1607,0.003906
1608,0.003906
1609,0.003906
1610,0.003906
1611,0.003906
1612,0.003906
1613,0.003906
1614,0.003906
1615,0.003906
1616,0.003906
1617,0.003906
1618,0.003906
1619,0.003906
1620,0.003906
1621,0.001302
1622,0.0
1623,0.0
1624,0.0
1625,0.0
1626,0.0
1627,0.0
1628,0.0
1629,0.0
1630,0.0
1631,0.0
1632,0.0
1633,0.0
1634,0.0
1635,0.0
1636,0.0
1637,0.0
1638,0.0
1639,0.0
1640,0.0
1641,0.0
1642,0.0
1643,0.0
1644,0.0
1645,0.0
1646,0.0
1647,0.0
1648,0.0
1649,0.0
1650,0.0
1651,0.0
1652,0.0
1653,0.0
1654,0.0
1655,0.0
1656,0.0
1657,0.0
1658,0.0
1659,0.0
1660,0.0
1661,0.0
1662,0.0
1663,0.0
1664,0.0
1665,0.0
1666,0.0
1667,0.0
1668,0.0
1669,0.002604
1670,0.003906
1671,0.003906
1672,0.003906
1673,0.003906
1674,0.003906
1675,0.003906
1676,0.003906
1677,0.003906
1678,0.003906
1679,0.003906
1680,0.003906
1681,0.003906
1682,0.003906
1683,0.003906
1684,0.003906
1685,0.001302
1686,0.0
1687,0.0
1688,0.0
1689,0.0
1690,0.0
1691,0.0
1692,0.0
1693,0.0
1694,0.0
1695,0.0
1696,0.0
1697,0.0
1698,0.0
1699,0.0
1700,0.0
1701,0.0
1702,0.0
1703,0.0
1704,0.0
1705,0.0
1706,0.0
1707,0.0
1708,0.0
1709,0.0
1710,0.0
1711,0.0
1712,0.0
1713,0.0
1714,0.0
1715,0.0
1716,0.0
1717,0.0
1718,0.0
1719,0.0
1720,0.0
1721,0.0
1722,0.0
1723,0.0
1724,0.0
1725,0.0
1726,0.0
1727,0.0
1728,0.0
1729,0.0
1730,0.0
1731,0.0
1732,0.0
1733,0.002604
1734,0.003906
1735,0.003906
1736,0.003906
1737,0.003906
1738,0.003906
1739,0.003906
1740,0.003906
1741,0.003906
1742,0.003906
1743,0.003906
1744,0.003906
1745,0.003906
1746,0.003906
1747,0.003906
1748,0.003906
1749,0.001302
1750,0.0
1751,0.0
1752,0.0
1753,0.0
1754,0.0
1755,0.0
1756,0.0
1757,0.0
1758,0.0
1759,0.0
1760,0.0
1761,0.0
1762,0.0
1763,0.0
1764,0.0
1765,0.0
1766,0.0
1767,0.0
1768,0.0
1769,0.0
1770,0.0
1771,0.0
1772,0.0
1773,0.0
1774,0.0
1775,0.0
1776,0.0
1777,0.0
1778,0.0
1779,0.0
1780,0.0
1781,0.0
1782,0.0
1783,0.0
1784,0.0
1785,0.0
1786,0.0
1787,0.0
1788,0.0
1789,0.0
1790,0.0
1791,0.0
1792,0.0
1793,0.0
1794,0.0
1795,0.0
1796,0.0
1797,0.002604
1798,0.003906
1799,0.003906
1800,0.003906
1801,0.003906
1802,0.003906
1803,0.003906
1804,0.003906
1805,0.003906
1806,0.003906
1807,0.003906
1808,0.003906
1809,0.003906
1810,0.003906
1811,0.003906
1812,0.003906
1813,0.001302
1814,0.0
1815,0.0
1816,0.0
1817,0.0
1818,0.0
1819,0.0
1820,0.0
1821,0.0
1822,0.0
1823,0.0
1824,0.0
1825,0.0
1826,0.0
1827,0.0
1828,0.0
1829,0.0
1830,0.0
1831,0.0
1832,0.0
1833,0.0
1834,0.0
1835,0.0
1836,0.0
1837,0.0
1838,0.0
1839,0.0
1840,0.0
1841,0.0
1842,0.0
1843,0.0
1844,0.0
1845,0.0
1846,0.0
1847,0.0
1848,0.0
1849,0.0
1850,0.0
1851,0.0
1852,0.0
1853,0.0
1854,0.0
1855,0.0
1856,0.0
1857,0.0
1858,0.0
1859,0.0
1860,0.0
1861,0.002604
1862,0.003906
1863,0.003906
1864,0.003906
1865,0.003906
1866,0.003906
1867,0.003906
1868,0.003906
1869,0.003906
1870,0.003906
1871,0.003906
1872,0.003906
1873,0.003906
1874,0.003906
1875,0.003906
1876,0.003906
1877,0.001302
1878,0.0
1879,0.0
1880,0.0
1881,0.0
1882,0.0
1883,0.0
1884,0.0
1885,0.0
1886,0.0
1887,0.0
1888,0.0
1889,0.0
1890,0.0
1891,0.0
1892,0.0
1893,0.0
1894,0.0
1895,0.0
1896,0.0
1897,0.0
1898,0.0
1899,0.0
1900,0.0
1901,0.0
1902,0.0
1903,0.0
1904,0.0
1905,0.0
1906,0.0
1907,0.0
1908,0.0
1909,0.0
1910,0.0
1911,0.0
1912,0.0
1913,0.0
1914,0.0
1915,0.0
1916,0.0
1917,0.0
1918,0.0
1919,0.0
1920,0.0
1921,0.0
1922,0.0
1923,0.0
1924,0.0
1925,0.002604
1926,0.003906
1927,0.003906
1928,0.003906
1929,0.003906
1930,0.003906
1931,0.003906
1932,0.003906
1933,0.003906
1934,0.003906
1935,0.003906
1936,0.003906
1937,0.003906
1938,0.003906
1939,0.003906
1940,0.003906
1941,0.001302
1942,0.0
1943,0.0
1944,0.0
1945,0.0
1946,0.0
1947,0.0
1948,0.0
1949,0.0
1950,0.0
1951,0.0
1952,0.0
1953,0.0
1954,0.0
1955,0.0
1956,0.0
1957,0.0
1958,0.0
1959,0.0
1960,0.0
1961,0.0
1962,0.0
1963,0.0
1964,0.0
1965,0.0
1966,0.0
1967,0.0
1968,0.0
1969,0.0
1970,0.0
1971,0.0
1972,0.0
1973,0.0
1974,0.0
1975,0.0
1976,0.0
1977,0.0
1978,0.0
1979,0.0
1980,0.0
1981,0.0
1982,0.0
1983,0.0
1984,0.0
1985,0.0
1986,0.0
1987,0.0
1988,0.0
1989,0.002604
1990,0.003906
1991,0.003906
1992,0.003906
1993,0.003906
1994,0.003906
1995,0.003906
1996,0.003906
1997,0.003906
1998,0.003906
1999,0.003906
2000,0.003906
2001,0.003906
2002,0.003906
2003,0.003906
2004,0.003906
2005,0.001302
2006,0.0
2007,0.0
2008,0.0
2009,0.0
2010,0.0
2011,0.0
2012,0.0
2013,0.0
2014,0.0
2015,0.0
2016,0.0
2017,0.0
2018,0.0
2019,0.0
2020,0.0
2021,0.0
2022,0.0
2023,0.0
2024,0.0
2025,0.0
2026,0.0
2027,0.0
2028,0.0
2029,0.0
2030,0.0
2031,0.0
2032,0.0
2033,0.0
2034,0.0
2035,0.0
2036,0.0
2037,0.0
2038,0.0
2039,0.0
2040,0.0
2041,0.0
2042,0.0
2043,0.0
2044,0.0
2045,0.0
2046,0.0
2047,0.0
2048,0.0
2049,0.0
2050,0.0
2051,0.0
2052,0.0
2053,0.002604
2054,0.003906
2055,0.003906
2056,0.003906
2057,0.003906
2058,0.003906
2059,0.003906
2060,0.003906
2061,0.003906
2062,0.003906
2063,0.003906
2064,0.003906
2065,0.003906
2066,0.003906
2067,0.003906
2068,0.003906
2069,0.001302
2070,0.0
2071,0.0
2072,0.0
2073,0.0
2074,0.0
2075,0.0
2076,0.0
2077,0.0
2078,0.0
2079,0.0
2080,0.0
2081,0.0
2082,0.0
2083,0.0
2084,0.0
2085,0.0
2086,0.0
2087,0.0
2088,0.0
2089,0.0
2090,0.0
2091,0.0
2092,0.0
2093,0.0
2094,0.0
2095,0.0
2096,0.0
2097,0.0
2098,0.0
2099,0.0
2100,0.0
2101,0.0
2102,0.0
2103,0.0
2104,0.0
2105,0.0
2106,0.0
2107,0.0
2108,0.0
2109,0.0
2110,0.0
2111,0.0
2112,0.0
2113,0.0
2114,0.0
2115,0.0
2116,0.0
2117,0.002604
2118,0.003906
2119,0.003906
2120,0.003906
2121,0.003906
2122,0.003906
2123,0.003906
2124,0.003906
2125,0.003906
2126,0.003906
2127,0.003906
2128,0.003906
2129,0.003906
2130,0.003906
2131,0.003906
2132,0.003906
2133,0.001302
2134,0.0
2135,0.0
2136,0.0
2137,0.0
2138,0.0
2139,0.0
2140,0.0
2141,0.0
2142,0.0
2143,0.0
2144,0.0
2145,0.0
2146,0.0
2147,0.0
2148,0.0
2149,0.0
2150,0.0
2151,0.0
2152,0.0
2153,0.0
2154,0.0
2155,0.0
2156,0.0
2157,0.0
2158,0.0
2159,0.0
2160,0.0
2161,0.0
2162,0.0
2163,0.0
2164,0.0
2165,0.0
2166,0.0
2167,0.0
2168,0.0
2169,0.0
2170,0.0
2171,0.0
2172,0.0
2173,0.0
2174,0.0
2175,0.0
2176,0.0
2177,0.0
2178,0.0
2179,0.0
2180,0.0
2181,0.002604
2182,0.003906
2183,0.003906
2184,0.003906
2185,0.003906
2186,0.003906
2187,0.003906
2188,0.003906
2189,0.003906
2190,0.003906
2191,0.003906
2192,0.003906
2193,0.003906
2194,0.003906
2195,0.003906
2196,0.003906
2197,0.001302
2198,0.0
2199,0.0
2200,0.0
2201,0.0
2202,0.0
2203,0.0
2204,0.0
2205,0.0
2206,0.0
2207,0.0
2208,0.0
2209,0.0
2210,0.0
2211,0.0
2212,0.0
2213,0.0
2214,0.0
2215,0.0
2216,0.0
2217,0.0
2218,0.0
2219,0.0
2220,0.0
2221,0.0
2222,0.0
2223,0.0
2224,0.0
2225,0.0
2226,0.0
2227,0.0
2228,0.0
2229,0.0
2230,0.0
2231,0.0
2232,0.0
2233,0.0
2234,0.0
2235,0.0
2236,0.0
2237,0.0
2238,0.0
2239,0.0
2240,0.0
2241,0.0
2242,0.0
2243,0.0
2244,0.0
2245,0.002604
2246,0.003906
2247,0.003906
2248,0.003906
2249,0.003906
2250,0.003906
2251,0.003906
2252,0.003906
2253,0.003906
2254,0.003906
2255,0.003906
2256,0.003906
2257,0.003906
2258,0.003906
2259,0.003906
2260,0.003906
2261,0.001302
2262,0.0
2263,0.0
2264,0.0
2265,0.0
2266,0.0
2267,0.0
2268,0.0
2269,0.0
2270,0.0
2271,0.0
2272,0.0
2273,0.0
2274,0.0
2275,0.0
2276,0.0
2277,0.0
2278,0.0
2279,0.0
2280,0.0
2281,0.0
2282,0.0
2283,0.0
2284,0.0
2285,0.0
2286,0.0
2287,0.0
2288,0.0
2289,0.0
2290,0.0
2291,0.0
2292,0.0
2293,0.0
2294,0.0
2295,0.0
2296,0.0
2297,0.0
2298,0.0
2299,0.0
2300,0.0
2301,0.0
2302,0.0
2303,0.0
2304,0.0
2305,0.0
2306,0.0
2307,0.0
2308,0.0
2309,0.002604
2310,0.003906
2311,0.003906
2312,0.003906
2313,0.003906
2314,0.003906
2315,0.003906
2316,0.003906
2317,0.003906
2318,0.003906
2319,0.003906
2320,0.003906
2321,0.003906
2322,0.003906
2323,0.003906
2324,0.003906
2325,0.001302
2326,0.0
2327,0.0
2328,0.0
2329,0.0
2330,0.0
2331,0.0
2332,0.0
2333,0.0
2334,0.0
2335,0.0
2336,0.0
2337,0.0
2338,0.0
2339,0.0
2340,0.0
2341,0.0
2342,0.0
2343,0.0
2344,0.0
2345,0.0
2346,0.0
2347,0.0
2348,0.0
2349,0.0
2350,0.0
2351,0.0
2352,0.0
2353,0.0
2354,0.0
2355,0.0
2356,0.0
2357,0.0
2358,0.0
2359,0.0
2360,0.0
2361,0.0
2362,0.0
2363,0.0
2364,0.0
2365,0.0
2366,0.0
2367,0.0
2368,0.0
2369,0.0
2370,0.0
2371,0.0
2372,0.0
2373,0.009549
2374,0.014323
2375,0.014323
2376,0.014323
2377,0.014323
2378,0.014323
2379,0.014323
2380,0.014323
2381,0.014323
2382,0.014323
2383,0.014323
2384,0.014323
2385,0.014323
2386,0.014323
2387,0.014323
2388,0.014323
2389,0.004774
2390,0.0
2391,0.0
2392,0.0
2393,0.0
2394,0.0
2395,0.0
2396,0.0
2397,0.0
2398,0.0
2399,0.0
2400,0.0
2401,0.0
2402,0.0
2403,0.0
2404,0.0
2405,0.0
2406,0.0
2407,0.0
2408,0.0
2409,0.0
2410,0.0
2411,0.0
2412,0.0
2413,0.0
2414,0.0
2415,0.0
2416,0.0
2417,0.0
2418,0.0
2419,0.0
2420,0.0
2421,0.0
2422,0.0
2423,0.0
2424,0.0
2425,0.0
2426,0.0
2427,0.0
2428,0.0
2429,0.0
2430,0.0
2431,0.0
2432,0.0
2433,0.0
2434,0.0
2435,0.0
2436,0.0
2437,0.013021
2438,0.019531
2439,0.019531
2440,0.019531
2441,0.019531
2442,0.019531
2443,0.019531
2444,0.019531
2445,0.019531
2446,0.019531
2447,0.019531
2448,0.019531
2449,0.019531
2450,0.019531
2451,0.019531
2452,0.019531
2453,0.00651
2454,0.0
2455,0.0
2456,0.0
2457,0.0
2458,0.0
2459,0.0
2460,0.0
2461,0.0
2462,0.0
2463,0.0
2464,0.0
2465,0.0
2466,0.0
2467,0.0
2468,0.0
2469,0.0
2470,0.0
2471,0.0
2472,0.0
2473,0.0
2474,0.0
2475,0.0
2476,0.0
2477,0.0
2478,0.0
2479,0.0
2480,0.0
2481,0.0
2482,0.0
2483,0.0
2484,0.0
2485,0.0
2486,0.0
2487,0.0
2488,0.0
2489,0.0
2490,0.0
2491,0.0
2492,0.0
2493,0.0
2494,0.0
2495,0.0
2496,0.0
2497,0.0
2498,0.0
2499,0.0
2500,0.0
2501,0.013021
2502,0.019531
2503,0.019531
2504,0.019531
2505,0.019531
2506,0.019531
2507,0.019531
2508,0.019531
2509,0.019531
2510,0.019531
2511,0.019531
2512,0.019531
2513,0.019531
2514,0.019531
2515,0.019531
2516,0.019531
2517,0.00651
2518,0.0
2519,0.0
2520,0.0
2521,0.0
2522,0.0
2523,0.0
2524,0.0
2525,0.0
2526,0.0
2527,0.0
2528,0.0
2529,0.0
2530,0.0
2531,0.0
2532,0.0
2533,0.0
2534,0.0
2535,0.0
2536,0.0
2537,0.0
2538,0.0
2539,0.0
2540,0.0
2541,0.0
2542,0.0
2543,0.0
2544,0.0
2545,0.0
2546,0.0
2547,0.0
2548,0.0
2549,0.0
2550,0.0
2551,0.0
2552,0.0
2553,0.0
2554,0.0
2555,0.0
2556,0.0
2557,0.0
2558,0.0
2559,0.0
2560,0.0
2561,0.0
2562,0.0
2563,0.0
2564,0.0
2565,0.013021
2566,0.019531
2567,0.019531
2568,0.019531
2569,0.019531
2570,0.019531
2571,0.019531
2572,0.019531
2573,0.019531
2574,0.019531
2575,0.019531
2576,0.019531
2577,0.019531
2578,0.019531
2579,0.019531
2580,0.019531
2581,0.00651
2582,0.0
2583,0.0
2584,0.0
2585,0.0
2586,0.0
2587,0.0
2588,0.0
2589,0.0
2590,0.0
2591,0.0
2592,0.0
2593,0.0
2594,0.0
2595,0.0
2596,0.0
2597,0.0
2598,0.0
2599,0.0
2600,0.0
2601,0.0
2602,0.0
2603,0.0
2604,0.0
2605,0.0
2606,0.0
2607,0.0
2608,0.0
2609,0.0
2610,0.0
2611,0.0
2612,0.0
2613,0.0
2614,0.0
2615,0.0
2616,0.0
2617,0.0
2618,0.0
2619,0.0
2620,0.0
2621,0.0
2622,0.0
2623,0.0
2624,0.0
2625,0.0
2626,0.0
2627,0.0
2628,0.0
2629,0.013021
2630,0.019531
2631,0.019531
2632,0.019531
2633,0.019531
2634,0.019531
2635,0.019531
2636,0.019531
2637,0.019531
2638,0.019531
2639,0.019531
2640,0.019531
2641,0.019531
2642,0.019531
2643,0.019531
2644,0.019531
2645,0.00651
2646,0.0
2647,0.0
2648,0.0
2649,0.0
2650,0.0
2651,0.0
2652,0.0
2653,0.0
2654,0.0
2655,0.0
2656,0.0
2657,0.0
2658,0.0
2659,0.0
2660,0.0
2661,0.0
2662,0.0
2663,0.0
2664,0.0
2665,0.0
2666,0.0
2667,0.0
2668,0.0
2669,0.0
2670,0.0
2671,0.0
2672,0.0
2673,0.0
2674,0.0
2675,0.0
2676,0.0
2677,0.0
2678,0.0
2679,0.0
2680,0.0
2681,0.0
2682,0.0
2683,0.0
2684,0.0
2685,0.0
2686,0.0
2687,0.0
2688,0.0
2689,0.0
2690,0.0
2691,0.0
2692,0.0
2693,0.013021
2694,0.019531
2695,0.019531
2696,0.019531
2697,0.019531
2698,0.019531
2699,0.019531
2700,0.019531
2701,0.019531
2702,0.019531
2703,0.019531
2704,0.019531
2705,0.019531
2706,0.019531
2707,0.019531
2708,0.019531
2709,0.00651
2710,0.0
2711,0.0
2712,0.0
2713,0.0
2714,0.0
2715,0.0
2716,0.0
2717,0.0
2718,0.0
2719,0.0
2720,0.0
2721,0.0
2722,0.0
2723,0.0
2724,0.0
2725,0.002604
2726,0.003906
2727,0.003906
2728,0.003906
2729,0.003906
2730,0.003906
2731,0.003906
2732,0.003906
2733,0.003906
2734,0.003906
2735,0.003906
2736,0.003906
2737,0.003906
2738,0.003906
2739,0.003906
2740,0.003906
2741,0.001302
2742,0.0
2743,0.0
2744,0.0
2745,0.0
2746,0.0
2747,0.0
2748,0.0
2749,0.0
2750,0.0
2751,0.0
2752,0.0
2753,0.0
2754,0.0
2755,0.0
2756,0.0
2757,0.013021
2758,0.019531
2759,0.019531
2760,0.019531
2761,0.019531
2762,0.019531
2763,0.019531
2764,0.019531
2765,0.019531
2766,0.019531
2767,0.019531
2768,0.019531
2769,0.019531
2770,0.019531
2771,0.019531
2772,0.019531
2773,0.00651
2774,0.0
2775,0.0
2776,0.0
2777,0.0
2778,0.0
2779,0.0
2780,0.0
2781,0.0
2782,0.0
2783,0.0
2784,0.0
2785,0.0
2786,0.0
2787,0.0
2788,0.0
2789,0.007813
2790,0.011719
2791,0.011719
2792,0.011719
2793,0.011719
2794,0.011719
2795,0.011719
2796,0.011719
2797,0.011719
2798,0.011719
2799,0.011719
2800,0.011719
2801,0.011719
2802,0.011719
2803,0.011719
2804,0.011719
2805,0.003906
2806,0.0
2807,0.0
2808,0.0
2809,0.0
2810,0.0
2811,0.0
2812,0.0
2813,0.0
2814,0.0
2815,0.0
2816,0.0
2817,0.0
2818,0.0
2819,0.0
2820,0.0
2821,0.013021
2822,0.019531
2823,0.019531
2824,0.019531
2825,0.019531
2826,0.019531
2827,0.019531
2828,0.019531
2829,0.019531
2830,0.019531
2831,0.019531
2832,0.019531
2833,0.019531
2834,0.019531
2835,0.019531
2836,0.019531
2837,0.00651
2838,0.0
2839,0.0
2840,0.0
2841,0.0
2842,0.0
2843,0.0
2844,0.0
2845,0.0
2846,0.0
2847,0.0
2848,0.0
2849,0.0
2850,0.0
2851,0.0
2852,0.0
2853,0.007813
2854,0.011719
2855,0.011719
2856,0.011719
2857,0.011719
2858,0.011719
2859,0.011719
2860,0.011719
2861,0.011719
2862,0.011719
2863,0.011719
2864,0.011719
2865,0.011719
2866,0.011719
2867,0.011719
2868,0.011719
2869,0.003906
2870,0.0
2871,0.0
2872,0.0
2873,0.0
2874,0.0
2875,0.0
2876,0.0
2877,0.0
2878,0.0
2879,0.0
2880,0.0
2881,0.0
2882,0.0
2883,0.0
2884,0.0
2885,0.013021
2886,0.019531
2887,0.019531
2888,0.019531
2889,0.019531
2890,0.019531
2891,0.019531
2892,0.019531
2893,0.019531
2894,0.019531
2895,0.019531
2896,0.019531
2897,0.019531
2898,0.019531
2899,0.019531
2900,0.019531
2901,0.00651
2902,0.0
2903,0.0
2904,0.0
2905,0.0
2906,0.0
2907,0.0
2908,0.0
2909,0.0
2910,0.0
2911,0.0
2912,0.0
2913,0.0
2914,0.0
2915,0.0
2916,0.0
2917,0.007813
2918,0.011719
2919,0.011719
2920,0.011719
2921,0.011719
2922,0.011719
2923,0.011719
2924,0.011719
2925,0.011719
2926,0.011719
2927,0.011719
2928,0.011719
2929,0.011719
2930,0.011719
2931,0.011719
2932,0.011719
2933,0.003906
2934,0.0
2935,0.0
2936,0.0
2937,0.0
2938,0.0
2939,0.0
2940,0.0
2941,0.0
2942,0.0
2943,0.0
2944,0.0
2945,0.0
2946,0.0
2947,0.0
2948,0.0
2949,0.013021
2950,0.019531
2951,0.019531
2952,0.019531
2953,0.019531
2954,0.019531
2955,0.019531
2956,0.019531
2957,0.019531
2958,0.019531
2959,0.019531
2960,0.019531
2961,0.019531
2962,0.019531
2963,0.019531
2964,0.019531
2965,0.00651
2966,0.0
2967,0.0
2968,0.0
2969,0.0
2970,0.0
2971,0.0
2972,0.0
2973,0.0
2974,0.0
2975,0.0
2976,0.0
2977,0.0
2978,0.0
2979,0.0
2980,0.0
2981,0.007813
2982,0.011719
2983,0.011719
2984,0.011719
2985,0.011719
2986,0.011719
2987,0.011719
2988,0.011719
2989,0.011719
2990,0.011719
2991,0.011719
2992,0.011719
2993,0.011719
2994,0.011719
2995,0.011719
2996,0.011719
2997,0.003906
2998,0.0
2999,0.0
3000,0.0
3001,0.0
3002,0.0
3003,0.0
3004,0.0
3005,0.0
3006,0.0
3007,0.0
3008,0.0
3009,0.0
3010,0.0
3011,0.0
3012,0.0
3013,0.013021
3014,0.019531
3015,0.019531
3016,0.019531
3017,0.019531
3018,0.019531
3019,0.019531
3020,0.019531
3021,0.019531
3022,0.019531
3023,0.019531
3024,0.019531
3025,0.019531
3026,0.019531
3027,0.019531
3028,0.019531
3029,0.00651
3030,0.0
3031,0.0
3032,0.0
3033,0.0
3034,0.0
3035,0.0
3036,0.0
3037,0.0
3038,0.0
3039,0.0
3040,0.0
3041,0.0
3042,0.0
3043,0.0
3044,0.0
3045,0.007813
3046,0.011719
3047,0.011719
3048,0.011719
3049,0.011719
3050,0.011719
3051,0.011719
3052,0.011719
3053,0.011719
3054,0.011719
3055,0.011719
3056,0.011719
3057,0.011719
3058,0.011719
3059,0.011719
3060,0.011719
3061,0.003906
3062,0.0
3063,0.0
3064,0.0
3065,0.0
3066,0.0
3067,0.0
3068,0.0
3069,0.0
3070,0.0
3071,0.0
3072,0.0
3073,0.0
3074,0.0
3075,0.0
3076,0.0
3077,0.013021
3078,0.019531
3079,0.019531
3080,0.019531
3081,0.019531
3082,0.019531
3083,0.019531
3084,0.019531
3085,0.019531
3086,0.019531
3087,0.019531
3088,0.019531
3089,0.019531
3090,0.019531
3091,0.019531
3092,0.019531
3093,0.00651
3094,0.0
3095,0.0
3096,0.0
3097,0.0
3098,0.0
3099,0.0
3100,0.0
3101,0.0
3102,0.0
3103,0.0
3104,0.0
3105,0.0
3106,0.0
3107,0.0
3108,0.0
3109,0.007813
3110,0.011719
3111,0.011719
3112,0.011719
3113,0.011719
3114,0.011719
3115,0.011719
3116,0.011719
3117,0.011719
3118,0.011719
3119,0.011719
3120,0.011719
3121,0.011719
3122,0.011719
3123,0.011719
3124,0.011719
3125,0.003906
3126,0.0
3127,0.0
3128,0.0
3129,0.0
3130,0.0
3131,0.0
3132,0.0
3133,0.0
3134,0.0
3135,0.0
3136,0.0
3137,0.0
3138,0.0
3139,0.0
3140,0.0
3141,0.013021
3142,0.019531
3143,0.019531
3144,0.019531
3145,0.019531
3146,0.019531
3147,0.019531
3148,0.019531
3149,0.019531
3150,0.019531
3151,0.019531
3152,0.019531
3153,0.019531
3154,0.019531
3155,0.019531
3156,0.019531
3157,0.00651
3158,0.0
3159,0.0
3160,0.0
3161,0.0
3162,0.0
3163,0.0
3164,0.0
3165,0.0
3166,0.0
3167,0.0
3168,0.0
3169,0.0
3170,0.0
3171,0.0
3172,0.0
3173,0.007813
3174,0.011719
3175,0.011719
3176,0.011719
3177,0.011719
3178,0.011719
3179,0.011719
3180,0.011719
3181,0.011719
3182,0.011719
3183,0.011719
3184,0.011719
3185,0.011719
3186,0.011719
3187,0.011719
3188,0.011719
3189,0.003906
3190,0.0
3191,0.0
3192,0.0
3193,0.0
3194,0.0
3195,0.0
3196,0.0
3197,0.0
3198,0.0
3199,0.0
3200,0.0
3201,0.0
3202,0.0
3203,0.0
3204,0.0
3205,0.013021
3206,0.019531
3207,0.019531
3208,0.019531
3209,0.019531
3210,0.019531
3211,0.019531
3212,0.019531
3213,0.019531
3214,0.019531
3215,0.019531
3216,0.019531
3217,0.019531
3218,0.019531
3219,0.019531
3220,0.019531
3221,0.00651
3222,0.0
3223,0.0
3224,0.0
3225,0.0
3226,0.0
3227,0.0
3228,0.0
3229,0.0
3230,0.0
3231,0.0
3232,0.0
3233,0.0
3234,0.0
3235,0.0
3236,0.0
3237,0.007813
3238,0.011719
3239,0.011719
3240,0.011719
3241,0.011719
3242,0.011719
3243,0.011719
3244,0.011719
3245,0.011719
3246,0.011719
3247,0.011719
3248,0.011719
3249,0.011719
3250,0.011719
3251,0.011719
3252,0.011719
3253,0.003906
3254,0.0
3255,0.0
3256,0.0
3257,0.0
3258,0.0
3259,0.0
3260,0.0
3261,0.0
3262,0.0
3263,0.0
3264,0.0
3265,0.0
3266,0.0
3267,0.0
3268,0.0
3269,0.013021
3270,0.019531
3271,0.019531
3272,0.019531
3273,0.019531
3274,0.019531
3275,0.019531
3276,0.019531
3277,0.019531
3278,0.019531
3279,0.019531
3280,0.019531
3281,0.019531
3282,0.019531
3283,0.019531
3284,0.019531
3285,0.00651
3286,0.0
3287,0.0
3288,0.0
3289,0.0
3290,0.0
3291,0.0
3292,0.0
3293,0.0
3294,0.0
3295,0.0
3296,0.0
3297,0.0
3298,0.0
3299,0.0
3300,0.0
3301,0.007813
3302,0.011719
3303,0.011719
3304,0.011719
3305,0.011719
3306,0.011719
3307,0.011719
3308,0.011719
3309,0.011719
3310,0.011719
3311,0.011719
3312,0.011719
3313,0.011719
3314,0.011719
3315,0.011719
3316,0.011719
3317,0.003906
3318,0.0
3319,0.0
3320,0.0
3321,0.0
3322,0.0
3323,0.0
3324,0.0
3325,0.0
3326,0.0
3327,0.0
3328,0.0
3329,0.0
3330,0.0
3331,0.0
3332,0.0
3333,0.013021
3334,0.019531
3335,0.019531
3336,0.019531
3337,0.019531
3338,0.019531
3339,0.019531
3340,0.019531
3341,0.019531
3342,0.019531
3343,0.019531
3344,0.019531
3345,0.019531
3346,0.019531
3347,0.019531
3348,0.019531
3349,0.00651
3350,0.0
3351,0.0
3352,0.0
3353,0.0
3354,0.0
3355,0.0
3356,0.0
3357,0.0
3358,0.0
3359,0.0
3360,0.0
3361,0.0
3362,0.0
3363,0.0
3364,0.0
3365,0.007813
3366,0.011719
3367,0.011719
3368,0.011719
3369,0.011719
3370,0.011719
3371,0.011719
3372,0.011719
3373,0.011719
3374,0.011719
3375,0.011719
3376,0.011719
3377,0.011719
3378,0.011719
3379,0.011719
3380,0.011719
3381,0.003906
3382,0.0
3383,0.0
3384,0.0
3385,0.0
3386,0.0
3387,0.0
3388,0.0
3389,0.0
3390,0.0
3391,0.0
3392,0.0
3393,0.0
3394,0.0
3395,0.0
3396,0.0
3397,0.00434
3398,0.00651
3399,0.00651
3400,0.00651
3401,0.00651
3402,0.00651
3403,0.00651
3404,0.00651
3405,0.00651
3406,0.00651
3407,0.00651
3408,0.00651
3409,0.00651
3410,0.00651
3411,0.00651
3412,0.00651
3413,0.00217
3414,0.0
3415,0.0
3416,0.0
3417,0.0
3418,0.0
3419,0.0
3420,0.0
3421,0.0
3422,0.0
3423,0.0
3424,0.0
3425,0.0
3426,0.0
3427,0.0
3428,0.0
3429,0.007813
3430,0.011719
3431,0.011719
3432,0.011719
3433,0.011719
3434,0.011719
3435,0.011719
3436,0.011719
3437,0.011719
3438,0.011719
3439,0.011719
3440,0.011719
3441,0.011719
3442,0.011719
3443,0.011719
3444,0.011719
3445,0.003906
3446,0.0
3447,0.0
3448,0.0
3449,0.0
3450,0.0
3451,0.0
3452,0.0
3453,0.0
3454,0.0
3455,0.0
3456,0.0
3457,0.0
3458,0.0
3459,0.0
3460,0.0
3461,0.0
3462,0.0
3463,0.0
3464,0.0
3465,0.0
3466,0.0
3467,0.0
3468,0.0
3469,0.0
3470,0.0
3471,0.0
3472,0.0
3473,0.0
3474,0.0
3475,0.0
3476,0.0
3477,0.0
3478,0.0
3479,0.0
3480,0.0
3481,0.0
3482,0.0
3483,0.0
3484,0.0
3485,0.0
3486,0.0
3487,0.0
3488,0.0
3489,0.0
3490,0.0
3491,0.0
3492,0.0
3493,0.007813
3494,0.011719
3495,0.011719
3496,0.011719
3497,0.011719
3498,0.011719
3499,0.011719
3500,0.011719
3501,0.011719
3502,0.011719
3503,0.011719
3504,0.011719
3505,0.011719
3506,0.011719
3507,0.011719
3508,0.011719
3509,0.003906
3510,0.0
3511,0.0
3512,0.0
3513,0.0
3514,0.0
3515,0.0
3516,0.0
3517,0.0
3518,0.0
3519,0.0
3520,0.0
3521,0.0
3522,0.0
3523,0.0
3524,0.0
3525,0.0
3526,0.0
3527,0.0
3528,0.0
3529,0.0
3530,0.0
3531,0.0
3532,0.0
3533,0.0
3534,0.0
3535,0.0
3536,0.0
3537,0.0
3538,0.0
3539,0.0
3540,0.0
3541,0.0
3542,0.0
3543,0.0
3544,0.0
3545,0.0
3546,0.0
3547,0.0
3548,0.0
3549,0.0
3550,0.0
3551,0.0
3552,0.0
3553,0.0
3554,0.0
3555,0.0
3556,0.0
3557,0.007813
3558,0.011719
3559,0.011719
3560,0.011719
3561,0.011719
3562,0.011719
3563,0.011719
3564,0.011719
3565,0.011719
3566,0.011719
3567,0.011719
3568,0.011719
3569,0.011719
3570,0.011719
3571,0.011719
3572,0.011719
3573,0.003906
3574,0.0
3575,0.0
3576,0.0
3577,0.0
3578,0.0
3579,0.0
3580,0.0
3581,0.0
3582,0.0
3583,0.0
3584,0.0
3585,0.0
3586,0.0
3587,0.0
3588,0.0
3589,0.0
3590,0.0
3591,0.0
3592,0.0
3593,0.0
3594,0.0
3595,0.0
3596,0.0
3597,0.0
3598,0.0
3599,0.0
3600,0.0
3601,0.0
3602,0.0
3603,0.0
3604,0.0
3605,0.0
3606,0.0
3607,0.0
3608,0.0
3609,0.0
3610,0.0
3611,0.0
3612,0.0
3613,0.0
3614,0.0
3615,0.0
3616,0.0
3617,0.0
3618,0.0
3619,0.0
3620,0.0
3621,0.007813
3622,0.011719
3623,0.011719
3624,0.011719
3625,0.011719
3626,0.011719
3627,0.011719
3628,0.011719
3629,0.011719
3630,0.011719
3631,0.011719
3632,0.011719
3633,0.011719
3634,0.011719
3635,0.011719
3636,0.011719
3637,0.003906
3638,0.0
3639,0.0
3640,0.0
3641,0.0
3642,0.0
3643,0.0
3644,0.0
3645,0.0
3646,0.0
3647,0.0
3648,0.0
3649,0.0
3650,0.0
3651,0.0
3652,0.0
3653,0.0
3654,0.0
3655,0.0
3656,0.0
3657,0.0
3658,0.0
3659,0.0
3660,0.0
3661,0.0
3662,0.0
3663,0.0
3664,0.0
3665,0.0
3666,0.0
3667,0.0
3668,0.0
3669,0.0
3670,0.0
3671,0.0
3672,0.0
3673,0.0
3674,0.0
3675,0.0
3676,0.0
3677,0.0
3678,0.0
3679,0.0
3680,0.0
3681,0.0
3682,0.0
3683,0.0
3684,0.0
3685,0.007813
3686,0.011719
3687,0.011719
3688,0.011719
3689,0.011719
3690,0.011719
3691,0.011719
3692,0.011719
3693,0.011719
3694,0.011719
3695,0.011719
3696,0.011719
3697,0.011719
3698,0.011719
3699,0.011719
3700,0.011719
3701,0.003906
3702,0.0
3703,0.0
3704,0.0
3705,0.0
3706,0.0
3707,0.0
3708,0.0
3709,0.0
3710,0.0
3711,0.0
3712,0.0
3713,0.0
3714,0.0
3715,0.0
3716,0.0
3717,0.0
3718,0.0
3719,0.0
3720,0.0
3721,0.0
3722,0.0
3723,0.0
3724,0.0
3725,0.0
3726,0.0
3727,0.0
3728,0.0
3729,0.0
3730,0.0
3731,0.0
3732,0.0
3733,0.0
3734,0.0
3735,0.0
3736,0.0
3737,0.0
3738,0.0
3739,0.0
3740,0.0
3741,0.0
3742,0.0
3743,0.0
3744,0.0
3745,0.0
3746,0.0
3747,0.0
3748,0.0
3749,0.005208
3750,0.007812
3751,0.007812
3752,0.007812
3753,0.007812
3754,0.007812
3755,0.007812
3756,0.007812
3757,0.007812
3758,0.007812
3759,0.007812
3760,0.007812
3761,0.007812
3762,0.007812
3763,0.007812
3764,0.007812
3765,0.002604
3766,0.0
3767,0.0
3768,0.0
3769,0.0
3770,0.0
3771,0.0
3772,0.0
3773,0.0
3774,0.0
3775,0.0
3776,0.0
3777,0.0
3778,0.0
3779,0.0
3780,0.0
3781,0.0
3782,0.0
3783,0.0
3784,0.0
3785,0.0
3786,0.0
3787,0.0
3788,0.0
3789,0.0
3790,0.0
3791,0.0
3792,0.0
3793,0.0
3794,0.0
3795,0.0
3796,0.0
3797,0.0
3798,0.0
3799,0.0
3800,0.0
3801,0.0
3802,0.0
3803,0.0
3804,0.0
3805,0.0
3806,0.0
3807,0.0
3808,0.0
3809,0.0
3810,0.0
3811,0.0
3812,0.0
3813,0.0
3814,0.0
3815,0.0
3816,0.0
3817,0.0
3818,0.0
3819,0.0
3820,0.0
3821,0.0
3822,0.0
3823,0.0
3824,0.0
3825,0.0
3826,0.0
3827,0.0
3828,0.0
3829,0.0
3830,0.0
3831,0.0
3832,0.0
3833,0.0
3834,0.0
3835,0.0
3836,0.0
3837,0.0
3838,0.0
3839,0.0
3840,0.0
3841,0.0
3842,0.0
3843,0.0
3844,0.0
3845,0.0
3846,0.0
3847,0.0
3848,0.0
3849,0.0
3850,0.0
3851,0.0
3852,0.0
3853,0.0
3854,0.0
3855,0.0
3856,0.0
3857,0.0
3858,0.0
3859,0.0
3860,0.0
3861,0.0
3862,0.0
3863,0.0
3864,0.0
3865,0.0
3866,0.0
3867,0.0
3868,0.0
3869,0.0
3870,0.0
3871,0.0
3872,0.0
3873,0.0
3874,0.0
3875,0.0
3876,0.0
3877,0.0
3878,0.0
3879,0.0
3880,0.0
3881,0.0
3882,0.0
3883,0.0
3884,0.0
3885,0.0
3886,0.0
3887,0.0
3888,0.0
3889,0.0
3890,0.0
3891,0.0
3892,0.0
3893,0.0
3894,0.0
3895,0.0
3896,0.0
3897,0.0
3898,0.0
3899,0.0
3900,0.0
3901,0.0
3902,0.0
3903,0.0
3904,0.0
3905,0.0
3906,0.0
3907,0.0
3908,0.0
3909,0.0
3910,0.0
3911,0.0
3912,0.0
3913,0.0
3914,0.0
3915,0.0
3916,0.0
3917,0.0
3918,0.0
3919,0.0
3920,0.0
3921,0.0
3922,0.0
3923,0.0
3924,0.0
3925,0.0
3926,0.0
3927,0.0
3928,0.0
3929,0.0
3930,0.0
3931,0.0
3932,0.0
3933,0.0
3934,0.0
3935,0.0
3936,0.0
3937,0.0
3938,0.0
3939,0.0
3940,0.0
3941,0.0
3942,0.0
3943,0.0
3944,0.0
3945,0.0
3946,0.0
3947,0.0
3948,0.0
3949,0.0
3950,0.0
3951,0.0
3952,0.0
3953,0.0
3954,0.0
3955,0.0
3956,0.0
3957,0.0
3958,0.0
3959,0.0
3960,0.0
3961,0.0
3962,0.0
3963,0.0
3964,0.0
3965,0.0
3966,0.0
3967,0.0
3968,0.0
3969,0.0
3970,0.0
3971,0.0
3972,0.0
3973,0.0
3974,0.0
3975,0.0
3976,0.0
3977,0.0
3978,0.0
3979,0.0
3980,0.0
3981,0.0
3982,0.0
3983,0.0
3984,0.0
3985,0.0
3986,0.0
3987,0.0
3988,0.0
3989,0.0
3990,0.0
3991,0.0
3992,0.0
3993,0.0
3994,0.0
3995,0.0
3996,0.0
3997,0.0
3998,0.0
3999,0.0
4000,0.0
4001,0.0
4002,0.0
4003,0.0
4004,0.0
4005,0.0
4006,0.0
4007,0.0
4008,0.0
4009,0.0
4010,0.0
4011,0.0
4012,0.0
4013,0.0
4014,0.0
4015,0.0
4016,0.0
4017,0.0
4018,0.0
4019,0.0
4020,0.0
4021,0.0
4022,0.0
4023,0.0
4024,0.0
4025,0.0
4026,0.0
4027,0.0
4028,0.0
4029,0.0
4030,0.0
4031,0.0
4032,0.0
4033,0.0
4034,0.0
4035,0.0
4036,0.0
4037,0.0
4038,0.0
4039,0.0
4040,0.0
4041,0.0
4042,0.0
4043,0.0
4044,0.0
4045,0.0
4046,0.0
4047,0.0
4048,0.0
4049,0.0
4050,0.0
4051,0.0
4052,0.0
4053,0.0
4054,0.0
4055,0.0
4056,0.0
4057,0.0
4058,0.0
4059,0.0
4060,0.0
4061,0.0
4062,0.0
4063,0.0
4064,0.0
4065,0.0
4066,0.0
4067,0.0
4068,0.0
4069,0.0
4070,0.0
4071,0.0
4072,0.0
4073,0.0
4074,0.0
4075,0.0
4076,0.0
4077,0.0
4078,0.0
4079,0.0
4080,0.0
4081,0.0
4082,0.0
4083,0.0
4084,0.0
4085,0.0
4086,0.0
4087,0.0
4088,0.0
4089,0.0
4090,0.0
4091,0.0
4092,0.0
4093,0.0
4094,0.0
4095,0.0
4096,0.0
4097,0.0
4098,0.0
4099,0.0
4100,0.0
4101,0.0
4102,0.0
4103,0.0
4104,0.0
4105,0.0
4106,0.0
4107,0.0
4108,0.0
4109,0.0
4110,0.0
4111,0.0
4112,0.0
4113,0.0
4114,0.0
4115,0.0
4116,0.0
4117,0.0
4118,0.0
4119,0.0
4120,0.0
4121,0.0
4122,0.0
4123,0.0
4124,0.0
4125,0.0
4126,0.0
4127,0.0
4128,0.0
4129,0.0
4130,0.0
4131,0.0
4132,0.0
4133,0.0
4134,0.0
4135,0.0
4136,0.0
4137,0.0
4138,0.0
4139,0.0
4140,0.0
4141,0.0
4142,0.0
4143,0.0
4144,0.0
4145,0.0
4146,0.0
4147,0.0
4148,0.0
4149,0.0
4150,0.0
4151,0.0
4152,0.0
4153,0.0
4154,0.0
4155,0.0
4156,0.0
4157,0.0
4158,0.0
4159,0.0
4160,0.0
4161,0.0
4162,0.0
4163,0.0
4164,0.0
4165,0.0
4166,0.0
4167,0.0
4168,0.0
4169,0.0
4170,0.0
4171,0.0
4172,0.0
4173,0.0
4174,0.0
4175,0.0
4176,0.0
4177,0.0
4178,0.0
4179,0.0
4180,0.0
4181,0.0
4182,0.0
4183,0.0
4184,0.0
4185,0.0
4186,0.0
4187,0.0
4188,0.0
4189,0.0
4190,0.0
4191,0.0
4192,0.0
4193,0.0
4194,0.0
4195,0.0
4196,0.0
4197,0.0
4198,0.0
4199,0.0
4200,0.0
4201,0.0
4202,0.0
4203,0.0
4204,0.0
4205,0.0
4206,0.0
4207,0.0
4208,0.0
4209,0.0
4210,0.0
4211,0.0
4212,0.0
4213,0.0
4214,0.0
4215,0.0
4216,0.0
4217,0.0
4218,0.0
4219,0.0
4220,0.0
4221,0.0
4222,0.0
4223,0.0
4224,0.0
4225,0.0
4226,0.0
4227,0.0
4228,0.0
4229,0.0
4230,0.0
4231,0.0
4232,0.0
4233,0.0
4234,0.0
4235,0.0
4236,0.0
4237,0.0
4238,0.0
4239,0.0
4240,0.0
4241,0.0
4242,0.0
4243,0.0
4244,0.0
4245,0.0
4246,0.0
4247,0.0
4248,0.0
4249,0.0
4250,0.0
4251,0.0
4252,0.0
4253,0.0
4254,0.0
4255,0.0
4256,0.0
4257,0.0
4258,0.0
4259,0.0
4260,0.0
4261,0.0
4262,0.0
4263,0.0
4264,0.0
4265,0.0
4266,0.0
4267,0.0
4268,0.0
4269,0.0
4270,0.0
4271,0.0
4272,0.0
4273,0.0
4274,0.0
4275,0.0
4276,0.0
4277,0.0
4278,0.0
4279,0.0
4280,0.0
4281,0.0
4282,0.0
4283,0.0
4284,0.0
4285,0.0
4286,0.0
4287,0.0
4288,0.0
4289,0.0
4290,0.0
4291,0.0
4292,0.0
4293,0.0
4294,0.0
4295,0.0
4296,0.0
4297,0.0
4298,0.0
4299,0.0
4300,0.0
4301,0.0
4302,0.0
4303,0.0
4304,0.0
4305,0.0
4306,0.0
4307,0.0
4308,0.0
4309,0.0
4310,0.0
4311,0.0
4312,0.0
4313,0.0
4314,0.0
4315,0.0
4316,0.0
4317,0.0
4318,0.0
4319,0.0
4320,0.0
4321,0.0
4322,0.0
4323,0.0
4324,0.0
4325,0.0
4326,0.0
4327,0.0
4328,0.0
4329,0.0
4330,0.0
4331,0.0
4332,0.0
4333,0.0
4334,0.0
4335,0.0
4336,0.0
4337,0.0
4338,0.0
4339,0.0
4340,0.0
4341,0.0
4342,0.0
4343,0.0
4344,0.0
4345,0.0
4346,0.0
4347,0.0
4348,0.0
4349,0.0
4350,0.0
4351,0.0
4352,0.0
4353,0.0
4354,0.0
4355,0.0
4356,0.0
4357,0.0
4358,0.0
4359,0.0
4360,0.0
4361,0.0
4362,0.0
4363,0.0
4364,0.0
4365,0.0
4366,0.0
4367,0.0
4368,0.0
4369,0.0
4370,0.0
4371,0.0
4372,0.0
4373,0.0
4374,0.0
4375,0.0
4376,0.0
4377,0.0
4378,0.0
4379,0.0
4380,0.0
4381,0.0
4382,0.0
4383,0.0
4384,0.0
4385,0.0
4386,0.0
4387,0.0
4388,0.0
4389,0.0
4390,0.0
4391,0.0
4392,0.0
4393,0.0
4394,0.0
4395,0.0
4396,0.0
4397,0.0
4398,0.0
4399,0.0
4400,0.0
4401,0.0
4402,0.0
4403,0.0
4404,0.0
4405,0.0
4406,0.0
4407,0.0
4408,0.0
4409,0.0
4410,0.0
4411,0.0
4412,0.0
4413,0.0
4414,0.0
4415,0.0
4416,0.0
4417,0.0
4418,0.0
4419,0.0
4420,0.0
4421,0.0
4422,0.0
4423,0.0
4424,0.0
4425,0.0
4426,0.0
4427,0.0
4428,0.0
4429,0.0
4430,0.0
4431,0.0
4432,0.0
4433,0.0
4434,0.0
4435,0.0
4436,0.0
4437,0.0
4438,0.0
4439,0.0
4440,0.0
4441,0.0
4442,0.0
4443,0.0
4444,0.0
4445,0.0
4446,0.0
4447,0.0
4448,0.0
4449,0.0
4450,0.0
4451,0.0
4452,0.0
4453,0.0
4454,0.0
4455,0.0
4456,0.0
4457,0.0
4458,0.0
4459,0.0
4460,0.0
4461,0.0
4462,0.0
4463,0.0
4464,0.0
4465,0.0
4466,0.0
4467,0.0
4468,0.0
4469,0.0
4470,0.0
4471,0.0
4472,0.0
4473,0.0
4474,0.0
4475,0.0
4476,0.0
4477,0.0
4478,0.0
4479,0.0
4480,0.0
4481,0.0
4482,0.0
4483,0.0
4484,0.0
4485,0.0
4486,0.0
4487,0.0
4488,0.0
4489,0.0
4490,0.0
4491,0.0
4492,0.0
4493,0.0
4494,0.0
4495,0.0
4496,0.0
4497,0.0
4498,0.0
4499,0.0
4500,0.0
4501,0.0
4502,0.0
4503,0.0
4504,0.0
4505,0.0
4506,0.0
4507,0.0
4508,0.0
4509,0.0
4510,0.0
4511,0.0
4512,0.0
4513,0.0
4514,0.0
4515,0.0
4516,0.0
4517,0.0
4518,0.0
4519,0.0
4520,0.0
4521,0.0
4522,0.0
4523,0.0
4524,0.0
4525,0.0
4526,0.0
4527,0.0
4528,0.0
4529,0.0
4530,0.0
4531,0.0
4532,0.0
4533,0.0
4534,0.0
4535,0.0
4536,0.0
4537,0.0
4538,0.0
4539,0.0
4540,0.0
4541,0.0
4542,0.0
4543,0.0
4544,0.0
4545,0.0
4546,0.0
4547,0.0
4548,0.0
4549,0.0
4550,0.0
4551,0.0
4552,0.0
4553,0.0
4554,0.0
4555,0.0
4556,0.0
4557,0.0
4558,0.0
4559,0.0
4560,0.0
4561,0.0
4562,0.0
4563,0.0
4564,0.0
4565,0.0
4566,0.0
4567,0.0
4568,0.0
4569,0.0
4570,0.0
4571,0.0
4572,0.0
4573,0.0
4574,0.0
4575,0.0
4576,0.0
4577,0.0
4578,0.0
4579,0.0
4580,0.0
4581,0.0
4582,0.0
4583,0.0
4584,0.0
4585,0.0
4586,0.0
4587,0.0
4588,0.0
4589,0.0
4590,0.0
4591,0.0
4592,0.0
4593,0.0
4594,0.0
4595,0.0
4596,0.0
4597,0.0
4598,0.0
4599,0.0
4600,0.0
4601,0.0
4602,0.0
4603,0.0
4604,0.0
4605,0.0
4606,0.0
4607,0.0
4608,0.0
4609,0.0
4610,0.0
4611,0.0
4612,0.0
4613,0.0
4614,0.0
4615,0.0
4616,0.0
4617,0.0
4618,0.0
4619,0.0
4620,0.0
4621,0.0
4622,0.0
4623,0.0
4624,0.0
4625,0.0
4626,0.0
4627,0.0
4628,0.0
4629,0.0
4630,0.0
4631,0.0
4632,0.0
4633,0.0
4634,0.0
4635,0.0
4636,0.0
4637,0.0
4638,0.0
4639,0.0
4640,0.0
4641,0.0
4642,0.0
4643,0.0
4644,0.0
4645,0.0
4646,0.0
4647,0.0
4648,0.0
4649,0.0
4650,0.0
4651,0.0
4652,0.0
4653,0.0
4654,0.0
4655,0.0
4656,0.0
4657,0.0
4658,0.0
4659,0.0
4660,0.0
4661,0.0
4662,0.0
4663,0.0
4664,0.0
4665,0.0
4666,0.0
4667,0.0
4668,0.0
4669,0.0
4670,0.0
4671,0.0
4672,0.0
4673,0.0
4674,0.0
4675,0.0
4676,0.0
4677,0.0
4678,0.0
4679,0.0
4680,0.0
4681,0.0
4682,0.0
4683,0.0
4684,0.0
4685,0.0
4686,0.0
4687,0.0
4688,0.0
4689,0.0
4690,0.0
4691,0.0
4692,0.0
4693,0.0
4694,0.0
4695,0.0
4696,0.0
4697,0.0
4698,0.0
4699,0.0
4700,0.0
4701,0.0
4702,0.0
4703,0.0
4704,0.0
4705,0.0
4706,0.0
4707,0.0
4708,0.0
4709,0.0
4710,0.0
4711,0.0
4712,0.0
4713,0.0
4714,0.0
4715,0.0
4716,0.0
4717,0.0
4718,0.0
4719,0.0
4720,0.0
4721,0.0
4722,0.0
4723,0.0
4724,0.0
4725,0.0
4726,0.0
4727,0.0
4728,0.0
4729,0.0
4730,0.0
4731,0.0
4732,0.0
4733,0.0
4734,0.0
4735,0.0
4736,0.0
4737,0.0
4738,0.0
4739,0.0
4740,0.0
4741,0.0
4742,0.0
4743,0.0
4744,0.0
4745,0.0
4746,0.0
4747,0.0
4748,0.0
4749,0.0
4750,0.0
4751,0.0
4752,0.0
4753,0.0
4754,0.0
4755,0.0
4756,0.0
4757,0.0
4758,0.0
4759,0.0
4760,0.0
4761,0.0
4762,0.0
4763,0.0
4764,0.0
4765,0.0
4766,0.0
4767,0.0
4768,0.0
4769,0.0
4770,0.0
4771,0.0
4772,0.0
4773,0.0
4774,0.0
4775,0.0
4776,0.0
4777,0.0
4778,0.0
4779,0.0
4780,0.0
4781,0.0
4782,0.0
4783,0.0
4784,0.0
4785,0.0
4786,0.0
4787,0.0
4788,0.0
4789,0.0
4790,0.0
4791,0.0
4792,0.0
4793,0.0
4794,0.0
4795,0.0
4796,0.0
4797,0.0
4798,0.0
4799,0.0
4800,0.0
4801,0.0
4802,0.0
4803,0.0
4804,0.0
4805,0.0
4806,0.0
4807,0.0
4808,0.0
4809,0.0
4810,0.0
4811,0.0
4812,0.0
4813,0.0
4814,0.0
4815,0.0
4816,0.0
4817,0.0
4818,0.0
4819,0.0
4820,0.0
4821,0.0
4822,0.0
4823,0.0
4824,0.0
4825,0.0
4826,0.0
4827,0.0
4828,0.0
4829,0.0
4830,0.0
4831,0.0
4832,0.0
4833,0.0
4834,0.0
4835,0.0
4836,0.0
4837,0.0
4838,0.0
4839,0.0
4840,0.0
4841,0.0
4842,0.0
4843,0.0
4844,0.0
4845,0.0
4846,0.0
4847,0.0
4848,0.0
4849,0.0
4850,0.0
4851,0.0
4852,0.0
4853,0.0
4854,0.0
4855,0.0
4856,0.0
4857,0.0
4858,0.0
4859,0.0
4860,0.0
4861,0.0
4862,0.0
4863,0.0
4864,0.0
4865,0.0
4866,0.0
4867,0.0
4868,0.0
4869,0.0
4870,0.0
4871,0.0
4872,0.0
4873,0.0
4874,0.0
4875,0.0
4876,0.0
4877,0.0
4878,0.0
4879,0.0
4880,0.0
4881,0.0
4882,0.0
4883,0.0
4884,0.0
4885,0.0
4886,0.0
4887,0.0
4888,0.0
4889,0.0
4890,0.0
4891,0.0
4892,0.0
4893,0.0
4894,0.0
4895,0.0
4896,0.0
4897,0.0
4898,0.0
4899,0.0
4900,0.0
4901,0.0
4902,0.0
4903,0.0
4904,0.0
4905,0.0
4906,0.0
4907,0.0
4908,0.0
4909,0.0
4910,0.0
4911,0.0
4912,0.0
4913,0.0
4914,0.0
4915,0.0
4916,0.0
4917,0.0
4918,0.0
4919,0.0
4920,0.0
4921,0.0
4922,0.0
4923,0.0
4924,0.0
4925,0.0
4926,0.0
4927,0.0
4928,0.0
4929,0.0
4930,0.0
4931,0.0
4932,0.0
4933,0.0
4934,0.0
4935,0.0
4936,0.0
4937,0.0
4938,0.0
4939,0.0
4940,0.0
4941,0.0
4942,0.0
4943,0.0
4944,0.0
4945,0.0
4946,0.0
4947,0.0
4948,0.0
4949,0.0
4950,0.0
4951,0.0
4952,0.0
4953,0.0
4954,0.0
4955,0.0
4956,0.0
4957,0.0
4958,0.0
4959,0.0
4960,0.0
4961,0.0
4962,0.0
4963,0.0
4964,0.0
4965,0.0
4966,0.0
4967,0.0
4968,0.0
4969,0.0
4970,0.0
4971,0.0
4972,0.0
4973,0.0
4974,0.0
4975,0.0
4976,0.0
4977,0.0
4978,0.0
4979,0.0
4980,0.0
4981,0.0
4982,0.0
4983,0.0
4984,0.0
4985,0.0
4986,0.0
4987,0.0
4988,0.0
4989,0.0
4990,0.0
4991,0.0
4992,0.0
4993,0.0
4994,0.0
4995,0.0
4996,0.0
4997,0.0
4998,0.0
4999,0.0
5000,0.0
5001,0.0
5002,0.0
5003,0.0
5004,0.0
5005,0.0
5006,0.0
5007,0.0
5008,0.0
5009,0.0
5010,0.0
5011,0.0
5012,0.0
5013,0.0
5014,0.0
5015,0.0
5016,0.0
5017,0.0
5018,0.0
5019,0.0
5020,0.0
5021,0.0
5022,0.0
5023,0.0
5024,0.0
5025,0.0
5026,0.0
5027,0.0
5028,0.0
5029,0.0
5030,0.0
5031,0.0
5032,0.0
5033,0.0
5034,0.0
5035,0.0
5036,0.0
5037,0.0
5038,0.0
5039,0.0
5040,0.0
5041,0.0
5042,0.0
5043,0.0
5044,0.0
5045,0.0
5046,0.0
5047,0.0
5048,0.0
5049,0.0
5050,0.0
5051,0.0
5052,0.0
5053,0.0
5054,0.0
5055,0.0
5056,0.0
5057,0.0
5058,0.0
5059,0.0
5060,0.0
5061,0.0
5062,0.0
5063,0.0
5064,0.0
5065,0.0
5066,0.0
5067,0.0
5068,0.0
5069,0.0
5070,0.0
5071,0.0
5072,0.0
5073,0.0
5074,0.0
5075,0.0
5076,0.0
5077,0.0
5078,0.0
5079,0.0
5080,0.0
5081,0.0
5082,0.0
5083,0.0
5084,0.0
5085,0.0
5086,0.0
5087,0.0
5088,0.0
5089,0.0
5090,0.0
5091,0.0
5092,0.0
5093,0.0
5094,0.0
5095,0.0
5096,0.0
5097,0.0
5098,0.0
5099,0.0
5100,0.0
5101,0.0
5102,0.0
5103,0.0
5104,0.0
5105,0.0
5106,0.0
5107,0.0
5108,0.0
5109,0.0
5110,0.0
5111,0.0
5112,0.0
5113,0.0
5114,0.0
5115,0.0
5116,0.0
5117,0.0
5118,0.0
5119,0.0
5120,0.0
5121,0.0
5122,0.0
5123,0.0
5124,0.0
5125,0.0
5126,0.0
5127,0.0
5128,0.0
5129,0.0
5130,0.0
5131,0.0
5132,0.0
5133,0.0
5134,0.0
5135,0.0
5136,0.0
5137,0.0
5138,0.0
5139,0.0
5140,0.0
5141,0.0
5142,0.0
5143,0.0
5144,0.0
5145,0.0
5146,0.0
5147,0.0
5148,0.0
5149,0.0
5150,0.0
5151,0.0
5152,0.0
5153,0.0
5154,0.0
5155,0.0
5156,0.0
5157,0.0
5158,0.0
5159,0.0
5160,0.0
5161,0.0
5162,0.0
5163,0.0
5164,0.0
5165,0.0
5166,0.0
5167,0.0
5168,0.0
5169,0.0
5170,0.0
5171,0.0
5172,0.0
5173,0.0
5174,0.0
5175,0.0
5176,0.0
5177,0.0
5178,0.0
5179,0.0
5180,0.0
5181,0.0
5182,0.0
5183,0.0
5184,0.0
5185,0.0
5186,0.0
5187,0.0
5188,0.0
5189,0.0
5190,0.0
5191,0.0
5192,0.0
5193,0.0
5194,0.0
5195,0.0
5196,0.0
5197,0.0
5198,0.0
5199,0.0
5200,0.0
5201,0.0
5202,0.0
5203,0.0
5204,0.0
5205,0.0
5206,0.0
5207,0.0
5208,0.0
5209,0.0
5210,0.0
5211,0.0
5212,0.0
5213,0.0
5214,0.0
5215,0.0
5216,0.0
5217,0.0
5218,0.0
5219,0.0
5220,0.0
5221,0.0
5222,0.0
5223,0.0
5224,0.0
5225,0.0
5226,0.0
5227,0.0
5228,0.0
5229,0.0
5230,0.0
5231,0.0
5232,0.0
5233,0.0
5234,0.0
5235,0.0
5236,0.0
5237,0.0
5238,0.0
5239,0.0
5240,0.0
5241,0.0
5242,0.0
5243,0.0
5244,0.0
5245,0.0
5246,0.0
5247,0.0
5248,0.0
5249,0.0
5250,0.0
5251,0.0
5252,0.0
5253,0.0
5254,0.0
5255,0.0
5256,0.0
5257,0.0
5258,0.0
5259,0.0
5260,0.0
5261,0.0
5262,0.0
5263,0.0
5264,0.0
5265,0.0
5266,0.0
5267,0.0
5268,0.0
5269,0.0
5270,0.0
5271,0.0
5272,0.0
5273,0.0
5274,0.0
5275,0.0
5276,0.0
5277,0.0
5278,0.0
5279,0.0
5280,0.0
5281,0.0
5282,0.0
5283,0.0
5284,0.0
5285,0.0
5286,0.0
5287,0.0
5288,0.0
5289,0.0
5290,0.0
5291,0.0
5292,0.0
5293,0.0
5294,0.0
5295,0.0
5296,0.0
5297,0.0
5298,0.0
5299,0.0
5300,0.0
5301,0.0
5302,0.0
5303,0.0
5304,0.0
5305,0.0
5306,0.0
5307,0.0
5308,0.0
5309,0.0
5310,0.0
5311,0.0
5312,0.0
5313,0.0
5314,0.0
5315,0.0
5316,0.0
5317,0.0
5318,0.0
5319,0.0
5320,0.0
5321,0.0
5322,0.0
5323,0.0
5324,0.0
5325,0.0
5326,0.0
5327,0.0
5328,0.0
5329,0.0
5330,0.0
5331,0.0
5332,0.0
5333,0.0
5334,0.0
5335,0.0
5336,0.0
5337,0.0
5338,0.0
5339,0.0
5340,0.0
5341,0.0
5342,0.0
5343,0.0
5344,0.0
5345,0.0
5346,0.0
5347,0.0
5348,0.0
5349,0.0
5350,0.0
5351,0.0
5352,0.0
5353,0.0
5354,0.0
5355,0.0
5356,0.0
5357,0.0
5358,0.0
5359,0.0
5360,0.0
5361,0.0
5362,0.0
5363,0.0
5364,0.0
5365,0.0
5366,0.0
5367,0.0
5368,0.0
5369,0.0
5370,0.0
5371,0.0
5372,0.0
5373,0.0
5374,0.0
5375,0.0
5376,0.0
5377,0.0
5378,0.0
5379,0.0
5380,0.0
5381,0.0
5382,0.0
5383,0.0
5384,0.0
5385,0.0
5386,0.0
5387,0.0
5388,0.0
5389,0.0
5390,0.0
5391,0.0
5392,0.0
5393,0.0
5394,0.0
5395,0.0
5396,0.0
5397,0.0
5398,0.0
5399,0.0
5400,0.0
5401,0.0
5402,0.0
5403,0.0
5404,0.0
5405,0.0
5406,0.0
5407,0.0
5408,0.0
5409,0.0
5410,0.0
5411,0.0
5412,0.0
5413,0.0
5414,0.0
5415,0.0
5416,0.0
5417,0.0
5418,0.0
5419,0.0
5420,0.0
5421,0.0
5422,0.0
5423,0.0
5424,0.0
5425,0.0
5426,0.0
5427,0.0
5428,0.0
5429,0.0
5430,0.0
5431,0.0
5432,0.0
5433,0.0
5434,0.0
5435,0.0
5436,0.0
5437,0.0
5438,0.0
5439,0.0
5440,0.0
5441,0.0
5442,0.0
5443,0.0
5444,0.0
5445,0.0
5446,0.0
5447,0.0
5448,0.0
5449,0.0
5450,0.0
5451,0.0
5452,0.0
5453,0.0
5454,0.0
5455,0.0
5456,0.0
5457,0.0
5458,0.0
5459,0.0
5460,0.0
5461,0.0
5462,0.0
5463,0.0
5464,0.0
5465,0.0
5466,0.0
5467,0.0
5468,0.0
5469,0.0
5470,0.0
5471,0.0
5472,0.0
5473,0.0
5474,0.0
5475,0.0
5476,0.0
5477,0.0
5478,0.0
5479,0.0
5480,0.0
5481,0.0
5482,0.0
5483,0.0
5484,0.0
5485,0.0
5486,0.0
5487,0.0
5488,0.0
5489,0.0
5490,0.0
5491,0.0
5492,0.0
5493,0.0
5494,0.0
5495,0.0
5496,0.0
5497,0.0
5498,0.0
5499,0.0
5500,0.0
5501,0.0
5502,0.0
5503,0.0
5504,0.0
5505,0.0
5506,0.0
5507,0.0
5508,0.0
5509,0.0
5510,0.0
5511,0.0
5512,0.0
5513,0.0
5514,0.0
5515,0.0
5516,0.0
5517,0.0
5518,0.0
5519,0.0
5520,0.0
5521,0.0
5522,0.0
5523,0.0
5524,0.0
5525,0.0
5526,0.0
5527,0.0
5528,0.0
5529,0.0
5530,0.0
5531,0.0
5532,0.0
5533,0.0
5534,0.0
5535,0.0
5536,0.0
5537,0.0
5538,0.0
5539,0.0
5540,0.0
5541,0.0
5542,0.0
5543,0.0
5544,0.0
5545,0.0
5546,0.0
5547,0.0
5548,0.0
5549,0.0
5550,0.0
5551,0.0
5552,0.0
5553,0.0
5554,0.0
5555,0.0
5556,0.0
5557,0.0
5558,0.0
5559,0.0
5560,0.0
5561,0.0
5562,0.0
5563,0.0
5564,0.0
5565,0.0
5566,0.0
5567,0.0
5568,0.0
5569,0.0
5570,0.0
5571,0.0
5572,0.0
5573,0.0
5574,0.0
5575,0.0
5576,0.0
5577,0.0
5578,0.0
5579,0.0
5580,0.0
5581,0.0
5582,0.0
5583,0.0
5584,0.0
5585,0.0
5586,0.0
5587,0.0
5588,0.0
5589,0.0
5590,0.0
5591,0.0
5592,0.0
5593,0.0
5594,0.0
5595,0.0
5596,0.0
5597,0.0
5598,0.0
5599,0.0
5600,0.0
5601,0.0
5602,0.0
5603,0.0
5604,0.0
5605,0.0
5606,0.0
5607,0.0
5608,0.0
5609,0.0
5610,0.0
5611,0.0
5612,0.0
5613,0.0
5614,0.0
5615,0.0
5616,0.0
5617,0.0
5618,0.0
5619,0.0
5620,0.0
5621,0.0
5622,0.0
5623,0.0
5624,0.0
5625,0.0
5626,0.0
5627,0.0
5628,0.0
5629,0.0
5630,0.0
5631,0.0
5632,0.0
5633,0.0
5634,0.0
5635,0.0
5636,0.0
5637,0.0
5638,0.0
5639,0.0
5640,0.0
5641,0.0
5642,0.0
5643,0.0
5644,0.0
5645,0.0
5646,0.0
5647,0.0
5648,0.0
5649,0.0
5650,0.0
5651,0.0
5652,0.0
5653,0.0
5654,0.0
5655,0.0
5656,0.0
5657,0.0
5658,0.0
5659,0.0
5660,0.0
5661,0.0
5662,0.0
5663,0.0
5664,0.0
5665,0.0
5666,0.0
5667,0.0
5668,0.0
5669,0.0
5670,0.0
5671,0.0
5672,0.0
5673,0.0
5674,0.0
5675,0.0
5676,0.0
5677,0.0
5678,0.0
5679,0.0
5680,0.0
5681,0.0
5682,0.0
5683,0.0
5684,0.0
5685,0.0
5686,0.0
5687,0.0
5688,0.0
5689,0.0
5690,0.0
5691,0.0
5692,0.0
5693,0.0
5694,0.0
5695,0.0
5696,0.0
5697,0.0
5698,0.0
5699,0.0
5700,0.0
5701,0.0
5702,0.0
5703,0.0
5704,0.0
5705,0.0
5706,0.0
5707,0.0
5708,0.0
5709,0.0
5710,0.0
5711,0.0
5712,0.0
5713,0.0
5714,0.0
5715,0.0
5716,0.0
5717,0.0
5718,0.0
5719,0.0
5720,0.0
5721,0.0
5722,0.0
5723,0.0
5724,0.0
5725,0.0
5726,0.0
5727,0.0
5728,0.0
5729,0.0
5730,0.0
5731,0.0
5732,0.0
5733,0.0
5734,0.0
5735,0.0
5736,0.0
5737,0.0
5738,0.0
5739,0.0
5740,0.0
5741,0.0
5742,0.0
5743,0.0
5744,0.0
5745,0.0
5746,0.0
5747,0.0
5748,0.0
5749,0.0
5750,0.0
5751,0.0
5752,0.0
5753,0.0
5754,0.0
5755,0.0
5756,0.0
5757,0.0
5758,0.0
5759,0.0
5760,0.0
5761,0.0
5762,0.0
5763,0.0
5764,0.0
5765,0.0
5766,0.0
5767,0.0
5768,0.0
5769,0.0
5770,0.0
5771,0.0
5772,0.0
5773,0.0
5774,0.0
5775,0.0
5776,0.0
5777,0.0
5778,0.0
5779,0.0
5780,0.0
5781,0.0
5782,0.0
5783,0.0
5784,0.0
5785,0.0
5786,0.0
5787,0.0
5788,0.0
5789,0.0
5790,0.0
5791,0.0
5792,0.0
5793,0.0
5794,0.0
5795,0.0
5796,0.0
5797,0.0
5798,0.0
5799,0.0
5800,0.0
5801,0.0
5802,0.0
5803,0.0
5804,0.0
5805,0.0
5806,0.0
5807,0.0
5808,0.0
5809,0.0
5810,0.0
5811,0.0
5812,0.0
5813,0.0
5814,0.0
5815,0.0
5816,0.0
5817,0.0
5818,0.0
5819,0.0
5820,0.0
5821,0.0
5822,0.0
5823,0.0
5824,0.0
5825,0.0
5826,0.0
5827,0.0
5828,0.0
5829,0.0
5830,0.0
5831,0.0
5832,0.0
5833,0.0
5834,0.0
5835,0.0
5836,0.0
5837,0.0
5838,0.0
5839,0.0
5840,0.0
5841,0.0
5842,0.0
5843,0.0
5844,0.0
5845,0.0
5846,0.0
5847,0.0
5848,0.0
5849,0.0
5850,0.0
5851,0.0
5852,0.0
5853,0.0
5854,0.0
5855,0.0
5856,0.0
5857,0.0
5858,0.0
5859,0.0
5860,0.0
5861,0.0
5862,0.0
5863,0.0
5864,0.0
5865,0.0
5866,0.0
5867,0.0
5868,0.0
5869,0.0
5870,0.0
5871,0.0
5872,0.0
5873,0.0
5874,0.0
5875,0.0
5876,0.0
5877,0.0
5878,0.0
5879,0.0
5880,0.0
5881,0.0
5882,0.0
5883,0.0
5884,0.0
5885,0.0
5886,0.0
5887,0.0
5888,0.0
5889,0.0
5890,0.0
5891,0.0
5892,0.0
5893,0.0
5894,0.0
5895,0.0
5896,0.0
5897,0.0
5898,0.0
5899,0.0
5900,0.0
5901,0.0
5902,0.0
5903,0.0
5904,0.0
5905,0.0
5906,0.0
5907,0.0
5908,0.0
5909,0.0
5910,0.0
5911,0.0
5912,0.0
5913,0.0
5914,0.0
5915,0.0
5916,0.0
5917,0.0
5918,0.0
5919,0.0
5920,0.0
5921,0.0
5922,0.0
5923,0.0
5924,0.0
5925,0.0
5926,0.0
5927,0.0
5928,0.0
5929,0.0
5930,0.0
5931,0.0
5932,0.0
5933,0.0
5934,0.0
5935,0.0
5936,0.0
5937,0.0
5938,0.0
5939,0.0
5940,0.0
5941,0.0
5942,0.0
5943,0.0
5944,0.0
5945,0.0
5946,0.0
5947,0.0
5948,0.0
5949,0.0
5950,0.0
5951,0.0
5952,0.0
5953,0.0
5954,0.0
5955,0.0
5956,0.0
5957,0.0
5958,0.0
5959,0.0
5960,0.0
5961,0.0
5962,0.0
5963,0.0
5964,0.0
5965,0.0
5966,0.0
5967,0.0
5968,0.0
5969,0.0
5970,0.0
5971,0.0
5972,0.0
5973,0.0
5974,0.0
5975,0.0
5976,0.0
5977,0.0
5978,0.0
5979,0.0
5980,0.0
5981,0.0
5982,0.0
5983,0.0
5984,0.0
5985,0.0
5986,0.0
5987,0.0
5988,0.0
5989,0.0
5990,0.0
5991,0.0
5992,0.0
5993,0.0
5994,0.0
5995,0.0
5996,0.0
5997,0.0
5998,0.0
5999,0.0
6000,0.0
6001,0.0
6002,0.0
6003,0.0
6004,0.0
6005,0.0
6006,0.0
6007,0.0
6008,0.0
6009,0.0
6010,0.0
6011,0.0
6012,0.0
6013,0.0
6014,0.0
6015,0.0
6016,0.0
6017,0.0
6018,0.0
6019,0.0
6020,0.0
6021,0.0
6022,0.0
6023,0.0
6024,0.0
6025,0.0
6026,0.0
6027,0.0
6028,0.0
6029,0.0
6030,0.0
6031,0.0
6032,0.0
6033,0.0
6034,0.0
6035,0.0
6036,0.0
6037,0.0
6038,0.0
6039,0.0
6040,0.0
6041,0.0
6042,0.0
6043,0.0
6044,0.0
6045,0.0
6046,0.0
6047,0.0
6048,0.0
6049,0.0
6050,0.0
6051,0.0
6052,0.0
6053,0.0
6054,0.0
6055,0.0
6056,0.0
6057,0.0
6058,0.0
6059,0.0
6060,0.0
6061,0.0
6062,0.0
6063,0.0
6064,0.0
6065,0.0
6066,0.0
6067,0.0
6068,0.0
6069,0.0
6070,0.0
6071,0.0
6072,0.0
6073,0.0
6074,0.0
6075,0.0
6076,0.0
6077,0.0
6078,0.0
6079,0.0
6080,0.0
6081,0.0
6082,0.0
6083,0.0
6084,0.0
6085,0.0
6086,0.0
6087,0.0
6088,0.0
6089,0.0
6090,0.0
6091,0.0
6092,0.0
6093,0.0
6094,0.0
6095,0.0
6096,0.0
6097,0.0
6098,0.0
6099,0.0
6100,0.0
6101,0.0
6102,0.0
6103,0.0
6104,0.0
6105,0.0
6106,0.0
6107,0.0
6108,0.0
6109,0.0
6110,0.0
6111,0.0
6112,0.0
6113,0.0
6114,0.0
6115,0.0
6116,0.0
6117,0.0
6118,0.0
6119,0.0
6120,0.0
6121,0.0
6122,0.0
6123,0.0
6124,0.0
6125,0.0
6126,0.0
6127,0.0
6128,0.0
6129,0.0
6130,0.0
6131,0.0
6132,0.0
6133,0.0
6134,0.0
6135,0.0
6136,0.0
6137,0.0
6138,0.0
6139,0.0
6140,0.0
6141,0.0
6142,0.0
6143,0.0
6144,0.0
6145,0.0
6146,0.0
6147,0.0
6148,0.0
6149,0.0
6150,0.0
6151,0.0
6152,0.0
6153,0.0
6154,0.0
6155,0.0
6156,0.0
6157,0.0
6158,0.0
6159,0.0
6160,0.0
6161,0.0
6162,0.0
6163,0.0
6164,0.0
6165,0.0
6166,0.0
6167,0.0
6168,0.0
6169,0.0
6170,0.0
6171,0.0
6172,0.0
6173,0.0
6174,0.0
6175,0.0
6176,0.0
6177,0.0
6178,0.0
6179,0.0
6180,0.0
6181,0.0
6182,0.0
6183,0.0
6184,0.0
6185,0.0
6186,0.0
6187,0.0
6188,0.0
6189,0.0
6190,0.0
6191,0.0
6192,0.0
6193,0.0
6194,0.0
6195,0.0
6196,0.0
6197,0.0
6198,0.0
6199,0.0
6200,0.0
6201,0.0
6202,0.0
6203,0.0
6204,0.0
6205,0.0
6206,0.0
6207,0.0
6208,0.0
6209,0.0
6210,0.0
6211,0.0
6212,0.0
6213,0.0
6214,0.0
6215,0.0
6216,0.0
6217,0.0
6218,0.0
6219,0.0
6220,0.0
6221,0.0
6222,0.0
6223,0.0
6224,0.0
6225,0.0
6226,0.0
6227,0.0
6228,0.0
6229,0.0
6230,0.0
6231,0.0
6232,0.0
6233,0.0
6234,0.0
6235,0.0
6236,0.0
6237,0.0
6238,0.0
6239,0.0
6240,0.0
6241,0.0
6242,0.0
6243,0.0
6244,0.0
6245,0.0
6246,0.0
6247,0.0
6248,0.0
6249,0.0
6250,0.0
6251,0.0
6252,0.0
6253,0.0
6254,0.0
6255,0.0
6256,0.0
6257,0.0
6258,0.0
6259,0.0
6260,0.0
6261,0.0
6262,0.0
6263,0.0
6264,0.0
6265,0.0
6266,0.0
6267,0.0
6268,0.0
6269,0.0
6270,0.0
6271,0.0
6272,0.0
6273,0.0
6274,0.0
6275,0.0
6276,0.0
6277,0.0
6278,0.0
6279,0.0
6280,0.0
6281,0.0
6282,0.0
6283,0.0
6284,0.0
6285,0.0
6286,0.0
6287,0.0
6288,0.0
6289,0.0
6290,0.0
6291,0.0
6292,0.0
6293,0.0
6294,0.0
6295,0.0
6296,0.0
6297,0.0
6298,0.0
6299,0.0
6300,0.0
6301,0.0
6302,0.0
6303,0.0
6304,0.0
6305,0.0
6306,0.0
6307,0.0
6308,0.0
6309,0.0
6310,0.0
6311,0.0
6312,0.0
6313,0.0
6314,0.0
6315,0.0
6316,0.0
6317,0.0
6318,0.0
6319,0.0
6320,0.0
6321,0.0
6322,0.0
6323,0.0
6324,0.0
6325,0.0
6326,0.0
6327,0.0
6328,0.0
6329,0.0
6330,0.0
6331,0.0
6332,0.0
6333,0.0
6334,0.0
6335,0.0
6336,0.0
6337,0.0
6338,0.0
6339,0.0
6340,0.0
6341,0.0
6342,0.0
6343,0.0
6344,0.0
6345,0.0
6346,0.0
6347,0.0
6348,0.0
6349,0.0
6350,0.0
6351,0.0
6352,0.0
6353,0.0
6354,0.0
6355,0.0
6356,0.0
6357,0.0
6358,0.0
6359,0.0
6360,0.0
6361,0.0
6362,0.0
6363,0.0
6364,0.0
6365,0.0
6366,0.0
6367,0.0
6368,0.0
6369,0.0
6370,0.0
6371,0.0
6372,0.0
6373,0.0
6374,0.0
6375,0.0
6376,0.0
6377,0.0
6378,0.0
6379,0.0
6380,0.0
6381,0.0
6382,0.0
6383,0.0
6384,0.0
6385,0.0
6386,0.0
6387,0.0
6388,0.0
6389,0.0
6390,0.0
6391,0.0
6392,0.0
6393,0.0
6394,0.0
6395,0.0
6396,0.0
6397,0.0
6398,0.0
6399,0.0
6400,0.0
6401,0.0
6402,0.0
6403,0.0
6404,0.0
6405,0.0
6406,0.0
6407,0.0
6408,0.0
6409,0.0
6410,0.0
6411,0.0
6412,0.0
6413,0.0
6414,0.0
6415,0.0
6416,0.0
6417,0.0
6418,0.0
6419,0.0
6420,0.0
6421,0.0
6422,0.0
6423,0.0
6424,0.0
6425,0.0
6426,0.0
6427,0.0
6428,0.0
6429,0.0
6430,0.0
6431,0.0
6432,0.0
6433,0.0
6434,0.0
6435,0.0
6436,0.0
6437,0.0
6438,0.0
6439,0.0
6440,0.0
6441,0.0
6442,0.0
6443,0.0
6444,0.0
6445,0.0
6446,0.0
6447,0.0
6448,0.0
6449,0.0
6450,0.0
6451,0.0
6452,0.0
6453,0.0
6454,0.0
6455,0.0
6456,0.0
6457,0.0
6458,0.0
6459,0.0
6460,0.0
6461,0.0
6462,0.0
6463,0.0
6464,0.0
6465,0.0
6466,0.0
6467,0.0
6468,0.0
6469,0.0
6470,0.0
6471,0.0
6472,0.0
6473,0.0
6474,0.0
6475,0.0
6476,0.0
6477,0.0
6478,0.0
6479,0.0
6480,0.0
6481,0.0
6482,0.0
6483,0.0
6484,0.0
6485,0.0
6486,0.0
6487,0.0
6488,0.0
6489,0.0
6490,0.0
6491,0.0
6492,0.0
6493,0.0
6494,0.0
6495,0.0
6496,0.0
6497,0.0
6498,0.0
6499,0.0
6500,0.0
6501,0.0
6502,0.0
6503,0.0
6504,0.0
6505,0.0
6506,0.0
6507,0.0
6508,0.0
6509,0.0
6510,0.0
6511,0.0
6512,0.0
6513,0.0
6514,0.0
6515,0.0
6516,0.0
6517,0.0
6518,0.0
6519,0.0
6520,0.0
6521,0.0
6522,0.0
6523,0.0
6524,0.0
6525,0.0
6526,0.0
6527,0.0
6528,0.0
6529,0.0
6530,0.0
6531,0.0
6532,0.0
6533,0.0
6534,0.0
6535,0.0
6536,0.0
6537,0.0
6538,0.0
6539,0.0
6540,0.0
6541,0.0
6542,0.0
6543,0.0
6544,0.0
6545,0.0
6546,0.0
6547,0.0
6548,0.0
6549,0.0
6550,0.0
6551,0.0
6552,0.0
6553,0.0
6554,0.0
6555,0.0
6556,0.0
6557,0.0
6558,0.0
6559,0.0
6560,0.0
6561,0.0
6562,0.0
6563,0.0
6564,0.0
6565,0.0
6566,0.0
6567,0.0
6568,0.0
6569,0.0
6570,0.0
6571,0.0
6572,0.0
6573,0.0
6574,0.0
6575,0.0
6576,0.0
6577,0.0
6578,0.0
6579,0.0
6580,0.0
6581,0.0
6582,0.0
6583,0.0
6584,0.0
6585,0.0
6586,0.0
6587,0.0
6588,0.0
6589,0.0
6590,0.0
6591,0.0
6592,0.0
6593,0.0
6594,0.0
6595,0.0
6596,0.0
6597,0.0
6598,0.0
6599,0.0
6600,0.0
6601,0.0
6602,0.0
6603,0.0
6604,0.0
6605,0.0
6606,0.0
6607,0.0
6608,0.0
6609,0.0
6610,0.0
6611,0.0
6612,0.0
6613,0.0
6614,0.0
6615,0.0
6616,0.0
6617,0.0
6618,0.0
6619,0.0
6620,0.0
6621,0.0
6622,0.0
6623,0.0
6624,0.0
6625,0.0
6626,0.0
6627,0.0
6628,0.0
6629,0.0
6630,0.0
6631,0.0
6632,0.0
6633,0.0
6634,0.0
6635,0.0
6636,0.0
6637,0.0
6638,0.0
6639,0.0
6640,0.0
6641,0.0
6642,0.0
6643,0.0
6644,0.0
6645,0.0
6646,0.0
6647,0.0
6648,0.0
6649,0.0
6650,0.0
6651,0.0
6652,0.0
6653,0.0
6654,0.0
6655,0.0
6656,0.0
6657,0.0
6658,0.0
6659,0.0
6660,0.0
6661,0.0
6662,0.0
6663,0.0
6664,0.0
6665,0.0
6666,0.0
6667,0.0
6668,0.0
6669,0.0
6670,0.0
6671,0.0
6672,0.0
6673,0.0
6674,0.0
6675,0.0
6676,0.0
6677,0.0
6678,0.0
6679,0.0
6680,0.0
6681,0.0
6682,0.0
6683,0.0
6684,0.0
6685,0.0
6686,0.0
6687,0.0
6688,0.0
6689,0.0
6690,0.0
6691,0.0
6692,0.0
6693,0.0
6694,0.0
6695,0.0
6696,0.0
6697,0.0
6698,0.0
6699,0.0
6700,0.0
6701,0.0
6702,0.0
6703,0.0
6704,0.0
6705,0.0
6706,0.0
6707,0.0
6708,0.0
6709,0.0
6710,0.0
6711,0.0
6712,0.0
6713,0.0
6714,0.0
6715,0.0
6716,0.0
6717,0.0
6718,0.0
6719,0.0
6720,0.0
6721,0.0
6722,0.0
6723,0.0
6724,0.0
6725,0.0
6726,0.0
6727,0.0
6728,0.0
6729,0.0
6730,0.0
6731,0.0
6732,0.0
6733,0.0
6734,0.0
6735,0.0
6736,0.0
6737,0.0
6738,0.0
6739,0.0
6740,0.0
6741,0.0
6742,0.0
6743,0.0
6744,0.0
6745,0.0
6746,0.0
6747,0.0
6748,0.0
6749,0.0
6750,0.0
6751,0.0
6752,0.0
6753,0.0
6754,0.0
6755,0.0
6756,0.0
6757,0.0
6758,0.0
6759,0.0
6760,0.0
6761,0.0
6762,0.0
6763,0.0
6764,0.0
6765,0.0
6766,0.0
6767,0.0
6768,0.0
6769,0.0
6770,0.0
6771,0.0
6772,0.0
6773,0.0
6774,0.0
6775,0.0
6776,0.0
6777,0.0
6778,0.0
6779,0.0
6780,0.0
6781,0.0
6782,0.0
6783,0.0
6784,0.0
6785,0.0
6786,0.0
6787,0.0
6788,0.0
6789,0.0
6790,0.0
6791,0.0
6792,0.0
6793,0.0
6794,0.0
6795,0.0
6796,0.0
6797,0.0
6798,0.0
6799,0.0
6800,0.0
6801,0.0
6802,0.0
6803,0.0
6804,0.0
6805,0.0
6806,0.0
6807,0.0
6808,0.0
6809,0.0
6810,0.0
6811,0.0
6812,0.0
6813,0.0
6814,0.0
6815,0.0
6816,0.0
6817,0.0
6818,0.0
6819,0.0
6820,0.0
6821,0.0
6822,0.0
6823,0.0
6824,0.0
6825,0.0
6826,0.0
6827,0.0
6828,0.0
6829,0.0
6830,0.0
6831,0.0
6832,0.0
6833,0.0
6834,0.0
6835,0.0
6836,0.0
6837,0.0
6838,0.0
6839,0.0
6840,0.0
6841,0.0
6842,0.0
6843,0.0
6844,0.0
6845,0.0
6846,0.0
6847,0.0
6848,0.0
6849,0.0
6850,0.0
6851,0.0
6852,0.0
6853,0.0
6854,0.0
6855,0.0
6856,0.0
6857,0.0
6858,0.0
6859,0.0
6860,0.0
6861,0.0
6862,0.0
6863,0.0
6864,0.0
6865,0.0
6866,0.0
6867,0.0
6868,0.0
6869,0.0
6870,0.0
6871,0.0
6872,0.0
6873,0.0
6874,0.0
6875,0.0
6876,0.0
6877,0.0
6878,0.0
6879,0.0
6880,0.0
6881,0.0
6882,0.0
6883,0.0
6884,0.0
6885,0.0
6886,0.0
6887,0.0
6888,0.0
6889,0.0
6890,0.0
6891,0.0
6892,0.0
6893,0.0
6894,0.0
6895,0.0
6896,0.0
6897,0.0
6898,0.0
6899,0.0
6900,0.0
6901,0.0
6902,0.0
6903,0.0
6904,0.0
6905,0.0
6906,0.0
6907,0.0
6908,0.0
6909,0.0
6910,0.0
6911,0.0
6912,0.0
6913,0.0
6914,0.0
6915,0.0
6916,0.0
6917,0.0
6918,0.0
6919,0.0
6920,0.0
6921,0.0
6922,0.0
6923,0.0
6924,0.0
6925,0.0
6926,0.0
6927,0.0
6928,0.0
6929,0.0
6930,0.0
6931,0.0
6932,0.0
6933,0.0
6934,0.0
6935,0.0
6936,0.0
6937,0.0
6938,0.0
6939,0.0
6940,0.0
6941,0.0
6942,0.0
6943,0.0
6944,0.0
6945,0.0
6946,0.0
6947,0.0
6948,0.0
6949,0.0
6950,0.0
6951,0.0
6952,0.0
6953,0.0
6954,0.0
6955,0.0
6956,0.0
6957,0.0
6958,0.0
6959,0.0
6960,0.0
6961,0.0
6962,0.0
6963,0.0
6964,0.0
6965,0.0
6966,0.0
6967,0.0
6968,0.0
6969,0.0
6970,0.0
6971,0.0
6972,0.0
6973,0.0
6974,0.0
6975,0.0
6976,0.0
6977,0.0
6978,0.0
6979,0.0
6980,0.0
6981,0.0
6982,0.0
6983,0.0
6984,0.0
6985,0.0
6986,0.0
6987,0.0
6988,0.0
6989,0.0
6990,0.0
6991,0.0
6992,0.0
6993,0.0
6994,0.0
6995,0.0
6996,0.0
6997,0.0
6998,0.0
6999,0.0
7000,0.0
7001,0.0
7002,0.0
7003,0.0
7004,0.0
7005,0.0
7006,0.0
7007,0.0
7008,0.0
7009,0.0
7010,0.0
7011,0.0
7012,0.0
7013,0.0
7014,0.0
7015,0.0
7016,0.0
7017,0.0
7018,0.0
7019,0.0
7020,0.0
7021,0.0
7022,0.0
7023,0.0
7024,0.0
7025,0.0
7026,0.0
7027,0.0
7028,0.0
7029,0.0
7030,0.0
7031,0.0
7032,0.0
7033,0.0
7034,0.0
7035,0.0
7036,0.0
7037,0.0
7038,0.0
7039,0.0
7040,0.0
7041,0.0
7042,0.0
7043,0.0
7044,0.0
7045,0.0
7046,0.0
7047,0.0
7048,0.0
7049,0.0
7050,0.0
7051,0.0
7052,0.0
7053,0.0
7054,0.0
7055,0.0
7056,0.0
7057,0.0
7058,0.0
7059,0.0
7060,0.0
7061,0.0
7062,0.0
7063,0.0
7064,0.0
7065,0.0
7066,0.0
7067,0.0
7068,0.0
7069,0.0
7070,0.0
7071,0.0
7072,0.0
7073,0.0
7074,0.0
7075,0.0
7076,0.0
7077,0.0
7078,0.0
7079,0.0
7080,0.0
7081,0.0
7082,0.0
7083,0.0
7084,0.0
7085,0.0
7086,0.0
7087,0.0
7088,0.0
7089,0.0
7090,0.0
7091,0.0
7092,0.0
7093,0.0
7094,0.0
7095,0.0
7096,0.0
7097,0.0
7098,0.0
7099,0.0
7100,0.0
7101,0.0
7102,0.0
7103,0.0
7104,0.0
7105,0.0
7106,0.0
7107,0.0
7108,0.0
7109,0.0
7110,0.0
7111,0.0
7112,0.0
7113,0.0
7114,0.0
7115,0.0
7116,0.0
7117,0.0
7118,0.0
7119,0.0
7120,0.0
7121,0.0
7122,0.0
7123,0.0
7124,0.0
7125,0.0
7126,0.0
7127,0.0
7128,0.0
7129,0.0
7130,0.0
7131,0.0
7132,0.0
7133,0.0
7134,0.0
7135,0.0
7136,0.0
7137,0.0
7138,0.0
7139,0.0
7140,0.0
7141,0.0
7142,0.0
7143,0.0
7144,0.0
7145,0.0
7146,0.0
7147,0.0
7148,0.0
7149,0.0
7150,0.0
7151,0.0
7152,0.0
7153,0.0
7154,0.0
7155,0.0
7156,0.0
7157,0.0
7158,0.0
7159,0.0
7160,0.0
7161,0.0
7162,0.0
7163,0.0
7164,0.0
7165,0.0
7166,0.0
7167,0.0
7168,0.0
7169,0.0
7170,0.0
7171,0.0
7172,0.0
7173,0.0
7174,0.0
7175,0.0
7176,0.0
7177,0.0
7178,0.0
7179,0.0
7180,0.0
7181,0.0
7182,0.0
7183,0.0
7184,0.0
7185,0.0
7186,0.0
7187,0.0
7188,0.0
7189,0.0
7190,0.0
7191,0.0
7192,0.0
7193,0.0
7194,0.0
7195,0.0
7196,0.0
7197,0.0
7198,0.0
7199,0.0
7200,0.0
7201,0.0
7202,0.0
7203,0.0
7204,0.0
7205,0.0
7206,0.0
7207,0.0
7208,0.0
7209,0.0
7210,0.0
7211,0.0
7212,0.0
7213,0.0
7214,0.0
7215,0.0
7216,0.0
7217,0.0
7218,0.0
7219,0.0
7220,0.0
7221,0.0
7222,0.0
7223,0.0
7224,0.0
7225,0.0
7226,0.0
7227,0.0
7228,0.0
7229,0.0
7230,0.0
7231,0.0
7232,0.0
7233,0.0
7234,0.0
7235,0.0
7236,0.0
7237,0.0
7238,0.0
7239,0.0
7240,0.0
7241,0.0
7242,0.0
7243,0.0
7244,0.0
7245,0.0
7246,0.0
7247,0.0
7248,0.0
7249,0.0
7250,0.0
7251,0.0
7252,0.0
7253,0.0
7254,0.0
7255,0.0
7256,0.0
7257,0.0
7258,0.0
7259,0.0
7260,0.0
7261,0.0
7262,0.0
7263,0.0
7264,0.0
7265,0.0
7266,0.0
7267,0.0
7268,0.0
7269,0.0
7270,0.0
7271,0.0
7272,0.0
7273,0.0
7274,0.0
7275,0.0
7276,0.0
7277,0.0
7278,0.0
7279,0.0
7280,0.0
7281,0.0
7282,0.0
7283,0.0
7284,0.0
7285,0.0
7286,0.0
7287,0.0
7288,0.0
7289,0.0
7290,0.0
7291,0.0
7292,0.0
7293,0.0
7294,0.0
7295,0.0
7296,0.0
7297,0.0
7298,0.0
7299,0.0
7300,0.0
7301,0.0
7302,0.0
7303,0.0
7304,0.0
7305,0.0
7306,0.0
7307,0.0
7308,0.0
7309,0.0
7310,0.0
7311,0.0
7312,0.0
7313,0.0
7314,0.0
7315,0.0
7316,0.0
7317,0.0
7318,0.0
7319,0.0
7320,0.0
7321,0.0
7322,0.0
7323,0.0
7324,0.0
7325,0.0
7326,0.0
7327,0.0
7328,0.0
7329,0.0
7330,0.0
7331,0.0
7332,0.0
7333,0.0
7334,0.0
7335,0.0
7336,0.0
7337,0.0
7338,0.0
7339,0.0
7340,0.0
7341,0.0
7342,0.0
7343,0.0
7344,0.0
7345,0.0
7346,0.0
7347,0.0
7348,0.0
7349,0.0
7350,0.0
7351,0.0
7352,0.0
7353,0.0
7354,0.0
7355,0.0
7356,0.0
7357,0.0
7358,0.0
7359,0.0
7360,0.0
7361,0.0
7362,0.0
7363,0.0
7364,0.0
7365,0.0
7366,0.0
7367,0.0
7368,0.0
7369,0.0
7370,0.0
7371,0.0
7372,0.0
7373,0.0
7374,0.0
7375,0.0
7376,0.0
7377,0.0
7378,0.0
7379,0.0
7380,0.0
7381,0.0
7382,0.0
7383,0.0
7384,0.0
7385,0.0
7386,0.0
7387,0.0
7388,0.0
7389,0.0
7390,0.0
7391,0.0
7392,0.0
7393,0.0
7394,0.0
7395,0.0
7396,0.0
7397,0.0
7398,0.0
7399,0.0
7400,0.0
7401,0.0
7402,0.0
7403,0.0
7404,0.0
7405,0.0
7406,0.0
7407,0.0
7408,0.0
7409,0.0
7410,0.0
7411,0.0
7412,0.0
7413,0.0
7414,0.0
7415,0.0
7416,0.0
7417,0.0
7418,0.0
7419,0.0
7420,0.0
7421,0.0
7422,0.0
7423,0.0
7424,0.0
7425,0.0
7426,0.0
7427,0.0
7428,0.0
7429,0.0
7430,0.0
7431,0.0
7432,0.0
7433,0.0
7434,0.0
7435,0.0
7436,0.0
7437,0.0
7438,0.0
7439,0.0
7440,0.0
7441,0.0
7442,0.0
7443,0.0
7444,0.0
7445,0.0
7446,0.0
7447,0.0
7448,0.0
7449,0.0
7450,0.0
7451,0.0
7452,0.0
7453,0.0
7454,0.0
7455,0.0
7456,0.0
7457,0.0
7458,0.0
7459,0.0
7460,0.0
7461,0.0
7462,0.0
7463,0.0
7464,0.0
7465,0.0
7466,0.0
7467,0.0
7468,0.0
7469,0.0
7470,0.0
7471,0.0
7472,0.0
7473,0.0
7474,0.0
7475,0.0
7476,0.0
7477,0.0
7478,0.0
7479,0.0
7480,0.0
7481,0.0
7482,0.0
7483,0.0
7484,0.0
7485,0.0
7486,0.0
7487,0.0
7488,0.0
7489,0.0
7490,0.0
7491,0.0
7492,0.0
7493,0.0
7494,0.0
7495,0.0
7496,0.0
7497,0.0
7498,0.0
7499,0.0
7500,0.0
7501,0.0
7502,0.0
7503,0.0
7504,0.0
7505,0.0
7506,0.0
7507,0.0
7508,0.0
7509,0.0
7510,0.0
7511,0.0
7512,0.0
7513,0.0
7514,0.0
7515,0.0
7516,0.0
7517,0.0
7518,0.0
7519,0.0
7520,0.0
7521,0.0
7522,0.0
7523,0.0
7524,0.0
7525,0.0
7526,0.0
7527,0.0
7528,0.0
7529,0.0
7530,0.0
7531,0.0
7532,0.0
7533,0.0
7534,0.0
7535,0.0
7536,0.0
7537,0.0
7538,0.0
7539,0.0
7540,0.0
7541,0.0
7542,0.0
7543,0.0
7544,0.0
7545,0.0
7546,0.0
7547,0.0
7548,0.0
7549,0.0
7550,0.0
7551,0.0
7552,0.0
7553,0.0
7554,0.0
7555,0.0
7556,0.0
7557,0.0
7558,0.0
7559,0.0
7560,0.0
7561,0.0
7562,0.0
7563,0.0
7564,0.0
7565,0.0
7566,0.0
7567,0.0
7568,0.0
7569,0.0
7570,0.0
7571,0.0
7572,0.0
7573,0.0
7574,0.0
7575,0.0
7576,0.0
7577,0.0
7578,0.0
7579,0.0
7580,0.0
7581,0.0
7582,0.0
7583,0.0
7584,0.0
7585,0.0
7586,0.0
7587,0.0
7588,0.0
7589,0.0
7590,0.0
7591,0.0
7592,0.0
7593,0.0
7594,0.0
7595,0.0
7596,0.0
7597,0.0
7598,0.0
7599,0.0
7600,0.0
7601,0.0
7602,0.0
7603,0.0
7604,0.0
7605,0.0
7606,0.0
7607,0.0
7608,0.0
7609,0.0
7610,0.0
7611,0.0
7612,0.0
7613,0.0
7614,0.0
7615,0.0
7616,0.0
7617,0.0
7618,0.0
7619,0.0
7620,0.0
7621,0.0
7622,0.0
7623,0.0
7624,0.0
7625,0.0
7626,0.0
7627,0.0
7628,0.0
7629,0.0
7630,0.0
7631,0.0
7632,0.0
7633,0.0
7634,0.0
7635,0.0
7636,0.0
7637,0.0
7638,0.0
7639,0.0
7640,0.0
7641,0.0
7642,0.0
7643,0.0
7644,0.0
7645,0.0
7646,0.0
7647,0.0
7648,0.0
7649,0.0
7650,0.0
7651,0.0
7652,0.0
7653,0.0
7654,0.0
7655,0.0
7656,0.0
7657,0.0
7658,0.0
7659,0.0
7660,0.0
7661,0.0
7662,0.0
7663,0.0
7664,0.0
7665,0.0
7666,0.0
7667,0.0
7668,0.0
7669,0.0
7670,0.0
7671,0.0
7672,0.0
7673,0.0
7674,0.0
7675,0.0
7676,0.0
7677,0.0
7678,0.0
7679,0.0
7680,0.0
7681,0.0
7682,0.0
7683,0.0
7684,0.0
7685,0.0
7686,0.0
7687,0.0
7688,0.0
7689,0.0
7690,0.0
7691,0.0
7692,0.0
7693,0.0
7694,0.0
7695,0.0
7696,0.0
7697,0.0
7698,0.0
7699,0.0
7700,0.0
7701,0.0
7702,0.0
7703,0.0
7704,0.0
7705,0.0
7706,0.0
7707,0.0
7708,0.0
7709,0.0
7710,0.0
7711,0.0
7712,0.0
7713,0.0
7714,0.0
7715,0.0
7716,0.0
7717,0.0
7718,0.0
7719,0.0
7720,0.0
7721,0.0
7722,0.0
7723,0.0
7724,0.0
7725,0.0
7726,0.0
7727,0.0
7728,0.0
7729,0.0
7730,0.0
7731,0.0
7732,0.0
7733,0.0
7734,0.0
7735,0.0
7736,0.0
7737,0.0
7738,0.0
7739,0.0
7740,0.0
7741,0.0
7742,0.0
7743,0.0
7744,0.0
7745,0.0
7746,0.0
7747,0.0
7748,0.0
7749,0.0
7750,0.0
7751,0.0
7752,0.0
7753,0.0
7754,0.0
7755,0.0
7756,0.0
7757,0.0
7758,0.0
7759,0.0
7760,0.0
7761,0.0
7762,0.0
7763,0.0
7764,0.0
7765,0.0
7766,0.0
7767,0.0
7768,0.0
7769,0.0
7770,0.0
7771,0.0
7772,0.0
7773,0.0
7774,0.0
7775,0.0
7776,0.0
7777,0.0
7778,0.0
7779,0.0
7780,0.0
7781,0.0
7782,0.0
7783,0.0
7784,0.0
7785,0.0
7786,0.0
7787,0.0
7788,0.0
7789,0.0
7790,0.0
7791,0.0
7792,0.0
7793,0.0
7794,0.0
7795,0.0
7796,0.0
7797,0.0
7798,0.0
7799,0.0
7800,0.0
7801,0.0
7802,0.0
7803,0.0
7804,0.0
7805,0.0
7806,0.0
7807,0.0
7808,0.0
7809,0.0
7810,0.0
7811,0.0
7812,0.0
7813,0.0
7814,0.0
7815,0.0
7816,0.0
7817,0.0
7818,0.0
7819,0.0
7820,0.0
7821,0.0
7822,0.0
7823,0.0
7824,0.0
7825,0.0
7826,0.0
7827,0.0
7828,0.0
7829,0.0
7830,0.0
7831,0.0
7832,0.0
7833,0.0
7834,0.0
7835,0.0
7836,0.0
7837,0.0
7838,0.0
7839,0.0
7840,0.0
7841,0.0
7842,0.0
7843,0.0
7844,0.0
7845,0.0
7846,0.0
7847,0.0
7848,0.0
7849,0.0
7850,0.0
7851,0.0
7852,0.0
7853,0.0
7854,0.0
7855,0.0
7856,0.0
7857,0.0
7858,0.0
7859,0.0
7860,0.0
7861,0.0
7862,0.0
7863,0.0
7864,0.0
7865,0.0
7866,0.0
7867,0.0
7868,0.0
7869,0.0
7870,0.0
7871,0.0
7872,0.0
7873,0.0
7874,0.0
7875,0.0
7876,0.0
7877,0.0
7878,0.0
7879,0.0
7880,0.0
7881,0.0
7882,0.0
7883,0.0
7884,0.0
7885,0.0
7886,0.0
7887,0.0
7888,0.0
7889,0.0
7890,0.0
7891,0.0
7892,0.0
7893,0.0
7894,0.0
7895,0.0
7896,0.0
7897,0.0
7898,0.0
7899,0.0
7900,0.0
7901,0.0
7902,0.0
7903,0.0
7904,0.0
7905,0.0
7906,0.0
7907,0.0
7908,0.0
7909,0.0
7910,0.0
7911,0.0
7912,0.0
7913,0.0
7914,0.0
7915,0.0
7916,0.0
7917,0.0
7918,0.0
7919,0.0
7920,0.0
7921,0.0
7922,0.0
7923,0.0
7924,0.0
7925,0.0
7926,0.0
7927,0.0
7928,0.0
7929,0.0
7930,0.0
7931,0.0
7932,0.0
7933,0.0
7934,0.0
7935,0.0
7936,0.0
7937,0.0
7938,0.0
7939,0.0
7940,0.0
7941,0.0
7942,0.0
7943,0.0
7944,0.0
7945,0.0
7946,0.0
7947,0.0
7948,0.0
7949,0.0
7950,0.0
7951,0.0
7952,0.0
7953,0.0
7954,0.0
7955,0.0
7956,0.0
7957,0.0
7958,0.0
7959,0.0
7960,0.0
7961,0.0
7962,0.0
7963,0.0
7964,0.0
7965,0.0
7966,0.0
7967,0.0
7968,0.0
7969,0.0
7970,0.0
7971,0.0
7972,0.0
7973,0.0
7974,0.0
7975,0.0
7976,0.0
7977,0.0
7978,0.0
7979,0.0
7980,0.0
7981,0.0
7982,0.0
7983,0.0
7984,0.0
7985,0.0
7986,0.0
7987,0.0
7988,0.0
7989,0.0
7990,0.0
7991,0.0
7992,0.0
7993,0.0
7994,0.0
7995,0.0
7996,0.0
7997,0.0
7998,0.0
7999,0.0
8000,0.0
8001,0.0
8002,0.0
8003,0.0
8004,0.0
8005,0.0
8006,0.0
8007,0.0
8008,0.0
8009,0.0
8010,0.0
8011,0.0
8012,0.0
8013,0.0
8014,0.0
8015,0.0
8016,0.0
8017,0.0
8018,0.0
8019,0.0
8020,0.0
8021,0.0
8022,0.0
8023,0.0
8024,0.0
8025,0.0
8026,0.0
8027,0.0
8028,0.0
8029,0.0
8030,0.0
8031,0.0
8032,0.0
8033,0.0
8034,0.0
8035,0.0
8036,0.0
8037,0.0
8038,0.0
8039,0.0
8040,0.0
8041,0.0
8042,0.0
8043,0.0
8044,0.0
8045,0.0
8046,0.0
8047,0.0
8048,0.0
8049,0.0
8050,0.0
8051,0.0
8052,0.0
8053,0.0
8054,0.0
8055,0.0
8056,0.0
8057,0.0
8058,0.0
8059,0.0
8060,0.0
8061,0.0
8062,0.0
8063,0.0
8064,0.0
8065,0.0
8066,0.0
8067,0.0
8068,0.0
8069,0.0
8070,0.0
8071,0.0
8072,0.0
8073,0.0
8074,0.0
8075,0.0
8076,0.0
8077,0.0
8078,0.0
8079,0.0
8080,0.0
8081,0.0
8082,0.0
8083,0.0
8084,0.0
8085,0.0
8086,0.0
8087,0.0
8088,0.0
8089,0.0
8090,0.0
8091,0.0
8092,0.0
8093,0.0
8094,0.0
8095,0.0
8096,0.0
8097,0.0
8098,0.0
8099,0.0
8100,0.0
8101,0.0
8102,0.0
8103,0.0
8104,0.0
8105,0.0
8106,0.0
8107,0.0
8108,0.0
8109,0.0
8110,0.0
8111,0.0
8112,0.0
8113,0.0
8114,0.0
8115,0.0
8116,0.0
8117,0.0
8118,0.0
8119,0.0
8120,0.0
8121,0.0
8122,0.0
8123,0.0
8124,0.0
8125,0.0
8126,0.0
8127,0.0
8128,0.0
8129,0.0
8130,0.0
8131,0.0
8132,0.0
8133,0.0
8134,0.0
8135,0.0
8136,0.0
8137,0.0
8138,0.0
8139,0.0
8140,0.0
8141,0.0
8142,0.0
8143,0.0
8144,0.0
8145,0.0
8146,0.0
8147,0.0
8148,0.0
8149,0.0
8150,0.0
8151,0.0
8152,0.0
8153,0.0
8154,0.0
8155,0.0
8156,0.0
8157,0.0
8158,0.0
8159,0.0
8160,0.0
8161,0.0
8162,0.0
8163,0.0
8164,0.0
8165,0.0
8166,0.0
8167,0.0
8168,0.0
8169,0.0
8170,0.0
8171,0.0
8172,0.0
8173,0.0
8174,0.0
8175,0.0
8176,0.0
8177,0.0
8178,0.0
8179,0.0
8180,0.0
8181,0.0
8182,0.0
8183,0.0
8184,0.0
8185,0.0
8186,0.0
8187,0.0
8188,0.0
8189,0.0
8190,0.0
8191,0.0
8192,0.003092
8193,0.003092
8194,0.003092
8195,0.003092
8196,0.003092
8197,0.003092
8198,0.003092
8199,0.003092
8200,0.003092
8201,0.003092
8202,0.003092
8203,0.003092
8204,0.003092
8205,0.003092
8206,0.003092
8207,0.003092
8208,0.003092
8209,0.003092
8210,0.003092
8211,0.003092
8212,0.003092
8213,0.003092
8214,0.003092
8215,0.003092
8216,0.003092
8217,0.003092
8218,0.003092
8219,0.003092
8220,0.003092
8221,0.003092
8222,0.003092
8223,0.003092
8224,0.003092
8225,0.003092
8226,0.003092
8227,0.003092
8228,0.003092
8229,0.003092
8230,0.003092
8231,0.003092
8232,0.003092
8233,0.003092
8234,0.003092
8235,0.003092
8236,0.003092
8237,0.003092
8238,0.003092
8239,0.003092
8240,0.003092
8241,0.003092
8242,0.003092
8243,0.003092
8244,0.003092
8245,0.003092
8246,0.003092
8247,0.003092
8248,0.003092
8249,0.003092
8250,0.003092
8251,0.003092
8252,0.003092
8253,0.003092
8254,0.003092
8255,0.003092
8256,0.003092
8257,0.003092
8258,0.003092
8259,0.003092
8260,0.003092
8261,0.003092
8262,0.003092
8263,0.003092
8264,0.003092
8265,0.003092
8266,0.003092
8267,0.003092
8268,0.003092
8269,0.003092
8270,0.003092
8271,0.003092
8272,0.003092
8273,0.003092
8274,0.003092
8275,0.003092
8276,0.003092
8277,0.003092
8278,0.003092
8279,0.003092
8280,0.003092
8281,0.003092
8282,0.003092
8283,0.003092
8284,0.003092
8285,0.003092
8286,0.003092
8287,0.003092
8288,0.003092
8289,0.003092
8290,0.003092
8291,0.003092
8292,0.003092
8293,0.003092
8294,0.003092
8295,0.003092
8296,0.003092
8297,0.003092
8298,0.003092
8299,0.003092
8300,0.003092
8301,0.003092
8302,0.003092
8303,0.003092
8304,0.003092
8305,0.003092
8306,0.003092
8307,0.003092
8308,0.003092
8309,0.003092
8310,0.003092
8311,0.003092
8312,0.003092
8313,0.003092
8314,0.003092
8315,0.003092
8316,0.003092
8317,0.003092
8318,0.003092
8319,0.003092
8320,0.003092
8321,0.003092
8322,0.003092
8323,0.003092
8324,0.003092
8325,0.003092
8326,0.003092
8327,0.003092
8328,0.003092
8329,0.003092
8330,0.003092
8331,0.003092
8332,0.003092
8333,0.003092
8334,0.003092
8335,0.003092
8336,0.003092
8337,0.003092
8338,0.003092
8339,0.003092
8340,0.003092
8341,0.003092
8342,0.003092
8343,0.003092
8344,0.003092
8345,0.003092
8346,0.003092
8347,0.003092
8348,0.003092
8349,0.003092
8350,0.003092
8351,0.003092
8352,0.003092
8353,0.003092
8354,0.003092
8355,0.003092
8356,0.003092
8357,0.003092
8358,0.003092
8359,0.003092
8360,0.003092
8361,0.003092
8362,0.003092
8363,0.003092
8364,0.003092
8365,0.003092
8366,0.003092
8367,0.003092
8368,0.003092
8369,0.003092
8370,0.003092
8371,0.003092
8372,0.003092
8373,0.003092
8374,0.003092
8375,0.003092
8376,0.003092
8377,0.003092
8378,0.003092
8379,0.003092
8380,0.003092
8381,0.003092
8382,0.003092
8383,0.003092
8384,0.003092
8385,0.003092
8386,0.003092
8387,0.003092
8388,0.003092
8389,0.003092
8390,0.003092
8391,0.003092
8392,0.003092
8393,0.003092
8394,0.003092
8395,0.003092
8396,0.003092
8397,0.003092
8398,0.003092
8399,0.003092
8400,0.003092
8401,0.003092
8402,0.003092
8403,0.003092
8404,0.003092
8405,0.003092
8406,0.003092
8407,0.003092
8408,0.003092
8409,0.003092
8410,0.003092
8411,0.003092
8412,0.003092
8413,0.003092
8414,0.003092
8415,0.003092
8416,0.003092
8417,0.003092
8418,0.003092
8419,0.003092
8420,0.003092
8421,0.003092
8422,0.003092
8423,0.003092
8424,0.003092
8425,0.003092
8426,0.003092
8427,0.003092
8428,0.003092
8429,0.003092
8430,0.003092
8431,0.003092
8432,0.003092
8433,0.003092
8434,0.003092
8435,0.003092
8436,0.003092
8437,0.003092
8438,0.003092
8439,0.003092
8440,0.003092
8441,0.003092
8442,0.003092
8443,0.003092
8444,0.003092
8445,0.003092
8446,0.003092
8447,0.003092
8448,0.003092
8449,0.003092
8450,0.003092
8451,0.003092
8452,0.003092
8453,0.003092
8454,0.003092
8455,0.003092
8456,0.003092
8457,0.003092
8458,0.003092
8459,0.003092
8460,0.003092
8461,0.003092
8462,0.003092
8463,0.003092
8464,0.003092
8465,0.003092
8466,0.003092
8467,0.003092
8468,0.003092
8469,0.003092
8470,0.003092
8471,0.003092
8472,0.003092
8473,0.003092
8474,0.003092
8475,0.003092
8476,0.003092
8477,0.003092
8478,0.003092
8479,0.003092
8480,0.003092
8481,0.003092
8482,0.003092
8483,0.003092
8484,0.003092
8485,0.003092
8486,0.003092
8487,0.003092
8488,0.003092
8489,0.003092
8490,0.003092
8491,0.003092
8492,0.003092
8493,0.003092
8494,0.003092
8495,0.003092
8496,0.003092
8497,0.003092
8498,0.003092
8499,0.003092
8500,0.003092
8501,0.003092
8502,0.003092
8503,0.003092
8504,0.003092
8505,0.003092
8506,0.003092
8507,0.003092
8508,0.003092
8509,0.003092
8510,0.003092
8511,0.003092
8512,0.003092
8513,0.003092
8514,0.003092
8515,0.003092
8516,0.003092
8517,0.003092
8518,0.003092
8519,0.003092
8520,0.003092
8521,0.003092
8522,0.003092
8523,0.003092
8524,0.003092
8525,0.003092
8526,0.003092
8527,0.003092
8528,0.003092
8529,0.003092
8530,0.003092
8531,0.003092
8532,0.003092
8533,0.003092
8534,0.003092
8535,0.003092
8536,0.003092
8537,0.003092
8538,0.003092
8539,0.003092
8540,0.003092
8541,0.003092
8542,0.003092
8543,0.003092
8544,0.003092
8545,0.003092
8546,0.003092
8547,0.003092
8548,0.003092
8549,0.003092
8550,0.003092
8551,0.003092
8552,0.003092
8553,0.003092
8554,0.003092
8555,0.003092
8556,0.003092
8557,0.003092
8558,0.003092
8559,0.003092
8560,0.003092
8561,0.003092
8562,0.003092
8563,0.003092
8564,0.003092
8565,0.003092
8566,0.003092
8567,0.003092
8568,0.003092
8569,0.003092
8570,0.003092
8571,0.003092
8572,0.003092
8573,0.003092
8574,0.003092
8575,0.003092
8576,0.003092
8577,0.003092
8578,0.003092
8579,0.003092
8580,0.003092
8581,0.003092
8582,0.003092
8583,0.003092
8584,0.003092
8585,0.003092
8586,0.003092
8587,0.003092
8588,0.003092
8589,0.003092
8590,0.003092
8591,0.003092
8592,0.003092
8593,0.003092
8594,0.003092
8595,0.003092
8596,0.003092
8597,0.003092
8598,0.003092
8599,0.003092
8600,0.003092
8601,0.003092
8602,0.003092
8603,0.003092
8604,0.003092
8605,0.003092
8606,0.003092
8607,0.003092
8608,0.003092
8609,0.003092
8610,0.003092
8611,0.003092
8612,0.003092
8613,0.003092
8614,0.003092
8615,0.003092
8616,0.003092
8617,0.003092
8618,0.003092
8619,0.003092
8620,0.003092
8621,0.003092
8622,0.003092
8623,0.003092
8624,0.003092
8625,0.003092
8626,0.003092
8627,0.003092
8628,0.003092
8629,0.003092
8630,0.003092
8631,0.003092
8632,0.003092
8633,0.003092
8634,0.003092
8635,0.003092
8636,0.003092
8637,0.003092
8638,0.003092
8639,0.003092
8640,0.003092
8641,0.003092
8642,0.003092
8643,0.003092
8644,0.003092
8645,0.003092
8646,0.003092
8647,0.003092
8648,0.003092
8649,0.003092
8650,0.003092
8651,0.003092
8652,0.003092
8653,0.003092
8654,0.003092
8655,0.003092
8656,0.003092
8657,0.003092
8658,0.003092
8659,0.003092
8660,0.003092
8661,0.003092
8662,0.003092
8663,0.003092
8664,0.003092
8665,0.003092
8666,0.003092
8667,0.003092
8668,0.003092
8669,0.003092
8670,0.003092
8671,0.003092
8672,0.003092
8673,0.003092
8674,0.003092
8675,0.003092
8676,0.003092
8677,0.003092
8678,0.003092
8679,0.003092
8680,0.003092
8681,0.003092
8682,0.003092
8683,0.003092
8684,0.003092
8685,0.003092
8686,0.003092
8687,0.003092
8688,0.003092
8689,0.003092
8690,0.003092
8691,0.003092
8692,0.003092
8693,0.003092
8694,0.003092
8695,0.003092
8696,0.003092
8697,0.003092
8698,0.003092
8699,0.003092
8700,0.003092
8701,0.003092
8702,0.003092
8703,0.003092
8704,0.003092
8705,0.003092
8706,0.003092
8707,0.003092
8708,0.003092
8709,0.003092
8710,0.003092
8711,0.003092
8712,0.003092
8713,0.003092
8714,0.003092
8715,0.003092
8716,0.003092
8717,0.003092
8718,0.003092
8719,0.003092
8720,0.003092
8721,0.003092
8722,0.003092
8723,0.003092
8724,0.003092
8725,0.003092
8726,0.003092
8727,0.003092
8728,0.003092
8729,0.003092
8730,0.003092
8731,0.003092
8732,0.003092
8733,0.003092
8734,0.003092
8735,0.003092
8736,0.003092
8737,0.003092
8738,0.003092
8739,0.003092
8740,0.003092
8741,0.003092
8742,0.003092
8743,0.003092
8744,0.003092
8745,0.003092
8746,0.003092
8747,0.003092
8748,0.003092
8749,0.003092
8750,0.003092
8751,0.003092
8752,0.003092
8753,0.003092
8754,0.003092
8755,0.003092
8756,0.003092
8757,0.003092
8758,0.003092
8759,0.003092
8760,0.003092
8761,0.003092
8762,0.003092
8763,0.003092
8764,0.003092
8765,0.003092
8766,0.003092
8767,0.003092
8768,0.003092
8769,0.003092
8770,0.003092
8771,0.003092
8772,0.003092
8773,0.003092
8774,0.003092
8775,0.003092
8776,0.003092
8777,0.003092
8778,0.003092
8779,0.003092
8780,0.003092
8781,0.003092
8782,0.003092
8783,0.003092
8784,0.003092
8785,0.003092
8786,0.003092
8787,0.003092
8788,0.003092
8789,0.003092
8790,0.003092
8791,0.003092
8792,0.003092
8793,0.003092
8794,0.003092
8795,0.003092
8796,0.003092
8797,0.003092
8798,0.003092
8799,0.003092
8800,0.003092
8801,0.003092
8802,0.003092
8803,0.003092
8804,0.003092
8805,0.003092
8806,0.003092
8807,0.003092
8808,0.003092
8809,0.003092
8810,0.003092
8811,0.003092
8812,0.003092
8813,0.003092
8814,0.003092
8815,0.003092
8816,0.003092
8817,0.003092
8818,0.003092
8819,0.003092
8820,0.003092
8821,0.003092
8822,0.003092
8823,0.003092
8824,0.003092
8825,0.003092
8826,0.003092
8827,0.003092
8828,0.003092
8829,0.003092
8830,0.003092
8831,0.003092
8832,0.003092
8833,0.003092
8834,0.003092
8835,0.003092
8836,0.003092
8837,0.003092
8838,0.003092
8839,0.003092
8840,0.003092
8841,0.003092
8842,0.003092
8843,0.003092
8844,0.003092
8845,0.003092
8846,0.003092
8847,0.003092
8848,0.003092
8849,0.003092
8850,0.003092
8851,0.003092
8852,0.003092
8853,0.003092
8854,0.003092
8855,0.003092
8856,0.003092
8857,0.003092
8858,0.003092
8859,0.003092
8860,0.003092
8861,0.003092
8862,0.003092
8863,0.003092
8864,0.003092
8865,0.003092
8866,0.003092
8867,0.003092
8868,0.003092
8869,0.003092
8870,0.003092
8871,0.003092
8872,0.003092
8873,0.003092
8874,0.003092
8875,0.003092
8876,0.003092
8877,0.003092
8878,0.003092
8879,0.003092
8880,0.003092
8881,0.003092
8882,0.003092
8883,0.003092
8884,0.003092
8885,0.003092
8886,0.003092
8887,0.003092
8888,0.003092
8889,0.003092
8890,0.003092
8891,0.003092
8892,0.003092
8893,0.003092
8894,0.003092
8895,0.003092
8896,0.003092
8897,0.003092
8898,0.003092
8899,0.003092
8900,0.003092
8901,0.003092
8902,0.003092
8903,0.003092
8904,0.003092
8905,0.003092
8906,0.003092
8907,0.003092
8908,0.003092
8909,0.003092
8910,0.003092
8911,0.003092
8912,0.003092
8913,0.003092
8914,0.003092
8915,0.003092
8916,0.003092
8917,0.003092
8918,0.003092
8919,0.003092
8920,0.003092
8921,0.003092
8922,0.003092
8923,0.003092
8924,0.003092
8925,0.003092
8926,0.003092
8927,0.003092
8928,0.003092
8929,0.003092
8930,0.003092
8931,0.003092
8932,0.003092
8933,0.003092
8934,0.003092
8935,0.003092
8936,0.003092
8937,0.003092
8938,0.003092
8939,0.003092
8940,0.003092
8941,0.003092
8942,0.003092
8943,0.003092
8944,0.003092
8945,0.003092
8946,0.003092
8947,0.003092
8948,0.003092
8949,0.003092
8950,0.003092
8951,0.003092
8952,0.003092
8953,0.003092
8954,0.003092
8955,0.003092
8956,0.003092
8957,0.003092
8958,0.003092
8959,0.003092
8960,0.003092
8961,0.003092
8962,0.003092
8963,0.003092
8964,0.003092
8965,0.003092
8966,0.003092
8967,0.003092
8968,0.003092
8969,0.003092
8970,0.003092
8971,0.003092
8972,0.003092
8973,0.003092
8974,0.003092
8975,0.003092
8976,0.003092
8977,0.003092
8978,0.003092
8979,0.003092
8980,0.003092
8981,0.003092
8982,0.003092
8983,0.003092
8984,0.003092
8985,0.003092
8986,0.003092
8987,0.003092
8988,0.003092
8989,0.003092
8990,0.003092
8991,0.003092
8992,0.003092
8993,0.003092
8994,0.003092
8995,0.003092
8996,0.003092
8997,0.003092
8998,0.003092
8999,0.003092
9000,0.003092
9001,0.003092
9002,0.003092
9003,0.003092
9004,0.003092
9005,0.003092
9006,0.003092
9007,0.003092
9008,0.003092
9009,0.003092
9010,0.003092
9011,0.003092
9012,0.003092
9013,0.003092
9014,0.003092
9015,0.003092
9016,0.003092
9017,0.003092
9018,0.003092
9019,0.003092
9020,0.003092
9021,0.003092
9022,0.003092
9023,0.003092
9024,0.003092
9025,0.003092
9026,0.003092
9027,0.003092
9028,0.003092
9029,0.003092
9030,0.003092
9031,0.003092
9032,0.003092
9033,0.003092
9034,0.003092
9035,0.003092
9036,0.003092
9037,0.003092
9038,0.003092
9039,0.003092
9040,0.003092
9041,0.003092
9042,0.003092
9043,0.003092
9044,0.003092
9045,0.003092
9046,0.003092
9047,0.003092
9048,0.003092
9049,0.003092
9050,0.003092
9051,0.003092
9052,0.003092
9053,0.003092
9054,0.003092
9055,0.003092
9056,0.003092
9057,0.003092
9058,0.003092
9059,0.003092
9060,0.003092
9061,0.003092
9062,0.003092
9063,0.003092
9064,0.003092
9065,0.003092
9066,0.003092
9067,0.003092
9068,0.003092
9069,0.003092
9070,0.003092
9071,0.003092
9072,0.003092
9073,0.003092
9074,0.003092
9075,0.003092
9076,0.003092
9077,0.003092
9078,0.003092
9079,0.003092
9080,0.003092
9081,0.003092
9082,0.003092
9083,0.003092
9084,0.003092
9085,0.003092
9086,0.003092
9087,0.003092
9088,0.003092
9089,0.003092
9090,0.003092
9091,0.003092
9092,0.003092
9093,0.003092
9094,0.003092
9095,0.003092
9096,0.003092
9097,0.003092
9098,0.003092
9099,0.003092
9100,0.003092
9101,0.003092
9102,0.003092
9103,0.003092
9104,0.003092
9105,0.003092
9106,0.003092
9107,0.003092
9108,0.003092
9109,0.003092
9110,0.003092
9111,0.003092
9112,0.003092
9113,0.003092
9114,0.003092
9115,0.003092
9116,0.003092
9117,0.003092
9118,0.003092
9119,0.003092
9120,0.003092
9121,0.003092
9122,0.003092
9123,0.003092
9124,0.003092
9125,0.003092
9126,0.003092
9127,0.003092
9128,0.003092
9129,0.003092
9130,0.003092
9131,0.003092
9132,0.003092
9133,0.003092
9134,0.003092
9135,0.003092
9136,0.003092
9137,0.003092
9138,0.003092
9139,0.003092
9140,0.003092
9141,0.003092
9142,0.003092
9143,0.003092
9144,0.003092
9145,0.003092
9146,0.003092
9147,0.003092
9148,0.003092
9149,0.003092
9150,0.003092
9151,0.003092
9152,0.003092
9153,0.003092
9154,0.003092
9155,0.003092
9156,0.003092
9157,0.003092
9158,0.003092
9159,0.003092
9160,0.003092
9161,0.003092
9162,0.003092
9163,0.003092
9164,0.003092
9165,0.003092
9166,0.003092
9167,0.003092
9168,0.003092
9169,0.003092
9170,0.003092
9171,0.003092
9172,0.003092
9173,0.003092
9174,0.003092
9175,0.003092
9176,0.003092
9177,0.003092
9178,0.003092
9179,0.003092
9180,0.003092
9181,0.003092
9182,0.003092
9183,0.003092
9184,0.003092
9185,0.003092
9186,0.003092
9187,0.003092
9188,0.003092
9189,0.003092
9190,0.003092
9191,0.003092
9192,0.003092
9193,0.003092
9194,0.003092
9195,0.003092
9196,0.003092
9197,0.003092
9198,0.003092
9199,0.003092
9200,0.003092
9201,0.003092
9202,0.003092
9203,0.003092
9204,0.003092
9205,0.003092
9206,0.003092
9207,0.003092
9208,0.003092
9209,0.003092
9210,0.003092
9211,0.003092
9212,0.003092
9213,0.003092
9214,0.003092
9215,0.003092
9216,0.003092
9217,0.003092
9218,0.003092
9219,0.003092
9220,0.003092
9221,0.003092
9222,0.003092
9223,0.003092
9224,0.003092
9225,0.003092
9226,0.003092
9227,0.003092
9228,0.003092
9229,0.003092
9230,0.003092
9231,0.003092
9232,0.003092
9233,0.003092
9234,0.003092
9235,0.003092
9236,0.003092
9237,0.003092
9238,0.003092
9239,0.003092
9240,0.003092
9241,0.003092
9242,0.003092
9243,0.003092
9244,0.003092
9245,0.003092
9246,0.003092
9247,0.003092
9248,0.003092
9249,0.003092
9250,0.003092
9251,0.003092
9252,0.003092
9253,0.003092
9254,0.003092
9255,0.003092
9256,0.003092
9257,0.003092
9258,0.003092
9259,0.003092
9260,0.003092
9261,0.003092
9262,0.003092
9263,0.003092
9264,0.003092
9265,0.003092
9266,0.003092
9267,0.003092
9268,0.003092
9269,0.003092
9270,0.003092
9271,0.003092
9272,0.003092
9273,0.003092
9274,0.003092
9275,0.003092
9276,0.003092
9277,0.003092
9278,0.003092
9279,0.003092
9280,0.003092
9281,0.003092
9282,0.003092
9283,0.003092
9284,0.003092
9285,0.003092
9286,0.003092
9287,0.003092
9288,0.003092
9289,0.003092
9290,0.003092
9291,0.003092
9292,0.003092
9293,0.003092
9294,0.003092
9295,0.003092
9296,0.003092
9297,0.003092
9298,0.003092
9299,0.003092
9300,0.003092
9301,0.003092
9302,0.003092
9303,0.003092
9304,0.003092
9305,0.003092
9306,0.003092
9307,0.003092
9308,0.003092
9309,0.003092
9310,0.003092
9311,0.003092
9312,0.003092
9313,0.003092
9314,0.003092
9315,0.003092
9316,0.003092
9317,0.003092
9318,0.003092
9319,0.003092
9320,0.003092
9321,0.003092
9322,0.003092
9323,0.003092
9324,0.003092
9325,0.003092
9326,0.003092
9327,0.003092
9328,0.003092
9329,0.003092
9330,0.003092
9331,0.003092
9332,0.003092
9333,0.003092
9334,0.003092
9335,0.003092
9336,0.003092
9337,0.003092
9338,0.003092
9339,0.003092
9340,0.003092
9341,0.003092
9342,0.003092
9343,0.003092
9344,0.003092
9345,0.003092
9346,0.003092
9347,0.003092
9348,0.003092
9349,0.003092
9350,0.003092
9351,0.003092
9352,0.003092
9353,0.003092
9354,0.003092
9355,0.003092
9356,0.003092
9357,0.003092
9358,0.003092
9359,0.003092
9360,0.003092
9361,0.003092
9362,0.003092
9363,0.003092
9364,0.003092
9365,0.003092
9366,0.003092
9367,0.003092
9368,0.003092
9369,0.003092
9370,0.003092
9371,0.003092
9372,0.003092
9373,0.003092
9374,0.003092
9375,0.003092
9376,0.003092
9377,0.003092
9378,0.003092
9379,0.003092
9380,0.003092
9381,0.003092
9382,0.003092
9383,0.003092
9384,0.003092
9385,0.003092
9386,0.003092
9387,0.003092
9388,0.003092
9389,0.003092
9390,0.003092
9391,0.003092
9392,0.003092
9393,0.003092
9394,0.003092
9395,0.003092
9396,0.003092
9397,0.003092
9398,0.003092
9399,0.003092
9400,0.003092
9401,0.003092
9402,0.003092
9403,0.003092
9404,0.003092
9405,0.003092
9406,0.003092
9407,0.003092
9408,0.003092
9409,0.003092
9410,0.003092
9411,0.003092
9412,0.003092
9413,0.003092
9414,0.003092
9415,0.003092
9416,0.003092
9417,0.003092
9418,0.003092
9419,0.003092
9420,0.003092
9421,0.003092
9422,0.003092
9423,0.003092
9424,0.003092
9425,0.003092
9426,0.003092
9427,0.003092
9428,0.003092
9429,0.003092
9430,0.003092
9431,0.003092
9432,0.003092
9433,0.003092
9434,0.003092
9435,0.003092
9436,0.003092
9437,0.003092
9438,0.003092
9439,0.003092
9440,0.003092
9441,0.003092
9442,0.003092
9443,0.003092
9444,0.003092
9445,0.003092
9446,0.003092
9447,0.003092
9448,0.003092
9449,0.003092
9450,0.003092
9451,0.003092
9452,0.003092
9453,0.003092
9454,0.003092
9455,0.003092
9456,0.003092
9457,0.003092
9458,0.003092
9459,0.003092
9460,0.003092
9461,0.003092
9462,0.003092
9463,0.003092
9464,0.003092
9465,0.003092
9466,0.003092
9467,0.003092
9468,0.003092
9469,0.003092
9470,0.003092
9471,0.003092
9472,0.003092
9473,0.003092
9474,0.003092
9475,0.003092
9476,0.003092
9477,0.003092
9478,0.003092
9479,0.003092
9480,0.003092
9481,0.003092
9482,0.003092
9483,0.003092
9484,0.003092
9485,0.003092
9486,0.003092
9487,0.003092
9488,0.003092
9489,0.003092
9490,0.003092
9491,0.003092
9492,0.003092
9493,0.003092
9494,0.003092
9495,0.003092
9496,0.003092
9497,0.003092
9498,0.003092
9499,0.003092
9500,0.003092
9501,0.003092
9502,0.003092
9503,0.003092
9504,0.003092
9505,0.003092
9506,0.003092
9507,0.003092
9508,0.003092
9509,0.003092
9510,0.003092
9511,0.003092
9512,0.003092
9513,0.003092
9514,0.003092
9515,0.003092
9516,0.003092
9517,0.003092
9518,0.003092
9519,0.003092
9520,0.003092
9521,0.003092
9522,0.003092
9523,0.003092
9524,0.003092
9525,0.003092
9526,0.003092
9527,0.003092
9528,0.003092
9529,0.003092
9530,0.003092
9531,0.003092
9532,0.003092
9533,0.003092
9534,0.003092
9535,0.003092
9536,0.003092
9537,0.003092
9538,0.003092
9539,0.003092
9540,0.003092
9541,0.003092
9542,0.003092
9543,0.003092
9544,0.003092
9545,0.003092
9546,0.003092
9547,0.003092
9548,0.003092
9549,0.003092
9550,0.003092
9551,0.003092
9552,0.003092
9553,0.003092
9554,0.003092
9555,0.003092
9556,0.003092
9557,0.003092
9558,0.003092
9559,0.003092
9560,0.003092
9561,0.003092
9562,0.003092
9563,0.003092
9564,0.003092
9565,0.003092
9566,0.003092
9567,0.003092
9568,0.003092
9569,0.003092
9570,0.003092
9571,0.003092
9572,0.003092
9573,0.003092
9574,0.003092
9575,0.003092
9576,0.003092
9577,0.003092
9578,0.003092
9579,0.003092
9580,0.003092
9581,0.003092
9582,0.003092
9583,0.003092
9584,0.003092
9585,0.003092
9586,0.003092
9587,0.003092
9588,0.003092
9589,0.003092
9590,0.003092
9591,0.003092
9592,0.003092
9593,0.003092
9594,0.003092
9595,0.003092
9596,0.003092
9597,0.003092
9598,0.003092
9599,0.003092
9600,0.003092
9601,0.003092
9602,0.003092
9603,0.003092
9604,0.003092
9605,0.003092
9606,0.003092
9607,0.003092
9608,0.003092
9609,0.003092
9610,0.003092
9611,0.003092
9612,0.003092
9613,0.003092
9614,0.003092
9615,0.003092
9616,0.003092
9617,0.003092
9618,0.003092
9619,0.003092
9620,0.003092
9621,0.003092
9622,0.003092
9623,0.003092
9624,0.003092
9625,0.003092
9626,0.003092
9627,0.003092
9628,0.003092
9629,0.003092
9630,0.003092
9631,0.003092
9632,0.003092
9633,0.003092
9634,0.003092
9635,0.003092
9636,0.003092
9637,0.003092
9638,0.003092
9639,0.003092
9640,0.003092
9641,0.003092
9642,0.003092
9643,0.003092
9644,0.003092
9645,0.003092
9646,0.003092
9647,0.003092
9648,0.003092
9649,0.003092
9650,0.003092
9651,0.003092
9652,0.003092
9653,0.003092
9654,0.003092
9655,0.003092
9656,0.003092
9657,0.003092
9658,0.003092
9659,0.003092
9660,0.003092
9661,0.003092
9662,0.003092
9663,0.003092
9664,0.003092
9665,0.003092
9666,0.003092
9667,0.003092
9668,0.003092
9669,0.003092
9670,0.003092
9671,0.003092
9672,0.003092
9673,0.003092
9674,0.003092
9675,0.003092
9676,0.003092
9677,0.003092
9678,0.003092
9679,0.003092
9680,0.003092
9681,0.003092
9682,0.003092
9683,0.003092
9684,0.003092
9685,0.003092
9686,0.003092
9687,0.003092
9688,0.003092
9689,0.003092
9690,0.003092
9691,0.003092
9692,0.003092
9693,0.003092
9694,0.003092
9695,0.003092
9696,0.003092
9697,0.003092
9698,0.003092
9699,0.003092
9700,0.003092
9701,0.003092
9702,0.003092
9703,0.003092
9704,0.003092
9705,0.003092
9706,0.003092
9707,0.003092
9708,0.003092
9709,0.003092
9710,0.003092
9711,0.003092
9712,0.003092
9713,0.003092
9714,0.003092
9715,0.003092
9716,0.003092
9717,0.003092
9718,0.003092
9719,0.003092
9720,0.003092
9721,0.003092
9722,0.003092
9723,0.003092
9724,0.003092
9725,0.003092
9726,0.003092
9727,0.003092
9728,0.003092
9729,0.003092
9730,0.003092
9731,0.003092
9732,0.003092
9733,0.003092
9734,0.003092
9735,0.003092
9736,0.003092
9737,0.003092
9738,0.003092
9739,0.003092
9740,0.003092
9741,0.003092
9742,0.003092
9743,0.003092
9744,0.003092
9745,0.003092
9746,0.003092
9747,0.003092
9748,0.003092
9749,0.003092
9750,0.003092
9751,0.003092
9752,0.003092
9753,0.003092
9754,0.003092
9755,0.003092
9756,0.003092
9757,0.003092
9758,0.003092
9759,0.003092
9760,0.003092
9761,0.003092
9762,0.003092
9763,0.003092
9764,0.003092
9765,0.003092
9766,0.003092
9767,0.003092
9768,0.003092
9769,0.003092
9770,0.003092
9771,0.003092
9772,0.003092
9773,0.003092
9774,0.003092
9775,0.003092
9776,0.003092
9777,0.003092
9778,0.003092
9779,0.003092
9780,0.003092
9781,0.003092
9782,0.003092
9783,0.003092
9784,0.003092
9785,0.003092
9786,0.003092
9787,0.003092
9788,0.003092
9789,0.003092
9790,0.003092
9791,0.003092
9792,0.003092
9793,0.003092
9794,0.003092
9795,0.003092
9796,0.003092
9797,0.003092
9798,0.003092
9799,0.003092
9800,0.003092
9801,0.003092
9802,0.003092
9803,0.003092
9804,0.003092
9805,0.003092
9806,0.003092
9807,0.003092
9808,0.003092
9809,0.003092
9810,0.003092
9811,0.003092
9812,0.003092
9813,0.003092
9814,0.003092
9815,0.003092
9816,0.003092
9817,0.003092
9818,0.003092
9819,0.003092
9820,0.003092
9821,0.003092
9822,0.003092
9823,0.003092
9824,0.003092
9825,0.003092
9826,0.003092
9827,0.003092
9828,0.003092
9829,0.003092
9830,0.003092
9831,0.003092
9832,0.003092
9833,0.003092
9834,0.003092
9835,0.003092
9836,0.003092
9837,0.003092
9838,0.003092
9839,0.003092
9840,0.003092
9841,0.003092
9842,0.003092
9843,0.003092
9844,0.003092
9845,0.003092
9846,0.003092
9847,0.003092
9848,0.003092
9849,0.003092
9850,0.003092
9851,0.003092
9852,0.003092
9853,0.003092
9854,0.003092
9855,0.003092
9856,0.003092
9857,0.003092
9858,0.003092
9859,0.003092
9860,0.003092
9861,0.003092
9862,0.003092
9863,0.003092
9864,0.003092
9865,0.003092
9866,0.003092
9867,0.003092
9868,0.003092
9869,0.003092
9870,0.003092
9871,0.003092
9872,0.003092
9873,0.003092
9874,0.003092
9875,0.003092
9876,0.003092
9877,0.003092
9878,0.003092
9879,0.003092
9880,0.003092
9881,0.003092
9882,0.003092
9883,0.003092
9884,0.003092
9885,0.003092
9886,0.003092
9887,0.003092
9888,0.003092
9889,0.003092
9890,0.003092
9891,0.003092
9892,0.003092
9893,0.003092
9894,0.003092
9895,0.003092
9896,0.003092
9897,0.003092
9898,0.003092
9899,0.003092
9900,0.003092
9901,0.003092
9902,0.003092
9903,0.003092
9904,0.003092
9905,0.003092
9906,0.003092
9907,0.003092
9908,0.003092
9909,0.003092
9910,0.003092
9911,0.003092
9912,0.003092
9913,0.003092
9914,0.003092
9915,0.003092
9916,0.003092
9917,0.003092
9918,0.003092
9919,0.003092
9920,0.003092
9921,0.003092
9922,0.003092
9923,0.003092
9924,0.003092
9925,0.003092
9926,0.003092
9927,0.003092
9928,0.003092
9929,0.003092
9930,0.003092
9931,0.003092
9932,0.003092
9933,0.003092
9934,0.003092
9935,0.003092
9936,0.003092
9937,0.003092
9938,0.003092
9939,0.003092
9940,0.003092
9941,0.003092
9942,0.003092
9943,0.003092
9944,0.003092
9945,0.003092
9946,0.003092
9947,0.003092
9948,0.003092
9949,0.003092
9950,0.003092
9951,0.003092
9952,0.003092
9953,0.003092
9954,0.003092
9955,0.003092
9956,0.003092
9957,0.003092
9958,0.003092
9959,0.003092
9960,0.003092
9961,0.003092
9962,0.003092
9963,0.003092
9964,0.003092
9965,0.003092
9966,0.003092
9967,0.003092
9968,0.003092
9969,0.003092
9970,0.003092
9971,0.003092
9972,0.003092
9973,0.003092
9974,0.003092
9975,0.003092
9976,0.003092
9977,0.003092
9978,0.003092
9979,0.003092
9980,0.003092
9981,0.003092
9982,0.003092
9983,0.003092
9984,0.003092
9985,0.003092
9986,0.003092
9987,0.003092
9988,0.003092
9989,0.003092
9990,0.003092
9991,0.003092
9992,0.003092
9993,0.003092
9994,0.003092
9995,0.003092
9996,0.003092
9997,0.003092
9998,0.003092
9999,0.003092
10000,0.003092
10001,0.003092
10002,0.003092
10003,0.003092
10004,0.003092
10005,0.003092
10006,0.003092
10007,0.003092
10008,0.003092
10009,0.003092
10010,0.003092
10011,0.003092
10012,0.003092
10013,0.003092
10014,0.003092
10015,0.003092
10016,0.003092
10017,0.003092
10018,0.003092
10019,0.003092
10020,0.003092
10021,0.003092
10022,0.003092
10023,0.003092
10024,0.003092
10025,0.003092
10026,0.003092
10027,0.003092
10028,0.003092
10029,0.003092
10030,0.003092
10031,0.003092
10032,0.003092
10033,0.003092
10034,0.003092
10035,0.003092
10036,0.003092
10037,0.003092
10038,0.003092
10039,0.003092
10040,0.003092
10041,0.003092
10042,0.003092
10043,0.003092
10044,0.003092
10045,0.003092
10046,0.003092
10047,0.003092
10048,0.003092
10049,0.003092
10050,0.003092
10051,0.003092
10052,0.003092
10053,0.003092
10054,0.003092
10055,0.003092
10056,0.003092
10057,0.003092
10058,0.003092
10059,0.003092
10060,0.003092
10061,0.003092
10062,0.003092
10063,0.003092
10064,0.003092
10065,0.003092
10066,0.003092
10067,0.003092
10068,0.003092
10069,0.003092
10070,0.003092
10071,0.003092
10072,0.003092
10073,0.003092
10074,0.003092
10075,0.003092
10076,0.003092
10077,0.003092
10078,0.003092
10079,0.003092
10080,0.003092
10081,0.003092
10082,0.003092
10083,0.003092
10084,0.003092
10085,0.003092
10086,0.003092
10087,0.003092
10088,0.003092
10089,0.003092
10090,0.003092
10091,0.003092
10092,0.003092
10093,0.003092
10094,0.003092
10095,0.003092
10096,0.003092
10097,0.003092
10098,0.003092
10099,0.003092
10100,0.003092
10101,0.003092
10102,0.003092
10103,0.003092
10104,0.003092
10105,0.003092
10106,0.003092
10107,0.003092
10108,0.003092
10109,0.003092
10110,0.003092
10111,0.003092
10112,0.003092
10113,0.003092
10114,0.003092
10115,0.003092
10116,0.003092
10117,0.003092
10118,0.003092
10119,0.003092
10120,0.003092
10121,0.003092
10122,0.003092
10123,0.003092
10124,0.003092
10125,0.003092
10126,0.003092
10127,0.003092
10128,0.003092
10129,0.003092
10130,0.003092
10131,0.003092
10132,0.003092
10133,0.003092
10134,0.003092
10135,0.003092
10136,0.003092
10137,0.003092
10138,0.003092
10139,0.003092
10140,0.003092
10141,0.003092
10142,0.003092
10143,0.003092
10144,0.003092
10145,0.003092
10146,0.003092
10147,0.003092
10148,0.003092
10149,0.003092
10150,0.003092
10151,0.003092
10152,0.003092
10153,0.003092
10154,0.003092
10155,0.003092
10156,0.003092
10157,0.003092
10158,0.003092
10159,0.003092
10160,0.003092
10161,0.003092
10162,0.003092
10163,0.003092
10164,0.003092
10165,0.003092
10166,0.003092
10167,0.003092
10168,0.003092
10169,0.003092
10170,0.003092
10171,0.003092
10172,0.003092
10173,0.003092
10174,0.003092
10175,0.003092
10176,0.003092
10177,0.003092
10178,0.003092
10179,0.003092
10180,0.003092
10181,0.003092
10182,0.003092
10183,0.003092
10184,0.003092
10185,0.003092
10186,0.003092
10187,0.003092
10188,0.003092
10189,0.003092
10190,0.003092
10191,0.003092
10192,0.003092
10193,0.003092
10194,0.003092
10195,0.003092
10196,0.003092
10197,0.003092
10198,0.003092
10199,0.003092
10200,0.003092
10201,0.003092
10202,0.003092
10203,0.003092
10204,0.003092
10205,0.003092
10206,0.003092
10207,0.003092
10208,0.003092
10209,0.003092
10210,0.003092
10211,0.003092
10212,0.003092
10213,0.003092
10214,0.003092
10215,0.003092
10216,0.003092
10217,0.003092
10218,0.003092
10219,0.003092
10220,0.003092
10221,0.003092
10222,0.003092
10223,0.003092
10224,0.003092
10225,0.003092
10226,0.003092
10227,0.003092
10228,0.003092
10229,0.003092
10230,0.003092
10231,0.003092
10232,0.003092
10233,0.003092
10234,0.003092
10235,0.003092
10236,0.003092
10237,0.003092
10238,0.003092
10239,0.003092
10240,0.003092
10241,0.003092
10242,0.003092
10243,0.003092
10244,0.003092
10245,0.003092
10246,0.003092
10247,0.003092
10248,0.003092
10249,0.003092
10250,0.003092
10251,0.003092
10252,0.003092
10253,0.003092
10254,0.003092
10255,0.003092
10256,0.003092
10257,0.003092
10258,0.003092
10259,0.003092
10260,0.003092
10261,0.003092
10262,0.003092
10263,0.003092
10264,0.003092
10265,0.003092
10266,0.003092
10267,0.003092
10268,0.003092
10269,0.003092
10270,0.003092
10271,0.003092
10272,0.003092
10273,0.003092
10274,0.003092
10275,0.003092
10276,0.003092
10277,0.003092
10278,0.003092
10279,0.003092
10280,0.003092
10281,0.003092
10282,0.003092
10283,0.003092
10284,0.003092
10285,0.003092
10286,0.003092
10287,0.003092
10288,0.003092
10289,0.003092
10290,0.003092
10291,0.003092
10292,0.003092
10293,0.003092
10294,0.003092
10295,0.003092
10296,0.003092
10297,0.003092
10298,0.003092
10299,0.003092
10300,0.003092
10301,0.003092
10302,0.003092
10303,0.003092
10304,0.003092
10305,0.003092
10306,0.003092
10307,0.003092
10308,0.003092
10309,0.003092
10310,0.003092
10311,0.003092
10312,0.003092
10313,0.003092
10314,0.003092
10315,0.003092
10316,0.003092
10317,0.003092
10318,0.003092
10319,0.003092
10320,0.003092
10321,0.003092
10322,0.003092
10323,0.003092
10324,0.003092
10325,0.003092
10326,0.003092
10327,0.003092
10328,0.003092
10329,0.003092
10330,0.003092
10331,0.003092
10332,0.003092
10333,0.003092
10334,0.003092
10335,0.003092
10336,0.003092
10337,0.003092
10338,0.003092
10339,0.003092
10340,0.003092
10341,0.003092
10342,0.003092
10343,0.003092
10344,0.003092
10345,0.003092
10346,0.003092
10347,0.003092
10348,0.003092
10349,0.003092
10350,0.003092
10351,0.003092
10352,0.003092
10353,0.003092
10354,0.003092
10355,0.003092
10356,0.003092
10357,0.003092
10358,0.003092
10359,0.003092
10360,0.003092
10361,0.003092
10362,0.003092
10363,0.003092
10364,0.003092
10365,0.003092
10366,0.003092
10367,0.003092
10368,0.003092
10369,0.003092
10370,0.003092
10371,0.003092
10372,0.003092
10373,0.003092
10374,0.003092
10375,0.003092
10376,0.003092
10377,0.003092
10378,0.003092
10379,0.003092
10380,0.003092
10381,0.003092
10382,0.003092
10383,0.003092
10384,0.003092
10385,0.003092
10386,0.003092
10387,0.003092
10388,0.003092
10389,0.003092
10390,0.003092
10391,0.003092
10392,0.003092
10393,0.003092
10394,0.003092
10395,0.003092
10396,0.003092
10397,0.003092
10398,0.003092
10399,0.003092
10400,0.003092
10401,0.003092
10402,0.003092
10403,0.003092
10404,0.003092
10405,0.003092
10406,0.003092
10407,0.003092
10408,0.003092
10409,0.003092
10410,0.003092
10411,0.003092
10412,0.003092
10413,0.003092
10414,0.003092
10415,0.003092
10416,0.003092
10417,0.003092
10418,0.003092
10419,0.003092
10420,0.003092
10421,0.003092
10422,0.003092
10423,0.003092
10424,0.003092
10425,0.003092
10426,0.003092
10427,0.003092
10428,0.003092
10429,0.003092
10430,0.003092
10431,0.003092
10432,0.003092
10433,0.003092
10434,0.003092
10435,0.003092
10436,0.003092
10437,0.003092
10438,0.003092
10439,0.003092
10440,0.003092
10441,0.003092
10442,0.003092
10443,0.003092
10444,0.003092
10445,0.003092
10446,0.003092
10447,0.003092
10448,0.003092
10449,0.003092
10450,0.003092
10451,0.003092
10452,0.003092
10453,0.003092
10454,0.003092
10455,0.003092
10456,0.003092
10457,0.003092
10458,0.003092
10459,0.003092
10460,0.003092
10461,0.003092
10462,0.003092
10463,0.003092
10464,0.003092
10465,0.003092
10466,0.003092
10467,0.003092
10468,0.003092
10469,0.003092
10470,0.003092
10471,0.003092
10472,0.003092
10473,0.003092
10474,0.003092
10475,0.003092
10476,0.003092
10477,0.003092
10478,0.003092
10479,0.003092
10480,0.003092
10481,0.003092
10482,0.003092
10483,0.003092
10484,0.003092
10485,0.003092
10486,0.003092
10487,0.003092
10488,0.003092
10489,0.003092
10490,0.003092
10491,0.003092
10492,0.003092
10493,0.003092
10494,0.003092
10495,0.003092
10496,0.003092
10497,0.003092
10498,0.003092
10499,0.003092
10500,0.003092
10501,0.003092
10502,0.003092
10503,0.003092
10504,0.003092
10505,0.003092
10506,0.003092
10507,0.003092
10508,0.003092
10509,0.003092
10510,0.003092
10511,0.003092
10512,0.003092
10513,0.003092
10514,0.003092
10515,0.003092
10516,0.003092
10517,0.003092
10518,0.003092
10519,0.003092
10520,0.003092
10521,0.003092
10522,0.003092
10523,0.003092
10524,0.003092
10525,0.003092
10526,0.003092
10527,0.003092
10528,0.003092
10529,0.003092
10530,0.003092
10531,0.003092
10532,0.003092
10533,0.003092
10534,0.003092
10535,0.003092
10536,0.003092
10537,0.003092
10538,0.003092
10539,0.003092
10540,0.003092
10541,0.003092
10542,0.003092
10543,0.003092
10544,0.003092
10545,0.003092
10546,0.003092
10547,0.003092
10548,0.003092
10549,0.003092
10550,0.003092
10551,0.003092
10552,0.003092
10553,0.003092
10554,0.003092
10555,0.003092
10556,0.003092
10557,0.003092
10558,0.003092
10559,0.003092
10560,0.003092
10561,0.003092
10562,0.003092
10563,0.003092
10564,0.003092
10565,0.003092
10566,0.003092
10567,0.003092
10568,0.003092
10569,0.003092
10570,0.003092
10571,0.003092
10572,0.003092
10573,0.003092
10574,0.003092
10575,0.003092
10576,0.003092
10577,0.003092
10578,0.003092
10579,0.003092
10580,0.003092
10581,0.003092
10582,0.003092
10583,0.003092
10584,0.003092
10585,0.003092
10586,0.003092
10587,0.003092
10588,0.003092
10589,0.003092
10590,0.003092
10591,0.003092
10592,0.003092
10593,0.003092
10594,0.003092
10595,0.003092
10596,0.003092
10597,0.003092
10598,0.003092
10599,0.003092
10600,0.003092
10601,0.003092
10602,0.003092
10603,0.003092
10604,0.003092
10605,0.003092
10606,0.003092
10607,0.003092
10608,0.003092
10609,0.003092
10610,0.003092
10611,0.003092
10612,0.003092
10613,0.003092
10614,0.003092
10615,0.003092
10616,0.003092
10617,0.003092
10618,0.003092
10619,0.003092
10620,0.003092
10621,0.003092
10622,0.003092
10623,0.003092
10624,0.003092
10625,0.003092
10626,0.003092
10627,0.003092
10628,0.003092
10629,0.003092
10630,0.003092
10631,0.003092
10632,0.003092
10633,0.003092
10634,0.003092
10635,0.003092
10636,0.003092
10637,0.003092
10638,0.003092
10639,0.003092
10640,0.003092
10641,0.003092
10642,0.003092
10643,0.003092
10644,0.003092
10645,0.003092
10646,0.003092
10647,0.003092
10648,0.003092
10649,0.003092
10650,0.003092
10651,0.003092
10652,0.003092
10653,0.003092
10654,0.003092
10655,0.003092
10656,0.003092
10657,0.003092
10658,0.003092
10659,0.003092
10660,0.003092
10661,0.003092
10662,0.003092
10663,0.003092
10664,0.003092
10665,0.003092
10666,0.003092
10667,0.003092
10668,0.003092
10669,0.003092
10670,0.003092
10671,0.003092
10672,0.003092
10673,0.003092
10674,0.003092
10675,0.003092
10676,0.003092
10677,0.003092
10678,0.003092
10679,0.003092
10680,0.003092
10681,0.003092
10682,0.003092
10683,0.003092
10684,0.003092
10685,0.003092
10686,0.003092
10687,0.003092
10688,0.003092
10689,0.003092
10690,0.003092
10691,0.003092
10692,0.003092
10693,0.003092
10694,0.003092
10695,0.003092
10696,0.003092
10697,0.003092
10698,0.003092
10699,0.003092
10700,0.003092
10701,0.003092
10702,0.003092
10703,0.003092
10704,0.003092
10705,0.003092
10706,0.003092
10707,0.003092
10708,0.003092
10709,0.003092
10710,0.003092
10711,0.003092
10712,0.003092
10713,0.003092
10714,0.003092
10715,0.003092
10716,0.003092
10717,0.003092
10718,0.003092
10719,0.003092
10720,0.003092
10721,0.003092
10722,0.003092
10723,0.003092
10724,0.003092
10725,0.003092
10726,0.003092
10727,0.003092
10728,0.003092
10729,0.003092
10730,0.003092
10731,0.003092
10732,0.003092
10733,0.003092
10734,0.003092
10735,0.003092
10736,0.003092
10737,0.003092
10738,0.003092
10739,0.003092
10740,0.003092
10741,0.003092
10742,0.003092
10743,0.003092
10744,0.003092
10745,0.003092
10746,0.003092
10747,0.003092
10748,0.003092
10749,0.003092
10750,0.003092
10751,0.003092
10752,0.003092
10753,0.003092
10754,0.003092
10755,0.003092
10756,0.003092
10757,0.003092
10758,0.003092
10759,0.003092
10760,0.003092
10761,0.003092
10762,0.003092
10763,0.003092
10764,0.003092
10765,0.003092
10766,0.003092
10767,0.003092
10768,0.003092
10769,0.003092
10770,0.003092
10771,0.003092
10772,0.003092
10773,0.003092
10774,0.003092
10775,0.003092
10776,0.003092
10777,0.003092
10778,0.003092
10779,0.003092
10780,0.003092
10781,0.003092
10782,0.003092
10783,0.003092
10784,0.003092
10785,0.003092
10786,0.003092
10787,0.003092
10788,0.003092
10789,0.003092
10790,0.003092
10791,0.003092
10792,0.003092
10793,0.003092
10794,0.003092
10795,0.003092
10796,0.003092
10797,0.003092
10798,0.003092
10799,0.003092
10800,0.003092
10801,0.003092
10802,0.003092
10803,0.003092
10804,0.003092
10805,0.003092
10806,0.003092
10807,0.003092
10808,0.003092
10809,0.003092
10810,0.003092
10811,0.003092
10812,0.003092
10813,0.003092
10814,0.003092
10815,0.003092
10816,0.003092
10817,0.003092
10818,0.003092
10819,0.003092
10820,0.003092
10821,0.003092
10822,0.003092
10823,0.003092
10824,0.003092
10825,0.003092
10826,0.003092
10827,0.003092
10828,0.003092
10829,0.003092
10830,0.003092
10831,0.003092
10832,0.003092
10833,0.003092
10834,0.003092
10835,0.003092
10836,0.003092
10837,0.003092
10838,0.003092
10839,0.003092
10840,0.003092
10841,0.003092
10842,0.003092
10843,0.003092
10844,0.003092
10845,0.003092
10846,0.003092
10847,0.003092
10848,0.003092
10849,0.003092
10850,0.003092
10851,0.003092
10852,0.003092
10853,0.003092
10854,0.003092
10855,0.003092
10856,0.003092
10857,0.003092
10858,0.003092
10859,0.003092
10860,0.003092
10861,0.003092
10862,0.003092
10863,0.003092
10864,0.003092
10865,0.003092
10866,0.003092
10867,0.003092
10868,0.003092
10869,0.003092
10870,0.003092
10871,0.003092
10872,0.003092
10873,0.003092
10874,0.003092
10875,0.003092
10876,0.003092
10877,0.003092
10878,0.003092
10879,0.003092
10880,0.003092
10881,0.003092
10882,0.003092
10883,0.003092
10884,0.003092
10885,0.003092
10886,0.003092
10887,0.003092
10888,0.003092
10889,0.003092
10890,0.003092
10891,0.003092
10892,0.003092
10893,0.003092
10894,0.003092
10895,0.003092
10896,0.003092
10897,0.003092
10898,0.003092
10899,0.003092
10900,0.003092
10901,0.003092
10902,0.003092
10903,0.003092
10904,0.003092
10905,0.003092
10906,0.003092
10907,0.003092
10908,0.003092
10909,0.003092
10910,0.003092
10911,0.003092
10912,0.003092
10913,0.003092
10914,0.003092
10915,0.003092
10916,0.003092
10917,0.003092
10918,0.003092
10919,0.003092
10920,0.003092
10921,0.003092
10922,0.003092
10923,0.003092
10924,0.003092
10925,0.003092
10926,0.003092
10927,0.003092
10928,0.003092
10929,0.003092
10930,0.003092
10931,0.003092
10932,0.003092
10933,0.003092
10934,0.003092
10935,0.003092
10936,0.003092
10937,0.003092
10938,0.003092
10939,0.003092
10940,0.003092
10941,0.003092
10942,0.003092
10943,0.003092
10944,0.003092
10945,0.003092
10946,0.003092
10947,0.003092
10948,0.003092
10949,0.003092
10950,0.003092
10951,0.003092
10952,0.003092
10953,0.003092
10954,0.003092
10955,0.003092
10956,0.003092
10957,0.003092
10958,0.003092
10959,0.003092
10960,0.003092
10961,0.003092
10962,0.003092
10963,0.003092
10964,0.003092
10965,0.003092
10966,0.003092
10967,0.003092
10968,0.003092
10969,0.003092
10970,0.003092
10971,0.003092
10972,0.003092
10973,0.003092
10974,0.003092
10975,0.003092
10976,0.003092
10977,0.003092
10978,0.003092
10979,0.003092
10980,0.003092
10981,0.003092
10982,0.003092
10983,0.003092
10984,0.003092
10985,0.003092
10986,0.003092
10987,0.003092
10988,0.003092
10989,0.003092
10990,0.003092
10991,0.003092
10992,0.003092
10993,0.003092
10994,0.003092
10995,0.003092
10996,0.003092
10997,0.003092
10998,0.003092
10999,0.003092
11000,0.003092
11001,0.003092
11002,0.003092
11003,0.003092
11004,0.003092
11005,0.003092
11006,0.003092
11007,0.003092
11008,0.003092
11009,0.003092
11010,0.003092
11011,0.003092
11012,0.003092
11013,0.003092
11014,0.003092
11015,0.003092
11016,0.003092
11017,0.003092
11018,0.003092
11019,0.003092
11020,0.003092
11021,0.003092
11022,0.003092
11023,0.003092
11024,0.003092
11025,0.003092
11026,0.003092
11027,0.003092
11028,0.003092
11029,0.003092
11030,0.003092
11031,0.003092
11032,0.003092
11033,0.003092
11034,0.003092
11035,0.003092
11036,0.003092
11037,0.003092
11038,0.003092
11039,0.003092
11040,0.003092
11041,0.003092
11042,0.003092
11043,0.003092
11044,0.003092
11045,0.003092
11046,0.003092
11047,0.003092
11048,0.003092
11049,0.003092
11050,0.003092
11051,0.003092
11052,0.003092
11053,0.003092
11054,0.003092
11055,0.003092
11056,0.003092
11057,0.003092
11058,0.003092
11059,0.003092
11060,0.003092
11061,0.003092
11062,0.003092
11063,0.003092
11064,0.003092
11065,0.003092
11066,0.003092
11067,0.003092
11068,0.003092
11069,0.003092
11070,0.003092
11071,0.003092
11072,0.003092
11073,0.003092
11074,0.003092
11075,0.003092
11076,0.003092
11077,0.003092
11078,0.003092
11079,0.003092
11080,0.003092
11081,0.003092
11082,0.003092
11083,0.003092
11084,0.003092
11085,0.003092
11086,0.003092
11087,0.003092
11088,0.003092
11089,0.003092
11090,0.003092
11091,0.003092
11092,0.003092
11093,0.003092
11094,0.003092
11095,0.003092
11096,0.003092
11097,0.003092
11098,0.003092
11099,0.003092
11100,0.003092
11101,0.003092
11102,0.003092
11103,0.003092
11104,0.003092
11105,0.003092
11106,0.003092
11107,0.003092
11108,0.003092
11109,0.003092
11110,0.003092
11111,0.003092
11112,0.003092
11113,0.003092
11114,0.003092
11115,0.003092
11116,0.003092
11117,0.003092
11118,0.003092
11119,0.003092
11120,0.003092
11121,0.003092
11122,0.003092
11123,0.003092
11124,0.003092
11125,0.003092
11126,0.003092
11127,0.003092
11128,0.003092
11129,0.003092
11130,0.003092
11131,0.003092
11132,0.003092
11133,0.003092
11134,0.003092
11135,0.003092
11136,0.003092
11137,0.003092
11138,0.003092
11139,0.003092
11140,0.003092
11141,0.003092
11142,0.003092
11143,0.003092
11144,0.003092
11145,0.003092
11146,0.003092
11147,0.003092
11148,0.003092
11149,0.003092
11150,0.003092
11151,0.003092
11152,0.003092
11153,0.003092
11154,0.003092
11155,0.003092
11156,0.003092
11157,0.003092
11158,0.003092
11159,0.003092
11160,0.003092
11161,0.003092
11162,0.003092
11163,0.003092
11164,0.003092
11165,0.003092
11166,0.003092
11167,0.003092
11168,0.003092
11169,0.003092
11170,0.003092
11171,0.003092
11172,0.003092
11173,0.003092
11174,0.003092
11175,0.003092
11176,0.003092
11177,0.003092
11178,0.003092
11179,0.003092
11180,0.003092
11181,0.003092
11182,0.003092
11183,0.003092
11184,0.003092
11185,0.003092
11186,0.003092
11187,0.003092
11188,0.003092
11189,0.003092
11190,0.003092
11191,0.003092
11192,0.003092
11193,0.003092
11194,0.003092
11195,0.003092
11196,0.003092
11197,0.003092
11198,0.003092
11199,0.003092
11200,0.003092
11201,0.003092
11202,0.003092
11203,0.003092
11204,0.003092
11205,0.003092
11206,0.003092
11207,0.003092
11208,0.003092
11209,0.003092
11210,0.003092
11211,0.003092
11212,0.003092
11213,0.003092
11214,0.003092
11215,0.003092
11216,0.003092
11217,0.003092
11218,0.003092
11219,0.003092
11220,0.003092
11221,0.003092
11222,0.003092
11223,0.003092
11224,0.003092
11225,0.003092
11226,0.003092
11227,0.003092
11228,0.003092
11229,0.003092
11230,0.003092
11231,0.003092
11232,0.003092
11233,0.003092
11234,0.003092
11235,0.003092
11236,0.003092
11237,0.003092
11238,0.003092
11239,0.003092
11240,0.003092
11241,0.003092
11242,0.003092
11243,0.003092
11244,0.003092
11245,0.003092
11246,0.003092
11247,0.003092
11248,0.003092
11249,0.003092
11250,0.003092
11251,0.003092
11252,0.003092
11253,0.003092
11254,0.003092
11255,0.003092
11256,0.003092
11257,0.003092
11258,0.003092
11259,0.003092
11260,0.003092
11261,0.003092
11262,0.003092
11263,0.003092
11264,0.003092
11265,0.003092
11266,0.003092
11267,0.003092
11268,0.003092
11269,0.003092
11270,0.003092
11271,0.003092
11272,0.003092
11273,0.003092
11274,0.003092
11275,0.003092
11276,0.003092
11277,0.003092
11278,0.003092
11279,0.003092
11280,0.003092
11281,0.003092
11282,0.003092
11283,0.003092
11284,0.003092
11285,0.003092
11286,0.003092
11287,0.003092
11288,0.003092
11289,0.003092
11290,0.003092
11291,0.003092
11292,0.003092
11293,0.003092
11294,0.003092
11295,0.003092
11296,0.003092
11297,0.003092
11298,0.003092
11299,0.003092
11300,0.003092
11301,0.003092
11302,0.003092
11303,0.003092
11304,0.003092
11305,0.003092
11306,0.003092
11307,0.003092
11308,0.003092
11309,0.003092
11310,0.003092
11311,0.003092
11312,0.003092
11313,0.003092
11314,0.003092
11315,0.003092
11316,0.003092
11317,0.003092
11318,0.003092
11319,0.003092
11320,0.003092
11321,0.003092
11322,0.003092
11323,0.003092
11324,0.003092
11325,0.003092
11326,0.003092
11327,0.003092
11328,0.003092
11329,0.003092
11330,0.003092
11331,0.003092
11332,0.003092
11333,0.003092
11334,0.003092
11335,0.003092
11336,0.003092
11337,0.003092
11338,0.003092
11339,0.003092
11340,0.003092
11341,0.003092
11342,0.003092
11343,0.003092
11344,0.003092
11345,0.003092
11346,0.003092
11347,0.003092
11348,0.003092
11349,0.003092
11350,0.003092
11351,0.003092
11352,0.003092
11353,0.003092
11354,0.003092
11355,0.003092
11356,0.003092
11357,0.003092
11358,0.003092
11359,0.003092
11360,0.003092
11361,0.003092
11362,0.003092
11363,0.003092
11364,0.003092
11365,0.003092
11366,0.003092
11367,0.003092
11368,0.003092
11369,0.003092
11370,0.003092
11371,0.003092
11372,0.003092
11373,0.003092
11374,0.003092
11375,0.003092
11376,0.003092
11377,0.003092
11378,0.003092
11379,0.003092
11380,0.003092
11381,0.003092
11382,0.003092
11383,0.003092
11384,0.003092
11385,0.003092
11386,0.003092
11387,0.003092
11388,0.003092
11389,0.003092
11390,0.003092
11391,0.003092
11392,0.003092
11393,0.003092
11394,0.003092
11395,0.003092
11396,0.003092
11397,0.003092
11398,0.003092
11399,0.003092
11400,0.003092
11401,0.003092
11402,0.003092
11403,0.003092
11404,0.003092
11405,0.003092
11406,0.003092
11407,0.003092
11408,0.003092
11409,0.003092
11410,0.003092
11411,0.003092
11412,0.003092
11413,0.003092
11414,0.003092
11415,0.003092
11416,0.003092
11417,0.003092
11418,0.003092
11419,0.003092
11420,0.003092
11421,0.003092
11422,0.003092
11423,0.003092
11424,0.003092
11425,0.003092
11426,0.003092
11427,0.003092
11428,0.003092
11429,0.003092
11430,0.003092
11431,0.003092
11432,0.003092
11433,0.003092
11434,0.003092
11435,0.003092
11436,0.003092
11437,0.003092
11438,0.003092
11439,0.003092
11440,0.003092
11441,0.003092
11442,0.003092
11443,0.003092
11444,0.003092
11445,0.003092
11446,0.003092
11447,0.003092
11448,0.003092
11449,0.003092
11450,0.003092
11451,0.003092
11452,0.003092
11453,0.003092
11454,0.003092
11455,0.003092
11456,0.003092
11457,0.003092
11458,0.003092
11459,0.003092
11460,0.003092
11461,0.003092
11462,0.003092
11463,0.003092
11464,0.003092
11465,0.003092
11466,0.003092
11467,0.003092
11468,0.003092
11469,0.003092
11470,0.003092
11471,0.003092
11472,0.003092
11473,0.003092
11474,0.003092
11475,0.003092
11476,0.003092
11477,0.003092
11478,0.003092
11479,0.003092
11480,0.003092
11481,0.003092
11482,0.003092
11483,0.003092
11484,0.003092
11485,0.003092
11486,0.003092
11487,0.003092
11488,0.003092
11489,0.003092
11490,0.003092
11491,0.003092
11492,0.003092
11493,0.003092
11494,0.003092
11495,0.003092
11496,0.003092
11497,0.003092
11498,0.003092
11499,0.003092
11500,0.003092
11501,0.003092
11502,0.003092
11503,0.003092
11504,0.003092
11505,0.003092
11506,0.003092
11507,0.003092
11508,0.003092
11509,0.003092
11510,0.003092
11511,0.003092
11512,0.003092
11513,0.003092
11514,0.003092
11515,0.003092
11516,0.003092
11517,0.003092
11518,0.003092
11519,0.003092
11520,0.003092
11521,0.003092
11522,0.003092
11523,0.003092
11524,0.003092
11525,0.003092
11526,0.003092
11527,0.003092
11528,0.003092
11529,0.003092
11530,0.003092
11531,0.003092
11532,0.003092
11533,0.003092
11534,0.003092
11535,0.003092
11536,0.003092
11537,0.003092
11538,0.003092
11539,0.003092
11540,0.003092
11541,0.003092
11542,0.003092
11543,0.003092
11544,0.003092
11545,0.003092
11546,0.003092
11547,0.003092
11548,0.003092
11549,0.003092
11550,0.003092
11551,0.003092
11552,0.003092
11553,0.003092
11554,0.003092
11555,0.003092
11556,0.003092
11557,0.003092
11558,0.003092
11559,0.003092
11560,0.003092
11561,0.003092
11562,0.003092
11563,0.003092
11564,0.003092
11565,0.003092
11566,0.003092
11567,0.003092
11568,0.003092
11569,0.003092
11570,0.003092
11571,0.003092
11572,0.003092
11573,0.003092
11574,0.003092
11575,0.003092
11576,0.003092
11577,0.003092
11578,0.003092
11579,0.003092
11580,0.003092
11581,0.003092
11582,0.003092
11583,0.003092
11584,0.003092
11585,0.003092
11586,0.003092
11587,0.003092
11588,0.003092
11589,0.003092
11590,0.003092
11591,0.003092
11592,0.003092
11593,0.003092
11594,0.003092
11595,0.003092
11596,0.003092
11597,0.003092
11598,0.003092
11599,0.003092
11600,0.003092
11601,0.003092
11602,0.003092
11603,0.003092
11604,0.003092
11605,0.003092
11606,0.003092
11607,0.003092
11608,0.003092
11609,0.003092
11610,0.003092
11611,0.003092
11612,0.003092
11613,0.003092
11614,0.003092
11615,0.003092
11616,0.003092
11617,0.003092
11618,0.003092
11619,0.003092
11620,0.003092
11621,0.003092
11622,0.003092
11623,0.003092
11624,0.003092
11625,0.003092
11626,0.003092
11627,0.003092
11628,0.003092
11629,0.003092
11630,0.003092
11631,0.003092
11632,0.003092
11633,0.003092
11634,0.003092
11635,0.003092
11636,0.003092
11637,0.003092
11638,0.003092
11639,0.003092
11640,0.003092
11641,0.003092
11642,0.003092
11643,0.003092
11644,0.003092
11645,0.003092
11646,0.003092
11647,0.003092
11648,0.003092
11649,0.003092
11650,0.003092
11651,0.003092
11652,0.003092
11653,0.003092
11654,0.003092
11655,0.003092
11656,0.003092
11657,0.003092
11658,0.003092
11659,0.003092
11660,0.003092
11661,0.003092
11662,0.003092
11663,0.003092
11664,0.003092
11665,0.003092
11666,0.003092
11667,0.003092
11668,0.003092
11669,0.003092
11670,0.003092
11671,0.003092
11672,0.003092
11673,0.003092
11674,0.003092
11675,0.003092
11676,0.003092
11677,0.003092
11678,0.003092
11679,0.003092
11680,0.003092
11681,0.003092
11682,0.003092
11683,0.003092
11684,0.003092
11685,0.003092
11686,0.003092
11687,0.003092
11688,0.003092
11689,0.003092
11690,0.003092
11691,0.003092
11692,0.003092
11693,0.003092
11694,0.003092
11695,0.003092
11696,0.003092
11697,0.003092
11698,0.003092
11699,0.003092
11700,0.003092
11701,0.003092
11702,0.003092
11703,0.003092
11704,0.003092
11705,0.003092
11706,0.003092
11707,0.003092
11708,0.003092
11709,0.003092
11710,0.003092
11711,0.003092
11712,0.003092
11713,0.003092
11714,0.003092
11715,0.003092
11716,0.003092
11717,0.003092
11718,0.003092
11719,0.003092
11720,0.003092
11721,0.003092
11722,0.003092
11723,0.003092
11724,0.003092
11725,0.003092
11726,0.003092
11727,0.003092
11728,0.003092
11729,0.003092
11730,0.003092
11731,0.003092
11732,0.003092
11733,0.003092
11734,0.003092
11735,0.003092
11736,0.003092
11737,0.003092
11738,0.003092
11739,0.003092
11740,0.003092
11741,0.003092
11742,0.003092
11743,0.003092
11744,0.003092
11745,0.003092
11746,0.003092
11747,0.003092
11748,0.003092
11749,0.003092
11750,0.003092
11751,0.003092
11752,0.003092
11753,0.003092
11754,0.003092
11755,0.003092
11756,0.003092
11757,0.003092
11758,0.003092
11759,0.003092
11760,0.003092
11761,0.003092
11762,0.003092
11763,0.003092
11764,0.003092
11765,0.003092
11766,0.003092
11767,0.003092
11768,0.003092
11769,0.003092
11770,0.003092
11771,0.003092
11772,0.003092
11773,0.003092
11774,0.003092
11775,0.003092
11776,0.003092
11777,0.003092
11778,0.003092
11779,0.003092
11780,0.003092
11781,0.003092
11782,0.003092
11783,0.003092
11784,0.003092
11785,0.003092
11786,0.003092
11787,0.003092
11788,0.003092
11789,0.003092
11790,0.003092
11791,0.003092
11792,0.003092
11793,0.003092
11794,0.003092
11795,0.003092
11796,0.003092
11797,0.003092
11798,0.003092
11799,0.003092
11800,0.003092
11801,0.003092
11802,0.003092
11803,0.003092
11804,0.003092
11805,0.003092
11806,0.003092
11807,0.003092
11808,0.003092
11809,0.003092
11810,0.003092
11811,0.003092
11812,0.003092
11813,0.003092
11814,0.003092
11815,0.003092
11816,0.003092
11817,0.003092
11818,0.003092
11819,0.003092
11820,0.003092
11821,0.003092
11822,0.003092
11823,0.003092
11824,0.003092
11825,0.003092
11826,0.003092
11827,0.003092
11828,0.003092
11829,0.003092
11830,0.003092
11831,0.003092
11832,0.003092
11833,0.003092
11834,0.003092
11835,0.003092
11836,0.003092
11837,0.003092
11838,0.003092
11839,0.003092
11840,0.003092
11841,0.003092
11842,0.003092
11843,0.003092
11844,0.003092
11845,0.003092
11846,0.003092
11847,0.003092
11848,0.003092
11849,0.003092
11850,0.003092
11851,0.003092
11852,0.003092
11853,0.003092
11854,0.003092
11855,0.003092
11856,0.003092
11857,0.003092
11858,0.003092
11859,0.003092
11860,0.003092
11861,0.003092
11862,0.003092
11863,0.003092
11864,0.003092
11865,0.003092
11866,0.003092
11867,0.003092
11868,0.003092
11869,0.003092
11870,0.003092
11871,0.003092
11872,0.003092
11873,0.003092
11874,0.003092
11875,0.003092
11876,0.003092
11877,0.003092
11878,0.003092
11879,0.003092
11880,0.003092
11881,0.003092
11882,0.003092
11883,0.003092
11884,0.003092
11885,0.003092
11886,0.003092
11887,0.003092
11888,0.003092
11889,0.003092
11890,0.003092
11891,0.003092
11892,0.003092
11893,0.003092
11894,0.003092
11895,0.003092
11896,0.003092
11897,0.003092
11898,0.003092
11899,0.003092
11900,0.003092
11901,0.003092
11902,0.003092
11903,0.003092
11904,0.003092
11905,0.003092
11906,0.003092
11907,0.003092
11908,0.003092
11909,0.003092
11910,0.003092
11911,0.003092
11912,0.003092
11913,0.003092
11914,0.003092
11915,0.003092
11916,0.003092
11917,0.003092
11918,0.003092
11919,0.003092
11920,0.003092
11921,0.003092
11922,0.003092
11923,0.003092
11924,0.003092
11925,0.003092
11926,0.003092
11927,0.003092
11928,0.003092
11929,0.003092
11930,0.003092
11931,0.003092
11932,0.003092
11933,0.003092
11934,0.003092
11935,0.003092
11936,0.003092
11937,0.003092
11938,0.003092
11939,0.003092
11940,0.003092
11941,0.003092
11942,0.003092
11943,0.003092
11944,0.003092
11945,0.003092
11946,0.003092
11947,0.003092
11948,0.003092
11949,0.003092
11950,0.003092
11951,0.003092
11952,0.003092
11953,0.003092
11954,0.003092
11955,0.003092
11956,0.003092
11957,0.003092
11958,0.003092
11959,0.003092
11960,0.003092
11961,0.003092
11962,0.003092
11963,0.003092
11964,0.003092
11965,0.003092
11966,0.003092
11967,0.003092
11968,0.003092
11969,0.003092
11970,0.003092
11971,0.003092
11972,0.003092
11973,0.003092
11974,0.003092
11975,0.003092
11976,0.003092
11977,0.003092
11978,0.003092
11979,0.003092
11980,0.003092
11981,0.003092
11982,0.003092
11983,0.003092
11984,0.003092
11985,0.003092
11986,0.003092
11987,0.003092
11988,0.003092
11989,0.003092
11990,0.003092
11991,0.003092
11992,0.003092
11993,0.003092
11994,0.003092
11995,0.003092
11996,0.003092
11997,0.003092
11998,0.003092
11999,0.003092
12000,0.003092
12001,0.003092
12002,0.003092
12003,0.003092
12004,0.003092
12005,0.003092
12006,0.003092
12007,0.003092
12008,0.003092
12009,0.003092
12010,0.003092
12011,0.003092
12012,0.003092
12013,0.003092
12014,0.003092
12015,0.003092
12016,0.003092
12017,0.003092
12018,0.003092
12019,0.003092
12020,0.003092
12021,0.003092
12022,0.003092
12023,0.003092
12024,0.003092
12025,0.003092
12026,0.003092
12027,0.003092
12028,0.003092
12029,0.003092
12030,0.003092
12031,0.003092
12032,0.003092
12033,0.003092
12034,0.003092
12035,0.003092
12036,0.003092
12037,0.003092
12038,0.003092
12039,0.003092
12040,0.003092
12041,0.003092
12042,0.003092
12043,0.003092
12044,0.003092
12045,0.003092
12046,0.003092
12047,0.003092
12048,0.003092
12049,0.003092
12050,0.003092
12051,0.003092
12052,0.003092
12053,0.003092
12054,0.003092
12055,0.003092
12056,0.003092
12057,0.003092
12058,0.003092
12059,0.003092
12060,0.003092
12061,0.003092
12062,0.003092
12063,0.003092
12064,0.003092
12065,0.003092
12066,0.003092
12067,0.003092
12068,0.003092
12069,0.003092
12070,0.003092
12071,0.003092
12072,0.003092
12073,0.003092
12074,0.003092
12075,0.003092
12076,0.003092
12077,0.003092
12078,0.003092
12079,0.003092
12080,0.003092
12081,0.003092
12082,0.003092
12083,0.003092
12084,0.003092
12085,0.003092
12086,0.003092
12087,0.003092
12088,0.003092
12089,0.003092
12090,0.003092
12091,0.003092
12092,0.003092
12093,0.003092
12094,0.003092
12095,0.003092
12096,0.003092
12097,0.003092
12098,0.003092
12099,0.003092
12100,0.003092
12101,0.003092
12102,0.003092
12103,0.003092
12104,0.003092
12105,0.003092
12106,0.003092
12107,0.003092
12108,0.003092
12109,0.003092
12110,0.003092
12111,0.003092
12112,0.003092
12113,0.003092
12114,0.003092
12115,0.003092
12116,0.003092
12117,0.003092
12118,0.003092
12119,0.003092
12120,0.003092
12121,0.003092
12122,0.003092
12123,0.003092
12124,0.003092
12125,0.003092
12126,0.003092
12127,0.003092
12128,0.003092
12129,0.003092
12130,0.003092
12131,0.003092
12132,0.003092
12133,0.003092
12134,0.003092
12135,0.003092
12136,0.003092
12137,0.003092
12138,0.003092
12139,0.003092
12140,0.003092
12141,0.003092
12142,0.003092
12143,0.003092
12144,0.003092
12145,0.003092
12146,0.003092
12147,0.003092
12148,0.003092
12149,0.003092
12150,0.003092
12151,0.003092
12152,0.003092
12153,0.003092
12154,0.003092
12155,0.003092
12156,0.003092
12157,0.003092
12158,0.003092
12159,0.003092
12160,0.003092
12161,0.003092
12162,0.003092
12163,0.003092
12164,0.003092
12165,0.003092
12166,0.003092
12167,0.003092
12168,0.003092
12169,0.003092
12170,0.003092
12171,0.003092
12172,0.003092
12173,0.003092
12174,0.003092
12175,0.003092
12176,0.003092
12177,0.003092
12178,0.003092
12179,0.003092
12180,0.003092
12181,0.003092
12182,0.003092
12183,0.003092
12184,0.003092
12185,0.003092
12186,0.003092
12187,0.003092
12188,0.003092
12189,0.003092
12190,0.003092
12191,0.003092
12192,0.003092
12193,0.003092
12194,0.003092
12195,0.003092
12196,0.003092
12197,0.003092
12198,0.003092
12199,0.003092
12200,0.003092
12201,0.003092
12202,0.003092
12203,0.003092
12204,0.003092
12205,0.003092
12206,0.003092
12207,0.003092
12208,0.003092
12209,0.003092
12210,0.003092
12211,0.003092
12212,0.003092
12213,0.003092
12214,0.003092
12215,0.003092
12216,0.003092
12217,0.003092
12218,0.003092
12219,0.003092
12220,0.003092
12221,0.003092
12222,0.003092
12223,0.003092
12224,0.003092
12225,0.003092
12226,0.003092
12227,0.003092
12228,0.003092
12229,0.003092
12230,0.003092
12231,0.003092
12232,0.003092
12233,0.003092
12234,0.003092
12235,0.003092
12236,0.003092
12237,0.003092
12238,0.003092
12239,0.003092
12240,0.003092
12241,0.003092
12242,0.003092
12243,0.003092
12244,0.003092
12245,0.003092
12246,0.003092
12247,0.003092
12248,0.003092
12249,0.003092
12250,0.003092
12251,0.003092
12252,0.003092
12253,0.003092
12254,0.003092
12255,0.003092
12256,0.003092
12257,0.003092
12258,0.003092
12259,0.003092
12260,0.003092
12261,0.003092
12262,0.003092
12263,0.003092
12264,0.003092
12265,0.003092
12266,0.003092
12267,0.003092
12268,0.003092
12269,0.003092
12270,0.003092
12271,0.003092
12272,0.003092
12273,0.003092
12274,0.003092
12275,0.003092
12276,0.003092
12277,0.003092
12278,0.003092
12279,0.003092
12280,0.003092
12281,0.003092
12282,0.003092
12283,0.003092
12284,0.003092
12285,0.003092
12286,0.003092
12287,0.003092
12288,0.0
12289,0.0
12290,0.0
12291,0.0
12292,0.1
12293,0.1
12294,0.1
12295,0.1
12296,0.1
12297,0.1
12298,0.1
12299,0.1
