0,340.15327
1,340.173811
2,340.196788
3,340.217075
4,340.233377
5,340.245456
6,340.253296
7,340.256858
8,340.255996
9,340.250438
10,340.23977
11,340.22345
12,340.2009
13,340.171863
14,340.137684
15,340.105668
16,340.055589
17,339.636725
18,339.480375
19,339.409949
20,339.37022
21,339.343448
22,339.323574
23,339.308253
24,339.296382
25,339.287321
26,339.280645
27,339.276047
28,339.273307
29,339.272277
30,339.272867
31,339.275042
32,339.278822
33,339.284278
34,339.291538
35,339.300793
36,339.312303
37,339.326409
38,339.343556
39,339.364317
40,339.389462
41,339.420103
42,339.458121
43,339.507475
44,339.578342
45,339.700472
46,339.966459
47,340.672342
48,340.756433
49,340.81251
50,340.873009
51,340.925176
52,340.966594
53,340.997635
54,341.019243
55,341.032312
56,341.037526
57,341.035332
58,341.025963
59,341.009472
60,340.985858
61,340.955457
62,340.920267
63,340.888343
64,340.174646
65,340.195881
66,340.219601
67,340.240539
68,340.257371
69,340.269856
70,340.27798
71,340.281703
72,340.280877
73,340.275222
74,340.264315
75,340.247604
76,340.224499
77,340.194742
78,340.159711
79,340.126892
80,340.076594
81,339.655591
82,339.497959
83,339.426571
84,339.386067
85,339.358664
86,339.33828
87,339.322551
88,339.31036
89,339.301055
90,339.294199
91,339.28948
92,339.286672
93,339.285621
94,339.286236
95,339.288481
96,339.292376
97,339.297995
98,339.305469
99,339.314994
100,339.326838
101,339.341352
102,339.358991
103,339.380345
104,339.4062
105,339.437691
106,339.476725
107,339.527293
108,339.599614
109,339.723516
110,339.991838
111,340.701602
112,340.786088
113,340.843619
114,340.905676
115,340.959188
116,341.001674
117,341.033509
118,341.055658
119,341.069031
120,341.074329
121,341.072009
122,341.062311
123,341.045286
124,341.020934
125,340.989593
126,340.953305
127,340.920344
128,340.198722
129,340.220711
130,340.245278
131,340.266979
132,340.284446
133,340.297432
134,340.305923
135,340.309876
136,340.309142
137,340.303433
138,340.29232
139,340.275241
140,340.2516
141,340.221146
142,340.18531
143,340.151769
144,340.101291
145,339.678224
146,339.519297
147,339.446926
148,339.405622
149,339.377565
150,339.356649
151,339.340494
152,339.327969
153,339.31841
154,339.311371
155,339.30653
156,339.303656
157,339.30259
158,339.30324
159,339.305568
160,339.309594
161,339.315395
162,339.323107
163,339.33293
164,339.345141
165,339.3601
166,339.378276
167,339.400274
168,339.426898
169,339.459306
170,339.499431
171,339.551291
172,339.625146
173,339.750903
174,340.021641
175,340.735244
176,340.820065
177,340.878942
178,340.942519
179,340.997377
180,341.040944
181,341.073579
182,341.096258
183,341.109908
184,341.115241
185,341.112728
186,341.10261
187,341.084945
188,341.059729
189,341.027316
190,340.989809
191,340.955747
192,340.220222
193,340.242883
194,340.268225
195,340.290642
196,340.308723
197,340.32221
198,340.331088
199,340.335313
200,340.334733
201,340.329058
202,340.317851
203,340.300545
204,340.276545
205,340.245608
206,340.209214
207,340.175179
208,340.124579
209,339.700031
210,339.540148
211,339.467039
212,339.425132
213,339.396577
214,339.375256
215,339.358778
216,339.346001
217,339.336253
218,339.32908
219,339.324154
220,339.321239
221,339.320174
222,339.320863
223,339.323269
224,339.327411
225,339.333369
226,339.341282
227,339.351355
228,339.36387
229,339.379197
230,339.397813
231,339.420336
232,339.447587
233,339.480736
234,339.521736
235,339.574626
236,339.649693
237,339.776898
238,340.049495
239,340.765971
240,340.85103
241,340.910875
242,340.975569
243,341.031427
244,341.075791
245,341.109004
246,341.132041
247,341.145839
248,341.15112
249,341.148361
250,341.137808
251,341.119522
252,341.093501
253,341.060114
254,341.021529
255,340.986518
256,340.23782
257,340.261039
258,340.287041
259,340.310084
260,340.328719
261,340.342679
262,340.351947
263,340.356477
264,340.356116
265,340.35057
266,340.339401
267,340.322039
268,340.297889
269,340.266717
270,340.230033
271,340.195736
272,340.145069
273,339.719681
274,339.559243
275,339.485702
276,339.443439
277,339.414591
278,339.393034
279,339.37637
280,339.363452
281,339.353603
282,339.346363
283,339.341402
284,339.338479
285,339.337432
286,339.338164
287,339.340636
288,339.34487
289,339.350946
290,339.359004
291,339.369253
292,339.38198
293,339.397559
294,339.416475
295,339.439353
296,339.467022
297,339.500664
298,339.542244
299,339.59581
300,339.671664
301,339.799801
302,340.073576
303,340.79184
304,340.877044
305,340.937468
306,341.002829
307,341.059275
308,341.10409
309,341.1376
310,341.16078
311,341.17457
312,341.179698
313,341.176646
314,341.165664
315,341.146813
316,341.120097
317,341.085898
318,341.046436
319,341.010673
320,340.251278
321,340.274938
322,340.301475
323,340.325043
324,340.344164
325,340.358561
326,340.368215
327,340.37308
328,340.373001
329,340.367684
330,340.356688
331,340.339443
332,340.315353
333,340.28419
334,340.247471
335,340.213125
336,340.16244
337,339.736825
338,339.576228
339,339.502559
340,339.460193
341,339.431266
342,339.40965
343,339.392947
344,339.380008
345,339.370152
346,339.362919
347,339.357974
348,339.355079
349,339.354069
350,339.354846
351,339.357372
352,339.361669
353,339.367818
354,339.37596
355,339.386305
356,339.399141
357,339.414845
358,339.433905
359,339.456951
360,339.484814
361,339.518683
362,339.560525
363,339.614395
364,339.6906
365,339.819146
366,340.093426
367,340.812435
368,340.897699
369,340.958342
370,341.023939
371,341.080565
372,341.125479
373,341.158999
374,341.182097
375,341.195717
376,341.20059
377,341.1972
378,341.1858
379,341.166451
380,341.139162
381,341.104325
382,341.064201
383,341.027885
384,340.260593
385,340.284577
386,340.311523
387,340.335513
388,340.355047
389,340.369842
390,340.379876
391,340.385105
392,340.385372
393,340.380384
394,340.369696
395,340.35274
396,340.328917
397,340.297997
398,340.26149
399,340.227296
400,340.176642
401,339.751386
402,339.591011
403,339.517513
404,339.475295
405,339.4465
406,339.425005
407,339.408412
408,339.395573
409,339.385807
410,339.378654
411,339.373781
412,339.370948
413,339.369993
414,339.370818
415,339.373385
416,339.377717
417,339.383893
418,339.392055
419,339.402412
420,339.415253
421,339.430952
422,339.449999
423,339.47302
424,339.500848
425,339.53467
426,339.576455
427,339.630256
428,339.706378
429,339.834819
430,340.108953
431,340.82771
432,340.91295
433,340.973472
434,341.038891
435,341.095301
436,341.139968
437,341.173208
438,341.196
439,341.209287
440,341.2138
441,341.210028
442,341.198221
443,341.178444
444,341.150707
445,341.115409
446,341.074836
447,341.038163
448,340.265734
449,340.289926
450,340.317154
451,340.341461
452,340.361334
453,340.376486
454,340.386896
455,340.392518
456,340.393195
457,340.388634
458,340.378392
459,340.361899
460,340.338552
461,340.308111
462,340.27206
463,340.238219
464,340.187644
465,339.763335
466,339.603565
467,339.530538
468,339.48872
469,339.460272
470,339.439079
471,339.422746
472,339.410128
473,339.400549
474,339.39355
475,339.388802
476,339.386068
477,339.385187
478,339.386062
479,339.388657
480,339.392994
481,339.399151
482,339.40727
483,339.417557
484,339.430297
485,339.445862
486,339.464735
487,339.487539
488,339.515101
489,339.548603
490,339.590008
491,339.643363
492,339.718965
493,339.846788
494,340.120123
495,340.837627
496,340.922764
497,340.982825
498,341.047652
499,341.103449
500,341.147517
501,341.180188
502,341.202445
503,341.215232
504,341.219282
505,341.21508
506,341.20288
507,341.182744
508,341.154685
509,341.119105
510,341.078298
511,341.041466
512,340.266569
513,340.290848
514,340.318228
515,340.342743
516,340.36288
517,340.37835
518,340.389129
519,340.395173
520,340.396325
521,340.392294
522,340.382639
523,340.366788
524,340.344135
525,340.314422
526,340.279085
527,340.24581
528,340.195365
529,339.772625
530,339.613865
531,339.541623
532,339.500466
533,339.472587
534,339.45188
535,339.43596
536,339.423686
537,339.414389
538,339.407618
539,339.403049
540,339.400448
541,339.399659
542,339.400587
543,339.403197
544,339.40751
545,339.413604
546,339.421617
547,339.431753
548,339.444289
549,339.459591
550,339.478133
551,339.500528
552,339.527593
553,339.560497
554,339.601193
555,339.653717
556,339.728347
557,339.855012
558,340.12686
559,340.842058
560,340.927005
561,340.986245
562,341.050046
563,341.104813
564,341.147918
565,341.179719
566,341.201205
567,341.213322
568,341.2168
569,341.212123
570,341.199541
571,341.179117
572,341.150864
573,341.115184
574,341.074363
575,341.037572
576,340.262835
577,340.287074
578,340.314469
579,340.339082
580,340.359405
581,340.375149
582,340.386292
583,340.392787
584,340.394482
585,340.391088
586,340.382168
587,340.36715
588,340.345425
589,340.316711
590,340.282375
591,340.249902
592,340.199644
593,339.779172
594,339.621869
595,339.550757
596,339.510543
597,339.483465
598,339.463436
599,339.448083
600,339.436277
601,339.42736
602,339.420889
603,339.41655
604,339.414117
605,339.413436
606,339.414419
607,339.417031
608,339.421293
609,339.427281
610,339.435129
611,339.445034
612,339.457266
613,339.47218
614,339.490235
615,339.512031
616,339.538366
617,339.570392
618,339.610039
619,339.661326
620,339.734499
621,339.859422
622,340.129023
623,340.840737
624,340.925398
625,340.983419
626,341.045714
627,341.098997
628,341.140746
629,341.171356
630,341.191824
631,341.203094
632,341.205888
633,341.200686
634,341.187735
635,341.167096
636,341.138782
637,341.10319
638,341.062584
639,341.026046
640,340.254125
641,340.27819
642,340.305456
643,340.330049
644,340.350477
645,340.366453
646,340.377952
647,340.384929
648,340.387236
649,340.38459
650,340.376561
651,340.362583
652,340.342043
653,340.314633
654,340.281628
655,340.250238
656,340.200233
657,339.782844
658,339.627519
659,339.557927
660,339.518967
661,339.492941
662,339.473791
663,339.459164
664,339.447949
665,339.439506
666,339.433406
667,339.429347
668,339.427113
669,339.426558
670,339.427597
671,339.430198
672,339.434383
673,339.440224
674,339.44785
675,339.45745
676,339.469282
677,339.483687
678,339.501106
679,339.522117
680,339.54749
681,339.578351
682,339.616597
683,339.666212
684,339.737397
685,339.859914
686,340.126394
687,340.833255
688,340.917518
689,340.973853
690,341.034089
691,341.085376
692,341.125338
693,341.154413
694,341.173602
695,341.18384
696,341.185836
697,341.180059
698,341.166751
699,341.145971
700,341.117731
701,341.082425
702,341.042275
703,341.006217
704,340.239905
705,340.263649
706,340.290633
707,340.315084
708,340.335534
709,340.351697
710,340.363545
711,340.371035
712,340.374024
713,340.372238
714,340.365263
715,340.352546
716,340.333476
717,340.30772
718,340.276435
719,340.246467
720,340.196797
721,339.783464
722,339.630737
723,339.563123
724,339.525772
725,339.501071
726,339.483009
727,339.469267
728,339.458766
729,339.450888
730,339.445226
731,339.441494
732,339.439488
733,339.439073
734,339.440169
735,339.442748
736,339.446831
737,339.452487
738,339.459838
739,339.469064
740,339.480407
741,339.49419
742,339.510831
743,339.530876
744,339.555062
745,339.584469
746,339.620948
747,339.668422
748,339.737017
749,339.856357
750,340.118678
751,340.819064
752,340.902792
753,340.956875
754,341.014401
755,341.063107
756,341.100807
757,341.127979
758,341.145618
759,341.154634
760,341.155717
761,341.149315
762,341.135662
763,341.114816
764,341.086791
765,341.051973
766,341.012536
767,340.977204
768,340.219592
769,340.242858
770,340.2694
771,340.293587
772,340.313977
773,340.330282
774,340.342472
775,340.350501
776,340.354237
777,340.35342
778,340.347659
779,340.336427
780,340.319132
781,340.295421
782,340.266318
783,340.23819
784,340.188955
785,339.780787
786,339.631413
787,339.566343
788,339.531012
789,339.507935
790,339.491178
791,339.478482
792,339.468811
793,339.461584
794,339.45642
795,339.453056
796,339.451305
797,339.451042
798,339.452195
799,339.45474
800,339.458698
801,339.464134
802,339.471164
803,339.479952
804,339.490727
805,339.503786
806,339.519518
807,339.53843
808,339.561211
809,339.588881
810,339.623215
811,339.668038
812,339.733346
813,339.848563
814,340.105474
815,340.797564
816,340.880592
817,340.931724
818,340.985771
819,341.031244
820,341.066173
821,341.091067
822,341.106886
823,341.1145
824,341.114559
825,341.107486
826,341.093501
827,341.072662
828,341.044989
829,341.010866
830,340.972408
831,340.938064
832,340.192896
833,340.215523
834,340.241472
835,340.265281
836,340.285537
837,340.301944
838,340.314462
839,340.323048
840,340.327577
841,340.327815
842,340.323401
843,340.313852
844,340.298617
845,340.277349
846,340.250937
847,340.225153
848,340.17645
849,339.774333
850,339.629307
851,339.567563
852,339.534772
853,339.513652
854,339.498422
855,339.486922
856,339.478188
857,339.471686
858,339.467073
859,339.464112
860,339.462635
861,339.462533
862,339.463742
863,339.466242
864,339.470054
865,339.475241
866,339.481907
867,339.490206
868,339.500343
869,339.51259
870,339.527299
871,339.544931
872,339.566111
873,339.591776
874,339.623583
875,339.665188
876,339.726338
877,339.836131
878,340.086011
879,340.768439
880,340.850612
881,340.897953
882,340.947671
883,340.989246
884,341.020926
885,341.043207
886,341.056982
887,341.063048
888,341.061999
889,341.054223
890,341.039923
891,341.019155
892,340.991954
893,340.958712
894,340.921486
895,340.888394
896,340.161037
897,340.182898
898,340.208147
899,340.231506
900,340.251577
901,340.268049
902,340.280871
903,340.289999
904,340.295319
905,340.296623
906,340.293593
907,340.285806
908,340.27278
909,340.254217
910,340.230906
911,340.207954
912,340.159483
913,339.762359
914,339.623651
915,339.566662
916,339.537161
917,339.518386
918,339.504899
919,339.494731
920,339.487022
921,339.481305
922,339.477283
923,339.474749
924,339.473561
925,339.473624
926,339.474884
927,339.477328
928,339.480978
929,339.485889
930,339.492159
931,339.499925
932,339.50937
933,339.520736
934,339.534333
935,339.550565
936,339.569981
937,339.593403
938,339.622309
939,339.66004
940,339.715774
941,339.817768
942,340.057416
943,340.732371
944,340.814223
945,340.856957
946,340.901656
947,340.93889
948,340.967062
949,340.986587
950,340.998242
951,341.002725
952,341.00056
953,340.992091
954,340.977501
955,340.95685
956,340.930191
957,340.897937
958,340.862107
959,340.830476
960,340.130896
961,340.152026
962,340.176643
963,340.1996
964,340.219497
965,340.236005
966,340.24906
967,340.258615
968,340.264569
969,340.266737
970,340.264842
971,340.258518
972,340.247363
973,340.231163
974,340.210691
975,340.190455
976,340.131628
977,339.736222
978,339.61202
979,339.563311
980,339.538336
981,339.522361
982,339.510814
983,339.50208
984,339.495457
985,339.490564
986,339.487157
987,339.485066
988,339.484172
989,339.484399
990,339.485705
991,339.488083
992,339.491553
993,339.49617
994,339.502019
995,339.509221
996,339.517937
997,339.528374
998,339.540797
999,339.555548
1000,339.573083
1001,339.594081
1002,339.61975
1003,339.652841
1004,339.701077
1005,339.78935
1006,340.005131
1007,340.679363
1008,340.779101
1009,340.817408
1010,340.857495
1011,340.89092
1012,340.916108
1013,340.933336
1014,340.943245
1015,340.946437
1016,340.94337
1017,340.934349
1018,340.919537
1019,340.899
1020,340.87281
1021,340.841413
1022,340.80682
1023,340.776556
1024,340.081287
1025,340.102219
1026,340.126679
1027,340.149539
1028,340.169392
1029,340.185907
1030,340.199016
1031,340.208672
1032,340.214776
1033,340.217149
1034,340.215525
1035,340.209551
1036,340.198842
1037,340.183179
1038,340.162934
1039,340.132289
1040,339.815119
1041,339.657948
1042,339.590009
1043,339.557479
1044,339.538676
1045,339.5259
1046,339.516417
1047,339.509168
1048,339.503657
1049,339.499602
1050,339.496815
1051,339.495167
1052,339.494564
1053,339.494949
1054,339.496293
1055,339.498592
1056,339.501872
1057,339.50618
1058,339.511592
1059,339.518214
1060,339.526181
1061,339.535666
1062,339.546889
1063,339.560122
1064,339.575725
1065,339.594208
1066,339.616431
1067,339.644205
1068,339.682155
1069,339.743309
1070,339.864355
1071,340.136471
1072,340.680175
1073,340.736434
1074,340.77621
1075,340.808774
1076,340.833253
1077,340.84993
1078,340.859422
1079,340.862305
1080,340.859022
1081,340.849869
1082,340.835005
1083,340.814495
1084,340.788418
1085,340.757227
1086,340.722938
1087,340.693043
1088,339.668384
1089,339.687397
1090,339.710082
1091,339.731768
1092,339.751093
1093,339.767687
1094,339.781453
1095,339.792344
1096,339.800291
1097,339.805185
1098,339.806873
1099,339.805154
1100,339.799762
1101,339.790215
1102,339.774811
1103,339.745025
1104,339.662977
1105,339.605414
1106,339.572261
1107,339.552429
1108,339.539177
1109,339.529461
1110,339.521997
1111,339.516209
1112,339.511793
1113,339.508561
1114,339.506382
1115,339.505163
1116,339.504839
1117,339.505369
1118,339.506738
1119,339.508948
1120,339.512026
1121,339.516017
1122,339.520987
1123,339.527025
1124,339.534243
1125,339.542782
1126,339.552812
1127,339.564543
1128,339.578238
1129,339.594246
1130,339.613102
1131,339.635795
1132,339.664508
1133,339.704393
1134,339.766866
1135,339.870725
1136,340.016154
1137,340.072785
1138,340.105325
1139,340.128197
1140,340.144234
1141,340.154224
1142,340.158598
1143,340.157688
1144,340.151751
1145,340.140969
1146,340.125451
1147,340.105272
1148,340.08056
1149,340.051825
1150,340.020988
1151,339.994682
1152,339.516332
1153,339.534221
1154,339.555823
1155,339.576782
1156,339.595788
1157,339.612457
1158,339.626679
1159,339.638401
1160,339.647576
1161,339.654136
1162,339.657994
1163,339.659043
1164,339.657146
1165,339.652039
1166,339.642938
1167,339.627409
1168,339.601002
1169,339.57812
1170,339.561526
1171,339.549556
1172,339.540521
1173,339.533445
1174,339.527831
1175,339.523416
1176,339.520039
1177,339.51759
1178,339.515987
1179,339.51517
1180,339.515101
1181,339.515757
1182,339.517135
1183,339.519244
1184,339.522113
1185,339.525784
1186,339.530315
1187,339.53578
1188,339.542269
1189,339.549891
1190,339.558773
1191,339.569067
1192,339.580949
1193,339.594635
1194,339.610417
1195,339.628754
1196,339.650492
1197,339.677285
1198,339.71199
1199,339.757434
1200,339.808941
1201,339.842067
1202,339.864451
1203,339.880232
1204,339.890728
1205,339.896376
1206,339.897404
1207,339.893989
1208,339.886277
1209,339.874383
1210,339.858393
1211,339.838382
1212,339.814511
1213,339.787306
1214,339.758585
1215,339.734393
1216,339.449832
1217,339.466908
1218,339.487726
1219,339.508169
1220,339.52697
1221,339.543744
1222,339.558368
1223,339.570792
1224,339.580976
1225,339.588882
1226,339.594465
1227,339.597683
1228,339.598498
1229,339.596853
1230,339.592592
1231,339.585351
1232,339.575048
1233,339.564862
1234,339.556147
1235,339.548955
1236,339.543025
1237,339.53814
1238,339.534158
1239,339.530989
1240,339.528565
1241,339.526834
1242,339.525756
1243,339.525303
1244,339.525457
1245,339.526213
1246,339.52758
1247,339.529575
1248,339.532229
1249,339.535582
1250,339.539686
1251,339.544601
1252,339.550398
1253,339.557158
1254,339.564971
1255,339.573935
1256,339.584156
1257,339.59575
1258,339.608846
1259,339.623607
1260,339.64027
1261,339.659201
1262,339.680836
1263,339.705084
1264,339.729647
1265,339.749131
1266,339.763693
1267,339.773953
1268,339.780172
1269,339.78244
1270,339.78082
1271,339.775383
1272,339.766205
1273,339.75336
1274,339.736918
1275,339.716962
1276,339.693671
1277,339.667578
1278,339.640409
1279,339.617768
1280,339.414058
1281,339.430515
1282,339.450745
1283,339.470816
1284,339.489506
1285,339.506427
1286,339.521453
1287,339.534531
1288,339.545629
1289,339.554725
1290,339.561799
1291,339.566848
1292,339.569889
1293,339.570966
1294,339.570146
1295,339.567544
1296,339.563489
1297,339.558923
1298,339.554478
1299,339.55042
1300,339.546837
1301,339.543754
1302,339.541178
1303,339.539106
1304,339.537528
1305,339.536435
1306,339.535819
1307,339.535677
1308,339.536012
1309,339.536836
1310,339.538168
1311,339.540034
1312,339.542468
1313,339.54551
1314,339.549206
1315,339.553606
1316,339.558766
1317,339.564742
1318,339.571591
1319,339.579368
1320,339.588125
1321,339.5979
1322,339.60872
1323,339.620593
1324,339.6335
1325,339.647384
1326,339.662084
1327,339.677136
1328,339.691453
1329,339.703432
1330,339.712507
1331,339.71848
1332,339.721226
1333,339.720667
1334,339.716771
1335,339.709549
1336,339.699035
1337,339.68528
1338,339.66835
1339,339.648334
1340,339.625428
1341,339.600163
1342,339.574188
1343,339.552755
1344,339.3914
1345,339.407393
1346,339.427196
1347,339.447023
1348,339.465688
1349,339.482808
1350,339.498253
1351,339.511968
1352,339.523925
1353,339.534108
1354,339.542513
1355,339.549153
1356,339.554067
1357,339.557329
1358,339.559056
1359,339.559426
1360,339.558713
1361,339.557325
1362,339.555608
1363,339.553799
1364,339.552047
1365,339.550448
1366,339.549062
1367,339.547931
1368,339.547081
1369,339.546532
1370,339.546302
1371,339.546409
1372,339.546876
1373,339.547728
1374,339.548996
1375,339.550714
1376,339.552923
1377,339.555662
1378,339.558976
1379,339.562907
1380,339.567498
1381,339.572786
1382,339.578801
1383,339.585565
1384,339.593083
1385,339.60134
1386,339.610294
1387,339.61987
1388,339.629943
1389,339.64033
1390,339.650749
1391,339.660779
1392,339.669804
1393,339.677114
1394,339.682225
1395,339.684824
1396,339.684697
1397,339.681713
1398,339.675801
1399,339.666943
1400,339.655157
1401,339.640485
1402,339.622994
1403,339.60279
1404,339.580078
1405,339.555393
1406,339.530316
1407,339.509815
1408,339.375837
1409,339.3915
1410,339.411017
1411,339.430718
1412,339.449445
1413,339.466822
1414,339.482713
1415,339.497063
1416,339.509842
1417,339.521037
1418,339.530648
1419,339.538693
1420,339.545212
1421,339.550278
1422,339.554002
1423,339.556534
1424,339.558076
1425,339.558862
1426,339.559119
1427,339.559031
1428,339.558741
1429,339.558358
1430,339.557961
1431,339.557615
1432,339.557367
1433,339.557259
1434,339.557329
1435,339.557614
1436,339.558153
1437,339.558986
1438,339.560156
1439,339.561706
1440,339.563682
1441,339.566129
1442,339.56909
1443,339.572606
1444,339.576708
1445,339.581421
1446,339.586755
1447,339.592702
1448,339.599233
1449,339.606291
1450,339.613785
1451,339.621589
1452,339.629531
1453,339.637387
1454,339.644875
1455,339.65164
1456,339.657266
1457,339.661319
1458,339.663432
1459,339.663324
1460,339.660791
1461,339.655696
1462,339.647966
1463,339.637575
1464,339.624539
1465,339.608906
1466,339.590755
1467,339.570209
1468,339.547493
1469,339.523144
1470,339.49869
1471,339.478879
1472,339.365035
1473,339.380483
1474,339.399843
1475,339.419529
1476,339.438406
1477,339.456099
1478,339.472471
1479,339.487464
1480,339.501045
1481,339.513199
1482,339.523922
1483,339.533227
1484,339.541149
1485,339.547747
1486,339.553108
1487,339.557347
1488,339.56061
1489,339.563055
1490,339.564844
1491,339.566119
1492,339.567007
1493,339.567612
1494,339.568019
1495,339.568304
1496,339.568529
1497,339.568752
1498,339.569028
1499,339.569411
1500,339.569955
1501,339.570713
1502,339.571742
1503,339.573096
1504,339.574829
1505,339.576993
1506,339.579635
1507,339.582793
1508,339.586499
1509,339.590766
1510,339.595589
1511,339.60094
1512,339.60676
1513,339.612957
1514,339.619401
1515,339.625925
1516,339.632324
1517,339.63836
1518,339.643762
1519,339.648226
1520,339.651431
1521,339.653061
1522,339.652833
1523,339.650517
1524,339.645938
1525,339.63898
1526,339.629576
1527,339.61771
1528,339.603407
1529,339.586731
1530,339.567783
1531,339.546712
1532,339.523769
1533,339.499503
1534,339.47541
1535,339.456067
1536,339.357888
1537,339.373224
1538,339.392545
1539,339.41232
1540,339.431432
1541,339.449507
1542,339.466405
1543,339.482062
1544,339.496442
1545,339.509521
1546,339.52129
1547,339.531753
1548,339.540932
1549,339.548866
1550,339.555619
1551,339.561274
1552,339.565935
1553,339.569716
1554,339.572737
1555,339.575112
1556,339.576948
1557,339.578343
1558,339.579383
1559,339.580148
1560,339.580714
1561,339.581152
1562,339.581531
1563,339.581921
1564,339.582391
1565,339.583009
1566,339.583846
1567,339.584968
1568,339.586443
1569,339.588329
1570,339.590683
1571,339.593549
1572,339.596957
1573,339.60092
1574,339.605425
1575,339.610427
1576,339.615845
1577,339.621553
1578,339.627378
1579,339.63311
1580,339.638509
1581,339.643319
1582,339.647273
1583,339.650101
1584,339.651535
1585,339.65132
1586,339.649234
1587,339.645089
1588,339.638744
1589,339.630103
1590,339.619118
1591,339.605785
1592,339.590149
1593,339.572297
1594,339.552362
1595,339.530532
1596,339.507101
1597,339.482644
1598,339.458644
1599,339.43956
1600,339.353748
1601,339.369065
1602,339.388454
1603,339.40842
1604,339.427854
1605,339.446381
1606,339.463859
1607,339.480217
1608,339.49541
1609,339.509407
1610,339.522187
1611,339.533742
1612,339.544077
1613,339.553214
1614,339.561191
1615,339.568064
1616,339.573905
1617,339.578797
1618,339.58283
1619,339.586097
1620,339.58869
1621,339.590699
1622,339.592211
1623,339.593311
1624,339.594083
1625,339.594612
1626,339.594981
1627,339.595274
1628,339.595578
1629,339.595978
1630,339.596559
1631,339.597404
1632,339.598594
1633,339.600203
1634,339.602298
1635,339.604934
1636,339.608152
1637,339.611968
1638,339.616371
1639,339.621311
1640,339.626688
1641,339.632341
1642,339.638043
1643,339.643513
1644,339.648459
1645,339.652596
1646,339.655655
1647,339.657384
1648,339.657547
1649,339.655934
1650,339.652363
1651,339.646684
1652,339.638781
1653,339.62858
1654,339.616049
1655,339.601202
1656,339.584103
1657,339.564867
1658,339.543668
1659,339.520756
1660,339.496499
1661,339.471527
1662,339.447331
1663,339.428296
1664,339.352171
1665,339.367552
1666,339.387111
1667,339.407367
1668,339.427213
1669,339.446274
1670,339.464398
1671,339.481509
1672,339.497552
1673,339.512485
1674,339.526272
1675,339.538891
1676,339.550328
1677,339.560584
1678,339.569675
1679,339.577632
1680,339.584501
1681,339.59034
1682,339.595217
1683,339.599208
1684,339.602394
1685,339.604858
1686,339.606689
1687,339.607977
1688,339.608815
1689,339.6093
1690,339.609531
1691,339.609611
1692,339.609642
1693,339.609729
1694,339.609974
1695,339.610482
1696,339.611348
1697,339.612668
1698,339.614526
1699,339.616995
1700,339.620133
1701,339.623976
1702,339.628529
1703,339.633755
1704,339.639557
1705,339.645743
1706,339.651988
1707,339.657861
1708,339.662973
1709,339.667006
1710,339.669694
1711,339.6708
1712,339.670119
1713,339.667475
1714,339.662719
1715,339.655732
1716,339.646419
1717,339.634724
1718,339.620626
1719,339.604149
1720,339.58537
1721,339.564426
1722,339.541526
1723,339.517011
1724,339.491417
1725,339.46549
1726,339.440754
1727,339.421541
1728,339.352826
1729,339.368349
1730,339.388176
1731,339.408822
1732,339.429177
1733,339.44886
1734,339.467714
1735,339.485651
1736,339.502606
1737,339.518522
1738,339.533347
1739,339.547039
1740,339.559565
1741,339.570904
1742,339.581048
1743,339.590006
1744,339.5978
1745,339.604467
1746,339.610057
1747,339.614634
1748,339.618267
1749,339.621039
1750,339.623039
1751,339.624363
1752,339.625117
1753,339.625411
1754,339.625361
1755,339.625089
1756,339.624719
1757,339.624376
1758,339.624187
1759,339.624275
1760,339.624763
1761,339.625767
1762,339.627396
1763,339.629752
1764,339.632925
1765,339.636988
1766,339.641998
1767,339.647988
1768,339.654932
1769,339.662647
1770,339.670609
1771,339.677928
1772,339.684022
1773,339.688603
1774,339.691457
1775,339.692395
1776,339.691253
1777,339.687892
1778,339.682198
1779,339.674075
1780,339.663451
1781,339.650273
1782,339.634523
1783,339.61622
1784,339.595426
1785,339.572242
1786,339.546839
1787,339.519657
1788,339.491756
1789,339.464153
1790,339.438391
1791,339.418727
1792,339.355457
1793,339.371195
1794,339.391387
1795,339.412526
1796,339.433495
1797,339.453905
1798,339.473591
1799,339.492453
1800,339.510411
1801,339.527391
1802,339.543321
1803,339.558137
1804,339.571782
1805,339.584211
1806,339.595393
1807,339.605311
1808,339.613968
1809,339.62138
1810,339.627583
1811,339.632627
1812,339.636578
1813,339.639514
1814,339.641531
1815,339.642732
1816,339.643236
1817,339.643171
1818,339.642673
1819,339.641887
1820,339.640961
1821,339.640046
1822,339.639295
1823,339.638859
1824,339.638887
1825,339.639526
1826,339.640917
1827,339.643202
1828,339.64652
1829,339.651024
1830,339.656901
1831,339.664409
1832,339.673857
1833,339.685343
1834,339.697902
1835,339.708826
1836,339.717181
1837,339.723128
1838,339.726742
1839,339.72797
1840,339.726725
1841,339.722923
1842,339.716491
1843,339.707361
1844,339.69547
1845,339.680764
1846,339.663207
1847,339.642783
1848,339.619468
1849,339.593142
1850,339.563505
1851,339.530799
1852,339.498222
1853,339.46747
1854,339.439877
1855,339.419383
1856,339.359861
1857,339.375886
1858,339.396541
1859,339.418284
1860,339.439985
1861,339.461245
1862,339.481889
1863,339.501804
1864,339.520891
1865,339.539054
1866,339.556199
1867,339.572234
1868,339.587075
1869,339.600648
1870,339.612895
1871,339.623776
1872,339.63327
1873,339.641375
1874,339.648113
1875,339.653524
1876,339.657669
1877,339.660628
1878,339.662501
1879,339.663405
1880,339.663472
1881,339.662854
1882,339.66171
1883,339.660214
1884,339.658542
1885,339.656878
1886,339.655405
1887,339.654306
1888,339.653763
1889,339.653958
1890,339.655074
1891,339.657305
1892,339.660872
1893,339.666076
1894,339.67341
1895,339.683793
1896,339.698814
1897,339.720266
1898,339.746669
1899,339.766766
1900,339.779561
1901,339.787935
1902,339.792988
1903,339.794993
1904,339.793998
1905,339.790005
1906,339.782992
1907,339.772923
1908,339.759742
1909,339.743379
1910,339.723758
1911,339.700786
1912,339.674247
1913,339.643322
1914,339.605383
1915,339.557485
1916,339.513341
1917,339.475957
1918,339.444999
1919,339.423085
1920,339.365876
1921,339.382261
1922,339.403481
1923,339.425948
1924,339.448514
1925,339.470771
1926,339.49253
1927,339.513661
1928,339.534044
1929,339.553559
1930,339.572078
1931,339.58948
1932,339.605644
1933,339.620465
1934,339.633854
1935,339.645741
1936,339.656082
1937,339.664857
1938,339.672073
1939,339.677762
1940,339.681982
1941,339.684814
1942,339.686368
1943,339.686776
1944,339.68619
1945,339.684788
1946,339.682761
1947,339.680314
1948,339.677664
1949,339.67503
1950,339.672631
1951,339.67069
1952,339.669425
1953,339.66906
1954,339.669826
1955,339.671986
1956,339.675881
1957,339.682074
1958,339.691719
1959,339.707483
1960,339.735283
1961,339.785305
1962,339.860733
1963,339.905708
1964,339.925726
1965,339.937652
1966,339.944954
1967,339.948323
1968,339.947974
1969,339.94402
1970,339.936519
1971,339.925473
1972,339.910827
1973,339.892481
1974,339.870296
1975,339.844105
1976,339.813547
1977,339.776664
1978,339.722085
1979,339.620592
1980,339.543406
1981,339.490914
1982,339.453641
1983,339.429381
1984,339.373371
1985,339.390188
1986,339.412081
1987,339.435406
1988,339.458992
1989,339.48242
1990,339.505487
1991,339.528044
1992,339.549944
1993,339.571033
1994,339.59115
1995,339.610128
1996,339.627805
1997,339.644036
1998,339.658693
1999,339.671675
2000,339.682911
2001,339.692361
2002,339.700016
2003,339.705902
2004,339.710074
2005,339.71262
2006,339.713657
2007,339.713338
2008,339.711842
2009,339.709376
2010,339.706173
2011,339.702481
2012,339.698562
2013,339.69468
2014,339.691101
2015,339.688087
2016,339.685902
2017,339.684813
2018,339.685105
2019,339.687124
2020,339.691368
2021,339.698799
2022,339.711769
2023,339.736804
2024,339.792241
2025,339.924084
2026,340.198349
2027,340.309575
2028,340.331471
2029,340.347317
2030,340.358158
2031,340.363905
2032,340.364813
2033,340.361159
2034,340.353122
2035,340.340765
2036,340.324032
2037,340.302757
2038,340.27671
2039,340.245749
2040,340.210316
2041,340.171927
2042,340.100246
2043,339.773454
2044,339.59939
2045,339.513758
2046,339.465427
2047,339.437633
2048,339.382231
2049,339.399556
2050,339.422241
2051,339.446572
2052,339.471359
2053,339.496168
2054,339.520782
2055,339.545028
2056,339.568731
2057,339.591694
2058,339.613707
2059,339.63455
2060,339.654007
2061,339.671879
2062,339.687992
2063,339.702209
2064,339.714427
2065,339.724584
2066,339.732658
2067,339.738666
2068,339.742662
2069,339.744739
2070,339.745031
2071,339.743711
2072,339.740991
2073,339.737119
2074,339.732377
2075,339.727069
2076,339.721515
2077,339.716037
2078,339.710954
2079,339.706578
2080,339.703218
2081,339.701185
2082,339.700822
2083,339.702555
2084,339.707051
2085,339.715727
2086,339.73245
2087,339.769532
2088,339.86991
2089,340.194577
2090,340.328279
2091,340.361637
2092,340.380546
2093,340.396702
2094,340.407856
2095,340.413806
2096,340.414823
2097,340.411198
2098,340.403122
2099,340.390662
2100,340.373762
2101,340.352251
2102,340.325887
2103,340.294518
2104,340.258647
2105,340.221361
2106,340.182305
2107,340.094873
2108,339.68244
2109,339.541677
2110,339.478719
2111,339.446783
2112,339.392355
2113,339.410266
2114,339.43387
2115,339.459377
2116,339.485574
2117,339.512017
2118,339.538473
2119,339.564745
2120,339.590621
2121,339.615853
2122,339.640167
2123,339.663268
2124,339.684868
2125,339.704699
2126,339.722531
2127,339.738181
2128,339.751514
2129,339.762443
2130,339.770931
2131,339.776987
2132,339.780667
2133,339.782069
2134,339.781344
2135,339.778691
2136,339.77436
2137,339.76865
2138,339.761908
2139,339.754511
2140,339.746857
2141,339.739342
2142,339.73235
2143,339.726248
2144,339.721391
2145,339.718135
2146,339.71687
2147,339.718089
2148,339.722588
2149,339.732071
2150,339.751147
2151,339.793976
2152,339.906467
2153,340.239118
2154,340.353913
2155,340.387103
2156,340.407967
2157,340.425938
2158,340.438411
2159,340.445214
2160,340.446698
2161,340.44322
2162,340.435013
2163,340.422163
2164,340.404609
2165,340.382154
2166,340.354505
2167,340.321441
2168,340.283415
2169,340.2437
2170,340.202683
2171,340.129765
2172,339.714236
2173,339.559803
2174,339.489998
2175,339.455424
2176,339.403638
2177,339.422221
2178,339.446882
2179,339.473757
2180,339.501609
2181,339.529989
2182,339.558652
2183,339.587379
2184,339.615915
2185,339.643949
2186,339.671115
2187,339.697015
2188,339.721254
2189,339.743478
2190,339.763385
2191,339.78074
2192,339.795371
2193,339.80717
2194,339.816085
2195,339.822117
2196,339.825322
2197,339.825808
2198,339.823739
2199,339.819343
2200,339.812914
2201,339.804815
2202,339.795471
2203,339.785363
2204,339.775
2205,339.76488
2206,339.755466
2207,339.747185
2208,339.740436
2209,339.735611
2210,339.733135
2211,339.733548
2212,339.73772
2213,339.747503
2214,339.767792
2215,339.813216
2216,339.929848
2217,340.265364
2218,340.379712
2219,340.414229
2220,340.437032
2221,340.456868
2222,340.470757
2223,340.4785
2224,340.480504
2225,340.477183
2226,340.468811
2227,340.455491
2228,340.437159
2229,340.413591
2230,340.38445
2231,340.349462
2232,340.309079
2233,340.266826
2234,340.223502
2235,340.150581
2236,339.731681
2237,339.572205
2238,339.499056
2239,339.462901
2240,339.415972
2241,339.435312
2242,339.461183
2243,339.489639
2244,339.519431
2245,339.550112
2246,339.581439
2247,339.613177
2248,339.645035
2249,339.676622
2250,339.70744
2251,339.736917
2252,339.764495
2253,339.789701
2254,339.812158
2255,339.831577
2256,339.847753
2257,339.860557
2258,339.869928
2259,339.875863
2260,339.878415
2261,339.877697
2262,339.873888
2263,339.867238
2264,339.858085
2265,339.846858
2266,339.834086
2267,339.820397
2268,339.806485
2269,339.792999
2270,339.780502
2271,339.769479
2272,339.760359
2273,339.753554
2274,339.749503
2275,339.748765
2276,339.752247
2277,339.761861
2278,339.782611
2279,339.829269
2280,339.948015
2281,340.286639
2282,340.401773
2283,340.437388
2284,340.461637
2285,340.48292
2286,340.497944
2287,340.506453
2288,340.508874
2289,340.505656
2290,340.497099
2291,340.483321
2292,340.464254
2293,340.439657
2294,340.409162
2295,340.372475
2296,340.330084
2297,340.28576
2298,340.240601
2299,340.167075
2300,339.743741
2301,339.581205
2302,339.50605
2303,339.468873
2304,339.429228
2305,339.449414
2306,339.476657
2307,339.506931
2308,339.538991
2309,339.572411
2310,339.606978
2311,339.642484
2312,339.67863
2313,339.714949
2314,339.750724
2315,339.785023
2316,339.816986
2317,339.846007
2318,339.871652
2319,339.893602
2320,339.91164
2321,339.925629
2322,339.935504
2323,339.941263
2324,339.942956
2325,339.940694
2326,339.934657
2327,339.925104
2328,339.912394
2329,339.896996
2330,339.879536
2331,339.860878
2332,339.842113
2333,339.824159
2334,339.807691
2335,339.793214
2336,339.781148
2337,339.771885
2338,339.765846
2339,339.763579
2340,339.765988
2341,339.774998
2342,339.795645
2343,339.842752
2344,339.962607
2345,340.303416
2346,340.41913
2347,340.455446
2348,340.480631
2349,340.502876
2350,340.518668
2351,340.527691
2352,340.530371
2353,340.527173
2354,340.518412
2355,340.504214
2356,340.484507
2357,340.459041
2358,340.427435
2359,340.389392
2360,340.345448
2361,340.299574
2362,340.253084
2363,340.179081
2364,339.752114
2365,339.587442
2366,339.510951
2367,339.473087
2368,339.443249
2369,339.464372
2370,339.493155
2371,339.525506
2372,339.560204
2373,339.596892
2374,339.635461
2375,339.675841
2376,339.717883
2377,339.761144
2378,339.804505
2379,339.846022
2380,339.884127
2381,339.918192
2382,339.947893
2383,339.972986
2384,339.993288
2385,340.008688
2386,340.019137
2387,340.024636
2388,340.025231
2389,340.021016
2390,340.012147
2391,339.998848
2392,339.981416
2393,339.960214
2394,339.935791
2395,339.9094
2396,339.883325
2397,339.859065
2398,339.837325
2399,339.818465
2400,339.802761
2401,339.790498
2402,339.782021
2403,339.777823
2404,339.77877
2405,339.786762
2406,339.806821
2407,339.853774
2408,339.973948
2409,340.315765
2410,340.431762
2411,340.468439
2412,340.494121
2413,340.516884
2414,340.533082
2415,340.542357
2416,340.545125
2417,340.541854
2418,340.532867
2419,340.51829
2420,340.498054
2421,340.471899
2422,340.439443
2423,340.400393
2424,340.355329
2425,340.308369
2426,340.260968
2427,340.186637
2428,339.757125
2429,339.591015
2430,339.513651
2431,339.475345
2432,339.457848
2433,339.479993
2434,339.510484
2435,339.545181
2436,339.582933
2437,339.623539
2438,339.667167
2439,339.714234
2440,339.765328
2441,339.820672
2442,339.878429
2443,339.932971
2444,339.980585
2445,340.021623
2446,340.056598
2447,340.085639
2448,340.108727
2449,340.12583
2450,340.136944
2451,340.142089
2452,340.141298
2453,340.134626
2454,340.122154
2455,340.103978
2456,340.080104
2457,340.05023
2458,340.013813
2459,339.972437
2460,339.933221
2461,339.898982
2462,339.869822
2463,339.845289
2464,339.825107
2465,339.809242
2466,339.797852
2467,339.791316
2468,339.790416
2469,339.796996
2470,339.816029
2471,339.862304
2472,339.982111
2473,340.32384
2474,340.439856
2475,340.476612
2476,340.50242
2477,340.52531
2478,340.541585
2479,340.550862
2480,340.553548
2481,340.550111
2482,340.540873
2483,340.525962
2484,340.505304
2485,340.478642
2486,340.445588
2487,340.405859
2488,340.360063
2489,340.312413
2490,340.264449
2491,340.189919
2492,339.758859
2493,339.591897
2494,339.514039
2495,339.475498
2496,339.472793
2497,339.496037
2498,339.528393
2499,339.565706
2500,339.606964
2501,339.652288
2502,339.702535
2503,339.759584
2504,339.826832
2505,339.908346
2506,340.002205
2507,340.086891
2508,340.150944
2509,340.201997
2510,340.243982
2511,340.278107
2512,340.304711
2513,340.323929
2514,340.335847
2515,340.340517
2516,340.337952
2517,340.32813
2518,340.31099
2519,340.286343
2520,340.253442
2521,340.209605
2522,340.148215
2523,340.067904
2524,339.999018
2525,339.946346
2526,339.905821
2527,339.873713
2528,339.848021
2529,339.827901
2530,339.813123
2531,339.803851
2532,339.800739
2533,339.805537
2534,339.823142
2535,339.868268
2536,339.987094
2537,340.327754
2538,340.443559
2539,340.480152
2540,340.505763
2541,340.528432
2542,340.544482
2543,340.553526
2544,340.555968
2545,340.552272
2546,340.542759
2547,340.527555
2548,340.506586
2549,340.479589
2550,340.446179
2551,340.406075
2552,340.359901
2553,340.311911
2554,340.263681
2555,340.189063
2556,339.757341
2557,339.590046
2558,339.512028
2559,339.473441
2560,339.487812
2561,339.512213
2562,339.546565
2563,339.586738
2564,339.631963
2565,339.682973
2566,339.742157
2567,339.815322
2568,339.915316
2569,340.064329
2570,340.273355
2571,340.44527
2572,340.53765
2573,340.602673
2574,340.654255
2575,340.695354
2576,340.726751
2577,340.748821
2578,340.761798
2579,340.765793
2580,340.760784
2581,340.746619
2582,340.723012
2583,340.689396
2584,340.643905
2585,340.57807
2586,340.457424
2587,340.245563
2588,340.096729
2589,340.005452
2590,339.946148
2591,339.903647
2592,339.871215
2593,339.846175
2594,339.827561
2595,339.815194
2596,339.809538
2597,339.812215
2598,339.828022
2599,339.871565
2600,339.988844
2601,340.327533
2602,340.442916
2603,340.479126
2604,340.504243
2605,340.526367
2606,340.541905
2607,340.550491
2608,340.552531
2609,340.548486
2610,340.538675
2611,340.52322
2612,340.502044
2613,340.474884
2614,340.441352
2615,340.401164
2616,340.354944
2617,340.306941
2618,340.258722
2619,340.184119
2620,339.75256
2621,339.585415
2622,339.507553
2623,339.4691
2624,339.502594
2625,339.528183
2626,339.564615
2627,339.607828
2628,339.657418
2629,339.715123
2630,339.786253
2631,339.885585
2632,340.053238
2633,340.385823
2634,341.02441
2635,341.487542
2636,341.602209
2637,341.682805
2638,341.748912
2639,341.801319
2640,341.840539
2641,341.867231
2642,341.881896
2643,341.884757
2644,341.875725
2645,341.854409
2646,341.820181
2647,341.772364
2648,341.710178
2649,341.624596
2650,341.372788
2651,340.62841
2652,340.253895
2653,340.081252
2654,339.991122
2655,339.934633
2656,339.894194
2657,339.86365
2658,339.840832
2659,339.825076
2660,339.816594
2661,339.816851
2662,339.83052
2663,339.872071
2664,339.987259
2665,340.323098
2666,340.437853
2667,340.473464
2668,340.497793
2669,340.519051
2670,340.533794
2671,340.541699
2672,340.54318
2673,340.538698
2674,340.528565
2675,340.512901
2676,340.491625
2677,340.464472
2678,340.431051
2679,340.391073
2680,340.34514
2681,340.297451
2682,340.249518
2683,340.175034
2684,339.744461
2685,339.577952
2686,339.500562
2687,339.462425
2688,339.516794
2689,339.543567
2690,339.582095
2691,339.628413
2692,339.682562
2693,339.747582
2694,339.832981
2695,339.96856
2696,340.25234
2697,341.01843
2698,341.68004
2699,341.871516
2700,341.960157
2701,342.042809
2702,342.112426
2703,342.167559
2704,342.208634
2705,342.236412
2706,342.251469
2707,342.254059
2708,342.244074
2709,342.221059
2710,342.184284
2711,342.133027
2712,342.067478
2713,341.99095
2714,341.879096
2715,341.391359
2716,340.480599
2717,340.170364
2718,340.038347
2719,339.965357
2720,339.916169
2721,339.879793
2722,339.852552
2723,339.833205
2724,339.821681
2725,339.819263
2726,339.830481
2727,339.869641
2728,339.982187
2729,340.314268
2730,340.428179
2731,340.46296
2732,340.486191
2733,340.506245
2734,340.519899
2735,340.526895
2736,340.527659
2737,340.52265
2738,340.512173
2739,340.496342
2740,340.475074
2741,340.448103
2742,340.415035
2743,340.375571
2744,340.330279
2745,340.283254
2746,340.235906
2747,340.161652
2748,339.732951
2749,339.567599
2750,339.491021
2751,339.453391
2752,339.530051
2753,339.557963
2754,339.59852
2755,339.64785
2756,339.706405
2757,339.778355
2758,339.876644
2759,340.042548
2760,340.414739
2761,341.477122
2762,341.865929
2763,341.987806
2764,342.077114
2765,342.164475
2766,342.238144
2767,342.29622
2768,342.339264
2769,342.368182
2770,342.383643
2771,342.385935
2772,342.374932
2773,342.350101
2774,342.310578
2775,342.255482
2776,342.185126
2777,342.105312
2778,342.012837
2779,341.79074
2780,340.637028
2781,340.243889
2782,340.080781
2783,339.993552
2784,339.936111
2785,339.893997
2786,339.862308
2787,339.839285
2788,339.824577
2789,339.819276
2790,339.82775
2791,339.864115
2792,339.973436
2793,340.300782
2794,340.413609
2795,340.447295
2796,340.469076
2797,340.487555
2798,340.499805
2799,340.505651
2800,340.505536
2801,340.49991
2802,340.489068
2803,340.473115
2804,340.451966
2805,340.425357
2806,340.392896
2807,340.354274
2808,340.310011
2809,340.264048
2810,340.217633
2811,340.143737
2812,339.717902
2813,339.554292
2814,339.47891
2815,339.442001
2816,339.542006
2817,339.570972
2818,339.613407
2819,339.665511
2820,339.72803
2821,339.805819
2822,339.913445
2823,340.095821
2824,340.496833
2825,341.583073
2826,341.946167
2827,342.068765
2828,342.164747
2829,342.258844
2830,342.337882
2831,342.399876
2832,342.44556
2833,342.476012
2834,342.492008
2835,342.493877
2836,342.48147
2837,342.454163
2838,342.410936
2839,342.350719
2840,342.273769
2841,342.186665
2842,342.088428
2843,341.880666
2844,340.714806
2845,340.295378
2846,340.115373
2847,340.017692
2848,339.953138
2849,339.905691
2850,339.869709
2851,339.843041
2852,339.825084
2853,339.816735
2854,339.82218
2855,339.855308
2856,339.960763
2857,340.282366
2858,340.393845
2859,340.42612
2860,340.446039
2861,340.462524
2862,340.473029
2863,340.477479
2864,340.476324
2865,340.469996
2866,340.45877
2867,340.442741
2868,340.421823
2869,340.395757
2870,340.364165
2871,340.326736
2872,340.283939
2873,340.239501
2874,340.194439
2875,340.121049
2876,339.699132
2877,339.537948
2878,339.464227
2879,339.428293
2880,339.55232
2881,339.582217
2882,339.626314
2883,339.680854
2884,339.746772
2885,339.8293
2886,339.943698
2887,340.136011
2888,340.551106
2889,341.653313
2890,342.018522
2891,342.145845
2892,342.248565
2893,342.349497
2894,342.43414
2895,342.500311
2896,342.548849
2897,342.580963
2898,342.597528
2899,342.598909
2900,342.584934
2901,342.554898
2902,342.507651
2903,342.441992
2904,342.358229
2905,342.263758
2906,342.158816
2907,341.949362
2908,340.767317
2909,340.333568
2910,340.14278
2911,340.037201
2912,339.966647
2913,339.914411
2914,339.874424
2915,339.844244
2916,339.823046
2917,339.811518
2918,339.813612
2919,339.842927
2920,339.943719
2921,340.258896
2922,340.368861
2923,340.399362
2924,340.416946
2925,340.430991
2926,340.439417
2927,340.442245
2928,340.439913
2929,340.432815
2930,340.421198
2931,340.405139
2932,340.384553
2933,340.359198
2934,340.328721
2935,340.292832
2936,340.251957
2937,340.20957
2938,340.166363
2939,340.093597
2940,339.676247
2941,339.518361
2942,339.446963
2943,339.412346
2944,339.560689
2945,339.591366
2946,339.636858
2947,339.693433
2948,339.762146
2949,339.848436
2950,339.967898
2951,340.167098
2952,340.591756
2953,341.708545
2954,342.077273
2955,342.208651
2956,342.316745
2957,342.423285
2958,342.512656
2959,342.582428
2960,342.633455
2961,342.667023
2962,342.684067
2963,342.68498
2964,342.669571
2965,342.637082
2966,342.586281
2967,342.515919
2968,342.426429
2969,342.325953
2970,342.215621
2971,342.004144
2972,340.80639
2973,340.362201
2974,340.163536
2975,340.051776
2976,339.976223
2977,339.919811
2978,339.876201
2979,339.842732
2980,339.818365
2981,339.803535
2982,339.801815
2983,339.826232
2984,339.920661
2985,340.230062
2986,340.339778
2987,340.368324
2988,340.383148
2989,340.394412
2990,340.40055
2991,340.401644
2992,340.398085
2993,340.390207
2994,340.378214
2995,340.362166
2996,340.341979
2997,340.317436
2998,340.288228
2999,340.254115
3000,340.21552
3001,340.175652
3002,340.13477
3003,340.061962
3004,339.647537
3005,339.49477
3006,339.427011
3007,339.39428
3008,339.566855
3009,339.59814
3010,339.644729
3011,339.7029
3012,339.773785
3013,339.862945
3014,339.986158
3015,340.190309
3016,340.621869
3017,341.749939
3018,342.121388
3019,342.255713
3020,342.367732
3021,342.47846
3022,342.571438
3023,342.644002
3024,342.696975
3025,342.731675
3026,342.749068
3027,342.749563
3028,342.732957
3029,342.698459
3030,342.644802
3031,342.570732
3032,342.47683
3033,342.371838
3034,342.257532
3035,342.044512
3036,340.834398
3037,340.382375
3038,340.177783
3039,340.0612
3040,339.981587
3041,339.921653
3042,339.874877
3043,339.838418
3044,339.811021
3045,339.792757
3046,339.78641
3047,339.803163
3048,339.883953
3049,340.183681
3050,340.311261
3051,340.339454
3052,340.35168
3053,340.360425
3054,340.364575
3055,340.364209
3056,340.359637
3057,340.35113
3058,340.338849
3059,340.322835
3060,340.303006
3061,340.279173
3062,340.251077
3063,340.218547
3064,340.18205
3065,340.144601
3066,340.105675
3067,340.017599
3068,339.603965
3069,339.464683
3070,339.404052
3071,339.374282
3072,339.570614
3073,339.602323
3074,339.649686
3075,339.708994
3076,339.781426
3077,339.872612
3078,339.998438
3079,340.205989
3080,340.642274
3081,341.778137
3082,342.15144
3083,342.28774
3084,342.402417
3085,342.516018
3086,342.611504
3087,342.686026
3088,342.740367
3089,342.775847
3090,342.793448
3091,342.793583
3092,342.776046
3093,342.740027
3094,342.684246
3095,342.607468
3096,342.510401
3097,342.402223
3098,342.285149
3099,342.071043
3100,340.852089
3101,340.394449
3102,340.185538
3103,340.065338
3104,339.98257
3105,339.919799
3106,339.870372
3107,339.831301
3108,339.801102
3109,339.779353
3110,339.767332
3111,339.770623
3112,339.806595
3113,339.920436
3114,340.18184
3115,340.286682
3116,340.301503
3117,340.309747
3118,340.313424
3119,340.312712
3120,340.307905
3121,340.299256
3122,340.286915
3123,340.270917
3124,340.251183
3125,340.22753
3126,340.19971
3127,340.167561
3128,340.13149
3129,340.092896
3130,340.020016
3131,339.682553
3132,339.507477
3133,339.423666
3134,339.37808
3135,339.352828
3136,339.57182
3137,339.603757
3138,339.651561
3139,339.711539
3140,339.784894
3141,339.877298
3142,340.00469
3143,340.21427
3144,340.653365
3145,341.793853
3146,342.168249
3147,342.305706
3148,342.421945
3149,342.537246
3150,342.634222
3151,342.709905
3152,342.765043
3153,342.800953
3154,342.818621
3155,342.81846
3156,342.80026
3157,342.763206
3158,342.706013
3159,342.627468
3160,342.528365
3161,342.418159
3162,342.29934
3163,342.084544
3164,340.85992
3165,340.398622
3166,340.186831
3167,340.064133
3168,339.979099
3169,339.914197
3170,339.862683
3171,339.821453
3172,339.788833
3173,339.763981
3174,339.746981
3175,339.739642
3176,339.747185
3177,339.779378
3178,339.839823
3179,339.872568
3180,339.881586
3181,339.883401
3182,339.881538
3183,339.876695
3184,339.869058
3185,339.858705
3186,339.845662
3187,339.829908
3188,339.811372
3189,339.789941
3190,339.765463
3191,339.737757
3192,339.706418
3193,339.669361
3194,339.614714
3195,339.512199
3196,339.436232
3197,339.386379
3198,339.352413
3199,339.331127
3200,339.570381
3201,339.602347
3202,339.650255
3203,339.710431
3204,339.784093
3205,339.876928
3206,340.004894
3207,340.215231
3208,340.655387
3209,341.797624
3210,342.172431
3211,342.310322
3212,342.427144
3213,342.543074
3214,342.640589
3215,342.716674
3216,342.772059
3217,342.808057
3218,342.825653
3219,342.825259
3220,342.806663
3221,342.769048
3222,342.711127
3223,342.6317
3224,342.531601
3225,342.420417
3226,342.300759
3227,342.085627
3228,340.858206
3229,340.395047
3230,340.181713
3231,340.05759
3232,339.971168
3233,339.904858
3234,339.851857
3235,339.808982
3236,339.774431
3237,339.74709
3238,339.726386
3239,339.712399
3240,339.706067
3241,339.708715
3242,339.71863
3243,339.724261
3244,339.72412
3245,339.720828
3246,339.715374
3247,339.707958
3248,339.698575
3249,339.687185
3250,339.673744
3251,339.658197
3252,339.640479
3253,339.620515
3254,339.598223
3255,339.573501
3256,339.54611
3257,339.515172
3258,339.477931
3259,339.431313
3260,339.389563
3261,339.355536
3262,339.32848
3263,339.310015
3264,339.566261
3265,339.598058
3266,339.645731
3267,339.705635
3268,339.778993
3269,339.871485
3270,339.999057
3271,340.208924
3272,340.648461
3273,341.789703
3274,342.164276
3275,342.301917
3276,342.41839
3277,342.533923
3278,342.631061
3279,342.706809
3280,342.761902
3281,342.797653
3282,342.815041
3283,342.814477
3284,342.79575
3285,342.758039
3286,342.700061
3287,342.620611
3288,342.520519
3289,342.409358
3290,342.289721
3291,342.074589
3292,340.84712
3293,340.383827
3294,340.170251
3295,340.04576
3296,339.958827
3297,339.891843
3298,339.83798
3299,339.794011
3300,339.758061
3301,339.728877
3302,339.705587
3303,339.687618
3304,339.674635
3305,339.666235
3306,339.661088
3307,339.656172
3308,339.650263
3309,339.643317
3310,339.635281
3311,339.626017
3312,339.615384
3313,339.603269
3314,339.589582
3315,339.574248
3316,339.557207
3317,339.538408
3318,339.517817
3319,339.495415
3320,339.47117
3321,339.444942
3322,339.416391
3323,339.385734
3324,339.356231
3325,339.329461
3326,339.306388
3327,339.289859
3328,339.559481
3329,339.59091
3330,339.638013
3331,339.69718
3332,339.769625
3333,339.861
3334,339.987207
3335,340.195365
3336,340.632581
3337,341.770039
3338,342.143718
3339,342.280411
3340,342.395588
3341,342.509683
3342,342.605518
3343,342.680187
3344,342.734451
3345,342.769618
3346,342.786665
3347,342.785998
3348,342.767402
3349,342.730065
3350,342.672704
3351,342.5941
3352,342.495033
3353,342.384914
3354,342.266181
3355,342.051391
3356,340.826677
3357,340.36501
3358,340.152513
3359,340.028726
3360,339.94217
3361,339.875258
3362,339.821167
3363,339.776666
3364,339.739856
3365,339.70943
3366,339.684402
3367,339.663992
3368,339.647534
3369,339.634344
3370,339.623511
3371,339.613839
3372,339.604503
3373,339.59504
3374,339.585121
3375,339.574482
3376,339.562921
3377,339.550283
3378,339.536456
3379,339.521356
3380,339.504922
3381,339.487118
3382,339.467936
3383,339.4474
3384,339.425574
3385,339.402551
3386,339.378483
3387,339.35379
3388,339.329499
3389,339.306494
3390,339.285913
3391,339.270784
3392,339.550116
3393,339.580985
3394,339.627189
3395,339.685159
3396,339.756084
3397,339.845559
3398,339.969397
3399,340.174539
3400,340.607618
3401,341.738288
3402,342.110357
3403,342.245334
3404,342.358184
3405,342.469728
3406,342.563287
3407,342.636113
3408,342.688998
3409,342.723246
3410,342.739819
3411,342.739113
3412,342.720919
3413,342.684433
3414,342.628382
3415,342.551535
3416,342.454576
3417,342.346606
3418,342.229743
3419,342.015672
3420,340.796746
3421,340.338593
3422,340.128576
3423,340.006606
3424,339.921337
3425,339.85525
3426,339.801567
3427,339.757091
3428,339.719943
3429,339.688814
3430,339.6627
3431,339.640776
3432,339.622322
3433,339.606656
3434,339.593072
3435,339.580848
3436,339.569373
3437,339.558179
3438,339.546902
3439,339.535254
3440,339.523017
3441,339.510023
3442,339.496149
3443,339.481307
3444,339.465435
3445,339.448504
3446,339.430515
3447,339.411507
3448,339.391561
3449,339.370812
3450,339.349458
3451,339.327814
3452,339.306359
3453,339.285685
3454,339.266859
3455,339.252817
3456,339.538296
3457,339.56842
3458,339.613411
3459,339.669736
3460,339.738537
3461,339.82531
3462,339.94571
3463,340.146399
3464,340.573319
3465,341.693892
3466,342.063537
3467,342.195904
3468,342.30525
3469,342.413012
3470,342.503255
3471,342.573441
3472,342.624393
3473,342.657387
3474,342.673354
3475,342.672677
3476,342.655152
3477,342.62
3478,342.565978
3479,342.491855
3480,342.398194
3481,342.293625
3482,342.179756
3483,341.966835
3484,340.757064
3485,340.304528
3486,340.098535
3487,339.979572
3488,339.896525
3489,339.832014
3490,339.779363
3491,339.735449
3492,339.698451
3493,339.667104
3494,339.640428
3495,339.61762
3496,339.597982
3497,339.580885
3498,339.565735
3499,339.551975
3500,339.539113
3501,339.526737
3502,339.514508
3503,339.502153
3504,339.489456
3505,339.476251
3506,339.462415
3507,339.447857
3508,339.432516
3509,339.416364
3510,339.3994
3511,339.381662
3512,339.363222
3513,339.344197
3514,339.32475
3515,339.3051
3516,339.285551
3517,339.266555
3518,339.249087
3519,339.23594
3520,339.524205
3521,339.553415
3522,339.596898
3523,339.651155
3524,339.717238
3525,339.800473
3526,339.916243
3527,340.11077
3528,340.529159
3529,341.636284
3530,342.002664
3531,342.131375
3532,342.235863
3533,342.338492
3534,342.424335
3535,342.491092
3536,342.53958
3537,342.571009
3538,342.586253
3539,342.585668
3540,342.569063
3541,342.535707
3542,342.484423
3543,342.414017
3544,342.324939
3545,342.225195
3546,342.115656
3547,341.904362
3548,340.707166
3549,340.262658
3550,340.062495
3551,339.947859
3552,339.868006
3553,339.805813
3554,339.754783
3555,339.711931
3556,339.675529
3557,339.644388
3558,339.617585
3559,339.594365
3560,339.57408
3561,339.556155
3562,339.540074
3563,339.525366
3564,339.511615
3565,339.498461
3566,339.485602
3567,339.472788
3568,339.459818
3569,339.446534
3570,339.432813
3571,339.418568
3572,339.403738
3573,339.388291
3574,339.372225
3575,339.355564
3576,339.338366
3577,339.32072
3578,339.302747
3579,339.284604
3580,339.26651
3581,339.248841
3582,339.232492
3583,339.220112
3584,339.508079
3585,339.536226
3586,339.577941
3587,339.629743
3588,339.692537
3589,339.771341
3590,339.881004
3591,340.066916
3592,340.473314
3593,341.564893
3594,341.928188
3595,342.052334
3596,342.150558
3597,342.246758
3598,342.327247
3599,342.389934
3600,342.435551
3601,342.465189
3602,342.479628
3603,342.479188
3604,342.463696
3605,342.432495
3606,342.384523
3607,342.318699
3608,342.235415
3609,342.141954
3610,342.038161
3611,341.828628
3612,340.645639
3613,340.212337
3614,340.020485
3615,339.911773
3616,339.836144
3617,339.77698
3618,339.728111
3619,339.68676
3620,339.651344
3621,339.620773
3622,339.594205
3623,339.570947
3624,339.55041
3625,339.532076
3626,339.515487
3627,339.500233
3628,339.485955
3629,339.472335
3630,339.459107
3631,339.446044
3632,339.432962
3633,339.419713
3634,339.40618
3635,339.392278
3636,339.377947
3637,339.363152
3638,339.347885
3639,339.332159
3640,339.316016
3641,339.299517
3642,339.282751
3643,339.265833
3644,339.248931
3645,339.23237
3646,339.21698
3647,339.205275
3648,339.490199
3649,339.517162
3650,339.556899
3651,339.605921
3652,339.664891
3653,339.738268
3654,339.83968
3655,340.01212
3656,340.397246
3657,341.470945
3658,341.844083
3659,341.965288
3660,342.056602
3661,342.145859
3662,342.220751
3663,342.279289
3664,342.322037
3665,342.349908
3666,342.36357
3667,342.363295
3668,342.348934
3669,342.319922
3670,342.275356
3671,342.214342
3672,342.137324
3673,342.05086
3674,341.953131
3675,341.738506
3676,340.565338
3677,340.150957
3678,339.972182
3679,339.871679
3680,339.801412
3681,339.745938
3682,339.699687
3683,339.660199
3684,339.626086
3685,339.596384
3686,339.570345
3687,339.547349
3688,339.526868
3689,339.50844
3690,339.491658
3691,339.476162
3692,339.461635
3693,339.447798
3694,339.434413
3695,339.421277
3696,339.408222
3697,339.395109
3698,339.381831
3699,339.368304
3700,339.354469
3701,339.340289
3702,339.325748
3703,339.310853
3704,339.295628
3705,339.280115
3706,339.264377
3707,339.248498
3708,339.232614
3709,339.217011
3710,339.202465
3711,339.191364
3712,339.470888
3713,339.496581
3714,339.534195
3715,339.580206
3716,339.634916
3717,339.701796
3718,339.791702
3719,339.939615
3720,340.265765
3721,341.208857
3722,341.726121
3723,341.867422
3724,341.953402
3725,342.036383
3726,342.106284
3727,342.161203
3728,342.201486
3729,342.227857
3730,342.240867
3731,342.240744
3732,342.22736
3733,342.200243
3734,342.15866
3735,342.101939
3736,342.030625
3737,341.950203
3738,341.851561
3739,341.517501
3740,340.430841
3741,340.070906
3742,339.916785
3743,339.828099
3744,339.764442
3745,339.71321
3746,339.669911
3747,339.632548
3748,339.599971
3749,339.571366
3750,339.546085
3751,339.523586
3752,339.503404
3753,339.485128
3754,339.468399
3755,339.452899
3756,339.438345
3757,339.424492
3758,339.411126
3759,339.398064
3760,339.385154
3761,339.372268
3762,339.359305
3763,339.346184
3764,339.332848
3765,339.319259
3766,339.305395
3767,339.291254
3768,339.276849
3769,339.262206
3770,339.247369
3771,339.2324
3772,339.21741
3773,339.202657
3774,339.188868
3775,339.178318
3776,339.450503
3777,339.474884
3778,339.510315
3779,339.553226
3780,339.60348
3781,339.663189
3782,339.738678
3783,339.847956
3784,340.041375
3785,340.44347
3786,341.229918
3787,341.642929
3788,341.744106
3789,341.825687
3790,341.893787
3791,341.947351
3792,341.986705
3793,342.01251
3794,342.025275
3795,342.025209
3796,342.012195
3797,341.985796
3798,341.945335
3799,341.890197
3800,341.820597
3801,341.735087
3802,341.516902
3803,340.623596
3804,340.173676
3805,339.966217
3806,339.855341
3807,339.782291
3808,339.726141
3809,339.67944
3810,339.63925
3811,339.604149
3812,339.573251
3813,339.545896
3814,339.521539
3815,339.499716
3816,339.480019
3817,339.462088
3818,339.445606
3819,339.430289
3820,339.415888
3821,339.402182
3822,339.388981
3823,339.376118
3824,339.363455
3825,339.350874
3826,339.338279
3827,339.325597
3828,339.312769
3829,339.299755
3830,339.286533
3831,339.273091
3832,339.259435
3833,339.245579
3834,339.231551
3835,339.217398
3836,339.203213
3837,339.189229
3838,339.176131
3839,339.166088
3840,339.429466
3841,339.452539
3842,339.485822
3843,339.525727
3844,339.571737
3845,339.624841
3846,339.687956
3847,339.768239
3848,339.88175
3849,340.056144
3850,340.301045
3851,340.473971
3852,340.567454
3853,340.635653
3854,340.690178
3855,340.733142
3856,340.765102
3857,340.786374
3858,340.797166
3859,340.797562
3860,340.787511
3861,340.766827
3862,340.735206
3863,340.692152
3864,340.636219
3865,340.560212
3866,340.428681
3867,340.173143
3868,339.989962
3869,339.874735
3870,339.796551
3871,339.736993
3872,339.687784
3873,339.645415
3874,339.608268
3875,339.575428
3876,339.546254
3877,339.520227
3878,339.4969
3879,339.475876
3880,339.456803
3881,339.439365
3882,339.423279
3883,339.408296
3884,339.39419
3885,339.380765
3886,339.367847
3887,339.355286
3888,339.342955
3889,339.330745
3890,339.318568
3891,339.306351
3892,339.29404
3893,339.281594
3894,339.268988
3895,339.256205
3896,339.243245
3897,339.230112
3898,339.216825
3899,339.203419
3900,339.189971
3901,339.176694
3902,339.164236
3903,339.154664
3904,339.408388
3905,339.430206
3906,339.461473
3907,339.498629
3908,339.540908
3909,339.588602
3910,339.642796
3911,339.705807
3912,339.781801
3913,339.875542
3914,339.983236
3915,340.075213
3916,340.144872
3917,340.200881
3918,340.246772
3919,340.28342
3920,340.311002
3921,340.329574
3922,340.339177
3923,340.339826
3924,340.331506
3925,340.314171
3926,340.287755
3927,340.25211
3928,340.206626
3929,340.148765
3930,340.071012
3931,339.967511
3932,339.876158
3933,339.803387
3934,339.744331
3935,339.694338
3936,339.65074
3937,339.612148
3938,339.577771
3939,339.547057
3940,339.519553
3941,339.494857
3942,339.472599
3943,339.452443
3944,339.434082
3945,339.417238
3946,339.401658
3947,339.387119
3948,339.373417
3949,339.360373
3950,339.34783
3951,339.335652
3952,339.323719
3953,339.311931
3954,339.300205
3955,339.288474
3956,339.276684
3957,339.264796
3958,339.25278
3959,339.24062
3960,339.228308
3961,339.215845
3962,339.203241
3963,339.190521
3964,339.177753
3965,339.165131
3966,339.153268
3967,339.144135
3968,339.388534
3969,339.409215
3970,339.438716
3971,339.473545
3972,339.512806
3973,339.556434
3974,339.6047
3975,339.658119
3976,339.717343
3977,339.78241
3978,339.850488
3979,339.913966
3980,339.969358
3981,340.016985
3982,340.057095
3983,340.089581
3984,340.114269
3985,340.131039
3986,340.139829
3987,340.140616
3988,340.133404
3989,340.11823
3990,340.095182
3991,340.064399
3992,340.025991
3993,339.979776
3994,339.925161
3995,339.863449
3996,339.803553
3997,339.749147
3998,339.700385
3999,339.656571
4000,339.617093
4001,339.581503
4002,339.549439
4003,339.520566
4004,339.494555
4005,339.471086
4006,339.449849
4007,339.430551
4008,339.41292
4009,339.396707
4010,339.381683
4011,339.367643
4012,339.354402
4013,339.341795
4014,339.329676
4015,339.317919
4016,339.306414
4017,339.295066
4018,339.283797
4019,339.272544
4020,339.261254
4021,339.249888
4022,339.238418
4023,339.226825
4024,339.215098
4025,339.203234
4026,339.191239
4027,339.179132
4028,339.166972
4029,339.15494
4030,339.143616
4031,339.134886
4032,339.373342
4033,339.393168
4034,339.421401
4035,339.454627
4036,339.491901
4037,339.533015
4038,339.577949
4039,339.626661
4040,339.678914
4041,339.733911
4042,339.789705
4043,339.843145
4044,339.891977
4045,339.935153
4046,339.972034
4047,340.002147
4048,340.02516
4049,340.040866
4050,340.04916
4051,340.05
4052,340.043401
4053,340.029437
4054,340.008265
4055,339.980157
4056,339.945516
4057,339.904881
4058,339.859061
4059,339.809809
4060,339.760527
4061,339.713464
4062,339.669568
4063,339.629115
4064,339.592114
4065,339.558454
4066,339.527948
4067,339.500361
4068,339.475429
4069,339.452873
4070,339.432418
4071,339.413796
4072,339.396757
4073,339.381069
4074,339.366517
4075,339.352908
4076,339.340069
4077,339.327843
4078,339.316093
4079,339.304698
4080,339.293553
4081,339.28257
4082,339.271673
4083,339.2608
4084,339.249902
4085,339.23894
4086,339.227886
4087,339.21672
4088,339.205431
4089,339.194014
4090,339.182472
4091,339.170821
4092,339.159115
4093,339.147527
4094,339.136615
4095,339.128202
4096,339.626443
4097,339.658128
4098,339.683909
4099,339.704608
4100,339.720724
4101,339.732552
4102,339.740237
4103,339.743788
4104,339.743079
4105,339.737847
4106,339.727677
4107,339.711978
4108,339.689948
4109,339.660512
4110,339.622202
4111,339.572876
4112,339.508951
4113,339.456641
4114,339.414129
4115,339.379667
4116,339.351784
4117,339.329294
4118,339.311248
4119,339.296894
4120,339.285637
4121,339.277006
4122,339.27064
4123,339.266259
4124,339.26366
4125,339.2627
4126,339.263296
4127,339.265415
4128,339.269074
4129,339.274344
4130,339.281346
4131,339.290262
4132,339.301338
4133,339.3149
4134,339.331364
4135,339.351255
4136,339.375233
4137,339.404124
4138,339.438959
4139,339.481023
4140,339.531921
4141,339.593654
4142,339.668683
4143,339.759924
4144,339.870384
4145,339.956436
4146,340.0241
4147,340.076956
4148,340.117452
4149,340.147378
4150,340.16807
4151,340.180507
4152,340.185378
4153,340.183118
4154,340.173925
4155,340.157777
4156,340.13442
4157,340.103342
4158,340.0637
4159,340.014098
4160,339.659328
4161,339.692522
4162,339.719548
4163,339.741262
4164,339.758181
4165,339.770614
4166,339.778712
4167,339.782485
4168,339.781802
4169,339.776389
4170,339.765815
4171,339.749467
4172,339.726516
4173,339.69586
4174,339.65601
4175,339.604838
4176,339.538912
4177,339.484622
4178,339.44036
4179,339.404418
4180,339.375308
4181,339.351814
4182,339.332957
4183,339.317955
4184,339.306188
4185,339.297169
4186,339.290517
4187,339.285942
4188,339.283231
4189,339.282235
4190,339.282867
4191,339.285091
4192,339.288928
4193,339.29445
4194,339.301784
4195,339.311121
4196,339.322718
4197,339.336916
4198,339.354149
4199,339.374967
4200,339.400059
4201,339.430285
4202,339.46672
4203,339.510696
4204,339.563875
4205,339.628307
4206,339.706485
4207,339.801267
4208,339.915333
4209,340.004692
4210,340.075139
4211,340.130238
4212,340.172476
4213,340.203691
4214,340.225262
4215,340.238206
4216,340.24324
4217,340.240813
4218,340.231136
4219,340.214183
4220,340.189692
4221,340.157131
4222,340.115625
4223,340.063738
4224,339.686297
4225,339.720763
4226,339.748861
4227,339.771465
4228,339.789105
4229,339.8021
4230,339.810604
4231,339.814627
4232,339.814035
4233,339.808548
4234,339.797722
4235,339.780934
4236,339.757341
4237,339.725833
4238,339.684927
4239,339.632533
4240,339.565318
4241,339.509703
4242,339.464214
4243,339.427196
4244,339.397174
4245,339.372923
4246,339.353449
4247,339.337954
4248,339.3258
4249,339.316486
4250,339.30962
4251,339.304903
4252,339.302114
4253,339.3011
4254,339.301769
4255,339.304088
4256,339.308075
4257,339.313805
4258,339.321411
4259,339.33109
4260,339.343109
4261,339.357818
4262,339.375668
4263,339.397227
4264,339.423204
4265,339.454487
4266,339.492176
4267,339.537638
4268,339.592559
4269,339.659006
4270,339.739455
4271,339.83668
4272,339.953148
4273,340.04477
4274,340.117192
4275,340.173921
4276,340.217436
4277,340.24959
4278,340.271786
4279,340.285062
4280,340.29015
4281,340.287515
4282,340.277372
4283,340.259696
4284,340.234217
4285,340.200394
4286,340.157333
4287,340.103577
4288,339.708217
4289,339.743737
4290,339.772742
4291,339.796119
4292,339.814403
4293,339.827918
4294,339.836821
4295,339.841123
4296,339.840688
4297,339.83523
4298,339.824301
4299,339.807269
4300,339.783288
4301,339.751247
4302,339.709677
4303,339.656519
4304,339.588485
4305,339.532026
4306,339.485735
4307,339.447998
4308,339.417356
4309,339.392586
4310,339.372687
4311,339.356851
4312,339.344433
4313,339.334921
4314,339.327914
4315,339.323107
4316,339.320275
4317,339.31926
4318,339.319971
4319,339.32237
4320,339.326478
4321,339.332373
4322,339.34019
4323,339.35013
4324,339.362467
4325,339.377561
4326,339.395873
4327,339.417981
4328,339.444613
4329,339.476672
4330,339.515277
4331,339.56181
4332,339.617972
4333,339.685827
4334,339.767826
4335,339.866679
4336,339.984743
4337,340.077857
4338,340.151596
4339,340.209419
4340,340.253787
4341,340.286554
4342,340.30913
4343,340.322565
4344,340.327604
4345,340.324717
4346,340.314124
4347,340.295801
4348,340.269475
4349,340.234597
4350,340.190267
4351,340.135013
4352,339.725608
4353,339.761982
4354,339.791739
4355,339.815773
4356,339.834624
4357,339.848619
4358,339.857917
4359,339.862527
4360,339.862312
4361,339.856985
4362,339.846093
4363,339.829002
4364,339.804865
4365,339.772574
4366,339.730669
4367,339.677111
4368,339.608635
4369,339.551716
4370,339.504981
4371,339.466839
4372,339.435847
4373,339.410783
4374,339.390645
4375,339.374621
4376,339.362061
4377,339.352446
4378,339.345372
4379,339.340529
4380,339.337688
4381,339.336692
4382,339.337446
4383,339.339913
4384,339.344114
4385,339.350127
4386,339.358091
4387,339.36821
4388,339.380762
4389,339.396112
4390,339.414727
4391,339.437194
4392,339.46425
4393,339.496808
4394,339.535997
4395,339.583209
4396,339.640147
4397,339.708871
4398,339.791811
4399,339.891637
4400,340.01065
4401,340.104636
4402,340.179137
4403,340.237581
4404,340.282414
4405,340.315485
4406,340.338206
4407,340.351634
4408,340.356519
4409,340.353337
4410,340.342309
4411,340.323412
4412,340.296373
4413,340.26064
4414,340.215307
4415,340.158896
4416,339.738787
4417,339.775823
4418,339.806183
4419,339.830763
4420,339.850107
4421,339.864542
4422,339.874227
4423,339.879173
4424,339.879242
4425,339.874144
4426,339.863427
4427,339.846453
4428,339.822376
4429,339.79009
4430,339.748141
4431,339.6945
4432,339.625913
4433,339.568867
4434,339.522004
4435,339.483744
4436,339.452651
4437,339.427508
4438,339.407312
4439,339.39125
4440,339.378668
4441,339.369046
4442,339.361978
4443,339.357153
4444,339.35434
4445,339.353381
4446,339.35418
4447,339.356701
4448,339.360966
4449,339.367052
4450,339.3751
4451,339.385315
4452,339.397976
4453,339.413452
4454,339.432211
4455,339.454846
4456,339.482096
4457,339.51488
4458,339.554331
4459,339.601845
4460,339.659124
4461,339.728225
4462,339.811566
4463,339.911798
4464,340.031194
4465,340.125515
4466,340.200287
4467,340.258922
4468,340.303856
4469,340.336936
4470,340.359575
4471,340.372832
4472,340.377461
4473,340.373939
4474,340.362491
4475,340.343093
4476,340.315472
4477,340.279074
4478,340.232993
4479,340.175746
4480,339.747913
4481,339.785427
4482,339.816243
4483,339.84126
4484,339.861021
4485,339.875856
4486,339.885923
4487,339.891233
4488,339.891648
4489,339.886878
4490,339.876469
4491,339.859784
4492,339.835975
4493,339.803937
4494,339.762216
4495,339.708786
4496,339.640398
4497,339.583534
4498,339.536836
4499,339.498729
4500,339.467777
4501,339.442764
4502,339.422688
4503,339.406735
4504,339.394252
4505,339.384719
4506,339.377731
4507,339.372977
4508,339.370227
4509,339.369322
4510,339.370169
4511,339.372731
4512,339.37703
4513,339.383144
4514,339.391212
4515,339.40144
4516,339.414106
4517,339.429577
4518,339.448323
4519,339.470935
4520,339.498151
4521,339.53089
4522,339.570285
4523,339.617733
4524,339.674935
4525,339.743946
4526,339.827184
4527,339.927294
4528,340.046545
4529,340.140703
4530,340.215285
4531,340.273701
4532,340.318387
4533,340.35119
4534,340.373523
4535,340.386447
4536,340.390717
4537,340.386812
4538,340.374957
4539,340.355129
4540,340.327054
4541,340.29018
4542,340.243598
4543,340.185824
4544,339.753007
4545,339.790815
4546,339.82194
4547,339.847283
4548,339.867388
4549,339.882582
4550,339.893025
4551,339.898727
4552,339.899551
4553,339.895206
4554,339.885241
4555,339.869016
4556,339.845684
4557,339.814136
4558,339.772914
4559,339.719988
4560,339.652107
4561,339.595731
4562,339.549492
4563,339.511807
4564,339.481236
4565,339.456562
4566,339.436782
4567,339.421086
4568,339.408822
4569,339.399474
4570,339.392638
4571,339.388008
4572,339.385355
4573,339.384524
4574,339.385421
4575,339.388011
4576,339.392315
4577,339.398411
4578,339.406437
4579,339.416595
4580,339.429162
4581,339.4445
4582,339.463075
4583,339.485473
4584,339.512427
4585,339.544851
4586,339.583874
4587,339.630888
4588,339.687597
4589,339.756057
4590,339.838691
4591,339.938156
4592,340.056738
4593,340.150237
4594,340.224173
4595,340.281964
4596,340.326052
4597,340.358288
4598,340.38009
4599,340.392518
4600,340.396326
4601,340.391993
4602,340.379744
4603,340.359556
4604,340.331156
4605,340.293992
4606,340.247156
4607,340.189164
4608,339.753956
4609,339.791869
4610,339.823153
4611,339.84871
4612,339.869081
4613,339.884593
4614,339.895406
4615,339.901529
4616,339.902825
4617,339.899008
4618,339.889625
4619,339.874039
4620,339.8514
4621,339.820595
4622,339.780157
4623,339.728044
4624,339.661
4625,339.605435
4626,339.559961
4627,339.522978
4628,339.493037
4629,339.468916
4630,339.449614
4631,339.434324
4632,339.422399
4633,339.41333
4634,339.40672
4635,339.402266
4636,339.399745
4637,339.399005
4638,339.399953
4639,339.402558
4640,339.406839
4641,339.412873
4642,339.420794
4643,339.430802
4644,339.443168
4645,339.458247
4646,339.476496
4647,339.49849
4648,339.524955
4649,339.556791
4650,339.595119
4651,339.641325
4652,339.69711
4653,339.764537
4654,339.846045
4655,339.944316
4656,340.061674
4657,340.153991
4658,340.2268
4659,340.28354
4660,340.326666
4661,340.358039
4662,340.379077
4663,340.390841
4664,340.394081
4665,340.389274
4666,340.376644
4667,340.356167
4668,340.327572
4669,340.290308
4670,340.243471
4671,340.185578
4672,339.750505
4673,339.788325
4674,339.819612
4675,339.845266
4676,339.865824
4677,339.881612
4678,339.892788
4679,339.899361
4680,339.901197
4681,339.898011
4682,339.889356
4683,339.874599
4684,339.852887
4685,339.823103
4686,339.783765
4687,339.732812
4688,339.666972
4689,339.612583
4690,339.568214
4691,339.532239
4692,339.503193
4693,339.479851
4694,339.461213
4695,339.44648
4696,339.435017
4697,339.426321
4698,339.420008
4699,339.415781
4700,339.413425
4701,339.412792
4702,339.413795
4703,339.416401
4704,339.420631
4705,339.42656
4706,339.434319
4707,339.444099
4708,339.456165
4709,339.470861
4710,339.48863
4711,339.510034
4712,339.53578
4713,339.566753
4714,339.604055
4715,339.64906
4716,339.703463
4717,339.769334
4718,339.849138
4719,339.945603
4720,340.061114
4721,340.151665
4722,340.222817
4723,340.278039
4724,340.319813
4725,340.350005
4726,340.370036
4727,340.380961
4728,340.383523
4729,340.378195
4730,340.365196
4731,340.344503
4732,340.315846
4733,340.27868
4734,340.232105
4735,340.174643
4736,339.74225
4737,339.779762
4738,339.810885
4739,339.836511
4740,339.857176
4741,339.873196
4742,339.884728
4743,339.891781
4744,339.894225
4745,339.891781
4746,339.88401
4747,339.870284
4748,339.849759
4749,339.82131
4750,339.78344
4751,339.734057
4752,339.669862
4753,339.617076
4754,339.574206
4755,339.539584
4756,339.511726
4757,339.489403
4758,339.471625
4759,339.457605
4760,339.446723
4761,339.438494
4762,339.432546
4763,339.428595
4764,339.426435
4765,339.425926
4766,339.426984
4767,339.42958
4768,339.433733
4769,339.439517
4770,339.447056
4771,339.456535
4772,339.468206
4773,339.4824
4774,339.499542
4775,339.520172
4776,339.544973
4777,339.574802
4778,339.610735
4779,339.654121
4780,339.706641
4781,339.77037
4782,339.847805
4783,339.941741
4784,340.054668
4785,340.142767
4786,340.211645
4787,340.264824
4788,340.304811
4789,340.333481
4790,340.352246
4791,340.362149
4792,340.363921
4793,340.358021
4794,340.344666
4795,340.323831
4796,340.295251
4797,340.25839
4798,340.212357
4799,340.155685
4800,339.728609
4801,339.765576
4802,339.796355
4803,339.821826
4804,339.842512
4805,339.85872
4806,339.870601
4807,339.878166
4808,339.881288
4809,339.879699
4810,339.872974
4811,339.860503
4812,339.841453
4813,339.814705
4814,339.778745
4815,339.731442
4816,339.66944
4817,339.618787
4818,339.57789
4819,339.545021
4820,339.518676
4821,339.497631
4822,339.480914
4823,339.467762
4824,339.457581
4825,339.449909
4826,339.444392
4827,339.440762
4828,339.438828
4829,339.438456
4830,339.43957
4831,339.442143
4832,339.446195
4833,339.451796
4834,339.459063
4835,339.468172
4836,339.479361
4837,339.492942
4838,339.509317
4839,339.528997
4840,339.55263
4841,339.581034
4842,339.615243
4843,339.656565
4844,339.706648
4845,339.767559
4846,339.841828
4847,339.932346
4848,340.041772
4849,340.126568
4850,340.192434
4851,340.242959
4852,340.280676
4853,340.307454
4854,340.324681
4855,340.333374
4856,340.334238
4857,340.327717
4858,340.314017
4859,340.293116
4860,340.264756
4861,340.228416
4862,340.183226
4863,340.127739
4864,339.708787
4865,339.744948
4866,339.775192
4867,339.800375
4868,339.820996
4869,339.837348
4870,339.849573
4871,339.857678
4872,339.861548
4873,339.860928
4874,339.855418
4875,339.844439
4876,339.827187
4877,339.802566
4878,339.769063
4879,339.724494
4880,339.66541
4881,339.617577
4882,339.579237
4883,339.548589
4884,339.524118
4885,339.504623
4886,339.489172
4887,339.477042
4888,339.467675
4889,339.460642
4890,339.455615
4891,339.452348
4892,339.450664
4893,339.450441
4894,339.451611
4895,339.45415
4896,339.458078
4897,339.463461
4898,339.47041
4899,339.479088
4900,339.489716
4901,339.502583
4902,339.518062
4903,339.536627
4904,339.558882
4905,339.585588
4906,339.617717
4907,339.656507
4908,339.703541
4909,339.760846
4910,339.830967
4911,339.916922
4912,340.02164
4913,340.102041
4914,340.163985
4915,340.211145
4916,340.246056
4917,340.270547
4918,340.285955
4919,340.293246
4920,340.293087
4921,340.285895
4922,340.271863
4923,340.250969
4924,340.222972
4925,340.187378
4926,340.143351
4927,340.089488
4928,339.681719
4929,339.716784
4930,339.746294
4931,339.771057
4932,339.791533
4933,339.807988
4934,339.82055
4935,339.829226
4936,339.833908
4937,339.834368
4938,339.830239
4939,339.820992
4940,339.805883
4941,339.783881
4942,339.753512
4943,339.712562
4944,339.657415
4945,339.613328
4946,339.578278
4947,339.550391
4948,339.52818
4949,339.510512
4950,339.496524
4951,339.485557
4952,339.477107
4953,339.470786
4954,339.466301
4955,339.46343
4956,339.462015
4957,339.46195
4958,339.463174
4959,339.465667
4960,339.469451
4961,339.474587
4962,339.481177
4963,339.489371
4964,339.499369
4965,339.511436
4966,339.525908
4967,339.543215
4968,339.563901
4969,339.588657
4970,339.618363
4971,339.654149
4972,339.697481
4973,339.750273
4974,339.815023
4975,339.89487
4976,339.993187
4977,340.067721
4978,340.124616
4979,340.167595
4980,340.199123
4981,340.220925
4982,340.234238
4983,340.239945
4984,340.238653
4985,340.230742
4986,340.216387
4987,340.19557
4988,340.168074
4989,340.133446
4990,340.090918
4991,340.039162
4992,339.645947
4993,339.679607
4994,339.708191
4995,339.732415
4996,339.752676
4997,339.769201
4998,339.782097
4999,339.791369
5000,339.796923
5001,339.798559
5002,339.795962
5003,339.788675
5004,339.776056
5005,339.757205
5006,339.730794
5007,339.694697
5008,339.645079
5009,339.606038
5010,339.575175
5011,339.550638
5012,339.531073
5013,339.515487
5014,339.503136
5015,339.493452
5016,339.486001
5017,339.48045
5018,339.476544
5019,339.474094
5020,339.472962
5021,339.473059
5022,339.474333
5023,339.47677
5024,339.480392
5025,339.485255
5026,339.491453
5027,339.49912
5028,339.508436
5029,339.519634
5030,339.533011
5031,339.548944
5032,339.567907
5033,339.5905
5034,339.617483
5035,339.649832
5036,339.688812
5037,339.736104
5038,339.793981
5039,339.865551
5040,339.954824
5041,340.021441
5042,340.071915
5043,340.109828
5044,340.137399
5045,340.156135
5046,340.167103
5047,340.171063
5048,340.168541
5049,340.159867
5050,340.145194
5051,340.124511
5052,340.097633
5053,340.064173
5054,340.023467
5055,339.974339
5056,339.599352
5057,339.631313
5058,339.658821
5059,339.68242
5060,339.702418
5061,339.71899
5062,339.732221
5063,339.742114
5064,339.748588
5065,339.751481
5066,339.750538
5067,339.745399
5068,339.735568
5069,339.720369
5070,339.698826
5071,339.6693
5072,339.628183
5073,339.59602
5074,339.570346
5075,339.54971
5076,339.533112
5077,339.519804
5078,339.509215
5079,339.500896
5080,339.494501
5081,339.489756
5082,339.486453
5083,339.484437
5084,339.483594
5085,339.483852
5086,339.48517
5087,339.48754
5088,339.490984
5089,339.495556
5090,339.501337
5091,339.508447
5092,339.517043
5093,339.527324
5094,339.539547
5095,339.554027
5096,339.571162
5097,339.591444
5098,339.615488
5099,339.644066
5100,339.678158
5101,339.719025
5102,339.768356
5103,339.828589
5104,339.90386
5105,339.959698
5106,340.002244
5107,340.034259
5108,340.057382
5109,340.07274
5110,340.081159
5111,340.083239
5112,340.079406
5113,340.069928
5114,340.054936
5115,340.034423
5116,340.008246
5117,339.976103
5118,339.937481
5119,339.891482
5120,339.538407
5121,339.568532
5122,339.594912
5123,339.617852
5124,339.637564
5125,339.654177
5126,339.667755
5127,339.678295
5128,339.685737
5129,339.689957
5130,339.690767
5131,339.687914
5132,339.681076
5133,339.669866
5134,339.653875
5135,339.632847
5136,339.607523
5137,339.584368
5138,339.564618
5139,339.548194
5140,339.534717
5141,339.523777
5142,339.515003
5143,339.508085
5144,339.502765
5145,339.498839
5146,339.496146
5147,339.494564
5148,339.494007
5149,339.494419
5150,339.495772
5151,339.498064
5152,339.501318
5153,339.505583
5154,339.510932
5155,339.517469
5156,339.525325
5157,339.534668
5158,339.545709
5159,339.558703
5160,339.573964
5161,339.591872
5162,339.612884
5163,339.637546
5164,339.666491
5165,339.700416
5166,339.739967
5167,339.785281
5168,339.834284
5169,339.876137
5170,339.909626
5171,339.935196
5172,339.953537
5173,339.965294
5174,339.971004
5175,339.971092
5176,339.96587
5177,339.955544
5178,339.940216
5179,339.919888
5180,339.894454
5181,339.863697
5182,339.827265
5183,339.784658
5184,339.489272
5185,339.517594
5186,339.542826
5187,339.565098
5188,339.584524
5189,339.601183
5190,339.61511
5191,339.626302
5192,339.634711
5193,339.640252
5194,339.6428
5195,339.6422
5196,339.638283
5197,339.630901
5198,339.620014
5199,339.605898
5200,339.589601
5201,339.573637
5202,339.559246
5203,339.546823
5204,339.536373
5205,339.52775
5206,339.520763
5207,339.515224
5208,339.510964
5209,339.507843
5210,339.505745
5211,339.504584
5212,339.5043
5213,339.504853
5214,339.506229
5215,339.508431
5216,339.511486
5217,339.515436
5218,339.520347
5219,339.526306
5220,339.533422
5221,339.541832
5222,339.551699
5223,339.563221
5224,339.57663
5225,339.592199
5226,339.610233
5227,339.631068
5228,339.655033
5229,339.68238
5230,339.713105
5231,339.746548
5232,339.780628
5233,339.811129
5234,339.836304
5235,339.855698
5236,339.869377
5237,339.877588
5238,339.880616
5239,339.878718
5240,339.872103
5241,339.860917
5242,339.845239
5243,339.825079
5244,339.800378
5245,339.771007
5246,339.736779
5247,339.697479
5248,339.45013
5249,339.476893
5250,339.501089
5251,339.522753
5252,339.54193
5253,339.558654
5254,339.57294
5255,339.584779
5256,339.594136
5257,339.600956
5258,339.605166
5259,339.606689
5260,339.605462
5261,339.601482
5262,339.594874
5263,339.586016
5264,339.575691
5265,339.565112
5266,339.555141
5267,339.546223
5268,339.538524
5269,339.532054
5270,339.526749
5271,339.522518
5272,339.519267
5273,339.516911
5274,339.515377
5275,339.514611
5276,339.514577
5277,339.515253
5278,339.516635
5279,339.518736
5280,339.521582
5281,339.525215
5282,339.529691
5283,339.535082
5284,339.541478
5285,339.548982
5286,339.557719
5287,339.56783
5288,339.579475
5289,339.592829
5290,339.60807
5291,339.625366
5292,339.64483
5293,339.666446
5294,339.689937
5295,339.714551
5296,339.738837
5297,339.760761
5298,339.779005
5299,339.792936
5300,339.802342
5301,339.807229
5302,339.807698
5303,339.803879
5304,339.795896
5305,339.783846
5306,339.767791
5307,339.747752
5308,339.72371
5309,339.69561
5310,339.66338
5311,339.626966
5312,339.419238
5313,339.444724
5314,339.468053
5315,339.489212
5316,339.508201
5317,339.525026
5318,339.539683
5319,339.552161
5320,339.562434
5321,339.570468
5322,339.576227
5323,339.579685
5324,339.580846
5325,339.579775
5326,339.576643
5327,339.571791
5328,339.565759
5329,339.559235
5330,339.552798
5331,339.546825
5332,339.541521
5333,339.536973
5334,339.533194
5335,339.530163
5336,339.52784
5337,339.526188
5338,339.525169
5339,339.524759
5340,339.524943
5341,339.525715
5342,339.527085
5343,339.529071
5344,339.531702
5345,339.535019
5346,339.539071
5347,339.543918
5348,339.549629
5349,339.556283
5350,339.563965
5351,339.572769
5352,339.582791
5353,339.594127
5354,339.606856
5355,339.621024
5356,339.636608
5357,339.653459
5358,339.671227
5359,339.689264
5360,339.706594
5361,339.722051
5362,339.734719
5363,339.744024
5364,339.74967
5365,339.751545
5366,339.749641
5367,339.744002
5368,339.734694
5369,339.721778
5370,339.705307
5371,339.685311
5372,339.661804
5373,339.634786
5374,339.604259
5375,339.570247
5376,339.39513
5377,339.419607
5378,339.442251
5379,339.463024
5380,339.481903
5381,339.498874
5382,339.513922
5383,339.52703
5384,339.53818
5385,339.547352
5386,339.554532
5387,339.559725
5388,339.562964
5389,339.564339
5390,339.564019
5391,339.562272
5392,339.559477
5393,339.556067
5394,339.55244
5395,339.548892
5396,339.54562
5397,339.542738
5398,339.540303
5399,339.538336
5400,339.536841
5401,339.535813
5402,339.535248
5403,339.535143
5404,339.535503
5405,339.53634
5406,339.537673
5407,339.539529
5408,339.541941
5409,339.544948
5410,339.548594
5411,339.552931
5412,339.558011
5413,339.563888
5414,339.570618
5415,339.578254
5416,339.586839
5417,339.596406
5418,339.606959
5419,339.618464
5420,339.630817
5421,339.643815
5422,339.657111
5423,339.670187
5424,339.682361
5425,339.692886
5426,339.701114
5427,339.706581
5428,339.708994
5429,339.708198
5430,339.70413
5431,339.696789
5432,339.686201
5433,339.672412
5434,339.655467
5435,339.635412
5436,339.612284
5437,339.586125
5438,339.556978
5439,339.52491
5440,339.376622
5441,339.400329
5442,339.422462
5443,339.442974
5444,339.461827
5445,339.478996
5446,339.494458
5447,339.508192
5448,339.520183
5449,339.530417
5450,339.538893
5451,339.545627
5452,339.550665
5453,339.554096
5454,339.556063
5455,339.556775
5456,339.556498
5457,339.555527
5458,339.554143
5459,339.552577
5460,339.551
5461,339.549532
5462,339.54825
5463,339.547201
5464,339.546419
5465,339.545924
5466,339.545737
5467,339.545876
5468,339.546364
5469,339.547226
5470,339.548494
5471,339.550202
5472,339.552388
5473,339.555093
5474,339.55836
5475,339.562231
5476,339.566745
5477,339.571941
5478,339.577847
5479,339.584481
5480,339.591847
5481,339.599926
5482,339.60867
5483,339.617988
5484,339.627731
5485,339.637676
5486,339.647505
5487,339.656802
5488,339.66507
5489,339.671786
5490,339.676481
5491,339.678787
5492,339.678448
5493,339.675306
5494,339.66928
5495,339.660346
5496,339.648517
5497,339.63383
5498,339.616337
5499,339.596097
5500,339.573173
5501,339.547632
5502,339.519549
5503,339.489011
5504,339.362767
5505,339.385912
5506,339.407696
5507,339.428066
5508,339.446981
5509,339.464405
5510,339.480309
5511,339.494671
5512,339.507472
5513,339.518702
5514,339.528363
5515,339.536472
5516,339.543074
5517,339.548245
5518,339.552101
5519,339.554798
5520,339.556528
5521,339.557502
5522,339.557924
5523,339.557972
5524,339.557795
5525,339.557505
5526,339.557188
5527,339.556908
5528,339.556716
5529,339.556654
5530,339.556761
5531,339.557073
5532,339.55763
5533,339.558472
5534,339.55964
5535,339.561178
5536,339.563132
5537,339.565545
5538,339.568461
5539,339.571917
5540,339.575946
5541,339.58057
5542,339.585799
5543,339.591624
5544,339.598015
5545,339.604913
5546,339.612227
5547,339.619826
5548,339.627534
5549,339.635118
5550,339.64229
5551,339.648706
5552,339.653984
5553,339.657736
5554,339.659609
5555,339.659314
5556,339.656635
5557,339.651431
5558,339.643624
5559,339.633186
5560,339.62013
5561,339.604499
5562,339.586358
5563,339.565785
5564,339.542868
5565,339.5177
5566,339.490378
5567,339.461001
5568,339.352809
5569,339.375574
5570,339.397155
5571,339.417499
5572,339.436561
5573,339.454299
5574,339.470682
5575,339.485682
5576,339.499276
5577,339.511452
5578,339.522208
5579,339.531558
5580,339.539537
5581,339.546203
5582,339.551646
5583,339.55598
5584,339.559346
5585,339.561896
5586,339.563783
5587,339.565149
5588,339.566117
5589,339.566793
5590,339.567263
5591,339.567602
5592,339.567874
5593,339.568137
5594,339.568445
5595,339.568852
5596,339.569411
5597,339.570176
5598,339.571203
5599,339.572544
5600,339.574255
5601,339.576385
5602,339.578981
5603,339.58208
5604,339.585713
5605,339.589891
5606,339.59461
5607,339.59984
5608,339.605522
5609,339.611565
5610,339.61784
5611,339.624181
5612,339.630386
5613,339.636216
5614,339.641402
5615,339.645646
5616,339.648639
5617,339.650079
5618,339.649689
5619,339.647242
5620,339.642561
5621,339.635527
5622,339.626075
5623,339.614187
5624,339.599886
5625,339.583232
5626,339.56431
5627,339.543227
5628,339.5201
5629,339.495052
5630,339.4682
5631,339.439654
5632,339.346148
5633,339.36869
5634,339.390201
5635,339.410628
5636,339.429922
5637,339.448041
5638,339.464946
5639,339.480604
5640,339.494988
5641,339.508079
5642,339.519868
5643,339.53036
5644,339.539575
5645,339.547555
5646,339.554362
5647,339.560078
5648,339.564805
5649,339.568654
5650,339.571742
5651,339.574182
5652,339.576079
5653,339.577529
5654,339.57862
5655,339.579432
5656,339.580039
5657,339.580512
5658,339.580919
5659,339.58133
5660,339.581814
5661,339.582439
5662,339.583273
5663,339.584383
5664,339.585834
5665,339.587686
5666,339.589993
5667,339.592798
5668,339.59613
5669,339.600001
5670,339.604395
5671,339.609267
5672,339.614535
5673,339.620074
5674,339.625718
5675,339.631263
5676,339.636475
5677,339.641102
5678,339.644877
5679,339.647534
5680,339.648807
5681,339.648451
5682,339.646244
5683,339.642003
5684,339.635586
5685,339.626898
5686,339.61589
5687,339.602561
5688,339.586953
5689,339.569149
5690,339.549268
5691,339.527458
5692,339.503875
5693,339.478677
5694,339.452007
5695,339.423991
5696,339.342305
5697,339.364764
5698,339.386325
5699,339.406939
5700,339.426553
5701,339.445122
5702,339.462602
5703,339.478954
5704,339.494144
5705,339.508142
5706,339.520931
5707,339.532501
5708,339.542857
5709,339.552022
5710,339.560033
5711,339.566946
5712,339.572832
5713,339.577771
5714,339.581852
5715,339.585168
5716,339.587808
5717,339.589863
5718,339.591418
5719,339.592559
5720,339.593368
5721,339.593928
5722,339.594323
5723,339.594638
5724,339.594956
5725,339.595362
5726,339.595941
5727,339.596774
5728,339.59794
5729,339.599513
5730,339.601559
5731,339.60413
5732,339.607266
5733,339.610978
5734,339.615253
5735,339.620032
5736,339.625213
5737,339.630637
5738,339.636092
5739,339.641325
5740,339.646055
5741,339.650001
5742,339.652887
5743,339.65446
5744,339.654485
5745,339.652755
5746,339.649088
5747,339.643336
5748,339.635386
5749,339.625163
5750,339.612638
5751,339.597824
5752,339.580789
5753,339.561649
5754,339.540572
5755,339.517757
5756,339.493423
5757,339.467777
5758,339.440999
5759,339.413228
5760,339.3409
5761,339.363399
5762,339.385124
5763,339.406025
5764,339.42605
5765,339.445148
5766,339.46327
5767,339.480368
5768,339.496399
5769,339.511323
5770,339.525107
5771,339.537728
5772,339.549173
5773,339.559442
5774,339.568552
5775,339.576533
5776,339.583431
5777,339.589302
5778,339.594215
5779,339.598243
5780,339.601467
5781,339.60397
5782,339.605839
5783,339.607163
5784,339.608036
5785,339.608552
5786,339.608811
5787,339.608912
5788,339.608958
5789,339.609052
5790,339.609297
5791,339.609793
5792,339.610636
5793,339.611919
5794,339.613723
5795,339.616121
5796,339.619164
5797,339.622879
5798,339.627258
5799,339.632242
5800,339.637709
5801,339.643463
5802,339.649233
5803,339.654689
5804,339.659479
5805,339.663269
5806,339.665762
5807,339.666708
5808,339.665895
5809,339.663145
5810,339.65831
5811,339.65127
5812,339.641933
5813,339.630244
5814,339.616183
5815,339.599783
5816,339.581133
5817,339.560392
5818,339.53779
5819,339.513611
5820,339.488161
5821,339.461722
5822,339.434522
5823,339.406722
5824,339.341628
5825,339.364282
5826,339.386278
5827,339.407569
5828,339.4281
5829,339.447816
5830,339.466661
5831,339.484578
5832,339.501511
5833,339.517407
5834,339.532217
5835,339.545898
5836,339.558418
5837,339.569756
5838,339.579906
5839,339.588874
5840,339.596684
5841,339.603372
5842,339.608988
5843,339.613593
5844,339.617259
5845,339.620064
5846,339.622099
5847,339.623459
5848,339.624248
5849,339.624574
5850,339.624554
5851,339.624307
5852,339.623955
5853,339.623623
5854,339.623436
5855,339.623514
5856,339.623979
5857,339.624943
5858,339.626514
5859,339.628788
5860,339.631841
5861,339.635725
5862,339.640453
5863,339.645977
5864,339.652165
5865,339.658782
5866,339.66547
5867,339.671781
5868,339.67724
5869,339.681433
5870,339.68403
5871,339.68478
5872,339.683496
5873,339.680032
5874,339.674269
5875,339.666114
5876,339.655493
5877,339.642357
5878,339.626693
5879,339.608539
5880,339.588003
5881,339.565289
5882,339.54071
5883,339.514679
5884,339.487643
5885,339.459994
5886,339.432025
5887,339.403921
5888,339.34425
5889,339.367163
5890,339.389536
5891,339.411322
5892,339.432463
5893,339.4529
5894,339.472569
5895,339.491401
5896,339.509326
5897,339.526274
5898,339.542175
5899,339.556966
5900,339.570592
5901,339.583007
5902,339.59418
5903,339.604097
5904,339.612758
5905,339.620181
5906,339.626401
5907,339.631468
5908,339.635446
5909,339.638415
5910,339.640466
5911,339.641704
5912,339.642246
5913,339.642218
5914,339.641755
5915,339.640998
5916,339.640096
5917,339.639198
5918,339.638453
5919,339.63801
5920,339.638016
5921,339.638613
5922,339.639939
5923,339.642122
5924,339.645276
5925,339.649495
5926,339.654831
5927,339.66127
5928,339.668694
5929,339.67683
5930,339.685204
5931,339.693163
5932,339.700022
5933,339.705241
5934,339.708453
5935,339.709425
5936,339.708007
5937,339.704095
5938,339.697606
5939,339.688471
5940,339.676628
5941,339.662029
5942,339.644648
5943,339.624511
5944,339.601723
5945,339.576523
5946,339.549333
5947,339.520767
5948,339.491516
5949,339.46214
5950,339.433007
5951,339.404318
5952,339.348573
5953,339.371846
5954,339.394701
5955,339.417092
5956,339.438961
5957,339.460241
5958,339.480857
5959,339.50073
5960,339.51977
5961,339.537887
5962,339.554988
5963,339.570983
5964,339.585789
5965,339.599333
5966,339.611558
5967,339.622425
5968,339.631912
5969,339.64002
5970,339.646768
5971,339.652197
5972,339.656367
5973,339.659358
5974,339.661268
5975,339.662212
5976,339.662323
5977,339.661749
5978,339.660648
5979,339.65919
5980,339.657552
5981,339.655912
5982,339.654451
5983,339.653351
5984,339.652788
5985,339.65294
5986,339.65398
5987,339.65608
5988,339.659405
5989,339.664106
5990,339.670307
5991,339.678068
5992,339.687331
5993,339.697821
5994,339.708917
5995,339.719597
5996,339.728767
5997,339.735719
5998,339.74008
5999,339.741676
6000,339.740429
6001,339.736299
6002,339.729251
6003,339.719242
6004,339.706217
6005,339.690112
6006,339.670871
6007,339.648468
6008,339.622962
6009,339.594585
6010,339.563872
6011,339.531773
6012,339.499449
6013,339.467702
6014,339.436959
6015,339.407401
6016,339.354444
6017,339.378173
6018,339.401619
6019,339.424737
6020,339.447465
6021,339.469731
6022,339.491449
6023,339.512523
6024,339.532844
6025,339.552294
6026,339.570751
6027,339.588094
6028,339.604205
6029,339.61898
6030,339.632331
6031,339.64419
6032,339.654513
6033,339.663282
6034,339.670502
6035,339.676205
6036,339.68045
6037,339.683316
6038,339.684913
6039,339.685368
6040,339.684836
6041,339.683489
6042,339.681517
6043,339.679122
6044,339.676517
6045,339.673919
6046,339.671544
6047,339.669609
6048,339.668329
6049,339.667919
6050,339.668596
6051,339.670582
6052,339.674105
6053,339.679398
6054,339.68669
6055,339.696175
6056,339.707949
6057,339.721852
6058,339.73715
6059,339.752127
6060,339.764776
6061,339.774244
6062,339.780278
6063,339.782861
6064,339.782047
6065,339.777891
6066,339.77042
6067,339.759621
6068,339.745441
6069,339.727787
6070,339.706539
6071,339.681573
6072,339.652814
6073,339.620361
6074,339.584774
6075,339.547593
6076,339.511015
6077,339.476125
6078,339.4433
6079,339.412602
6080,339.361734
6081,339.386016
6082,339.410168
6083,339.434145
6084,339.457885
6085,339.481309
6086,339.504318
6087,339.526798
6088,339.548614
6089,339.569617
6090,339.589648
6091,339.608543
6092,339.626146
6093,339.64231
6094,339.65691
6095,339.669849
6096,339.681054
6097,339.690488
6098,339.698142
6099,339.70404
6100,339.708239
6101,339.710823
6102,339.711911
6103,339.711652
6104,339.710223
6105,339.70783
6106,339.7047
6107,339.701078
6108,339.697223
6109,339.693394
6110,339.689852
6111,339.686857
6112,339.684665
6113,339.683532
6114,339.683721
6115,339.685511
6116,339.689202
6117,339.695124
6118,339.703645
6119,339.715166
6120,339.730084
6121,339.748639
6122,339.770372
6123,339.79224
6124,339.809803
6125,339.82255
6126,339.830694
6127,339.834541
6128,339.834353
6129,339.830313
6130,339.822523
6131,339.811004
6132,339.7957
6133,339.776478
6134,339.753125
6135,339.72536
6136,339.692845
6137,339.655267
6138,339.612739
6139,339.567832
6140,339.525469
6141,339.48664
6142,339.451319
6143,339.41927
6144,339.370335
6145,339.395267
6146,339.420246
6147,339.445232
6148,339.470161
6149,339.494948
6150,339.519483
6151,339.543628
6152,339.567218
6153,339.590064
6154,339.611959
6155,339.632688
6156,339.65204
6157,339.669819
6158,339.685853
6159,339.700007
6160,339.71218
6161,339.72231
6162,339.730377
6163,339.736396
6164,339.740422
6165,339.742547
6166,339.742903
6167,339.74166
6168,339.739027
6169,339.735252
6170,339.730609
6171,339.725399
6172,339.719936
6173,339.714537
6174,339.709514
6175,339.705174
6176,339.701819
6177,339.699747
6178,339.69927
6179,339.70072
6180,339.704469
6181,339.710952
6182,339.720689
6183,339.734324
6184,339.752679
6185,339.776845
6186,339.808356
6187,339.842254
6188,339.866016
6189,339.882457
6190,339.892904
6191,339.898141
6192,339.898675
6193,339.894833
6194,339.886796
6195,339.874621
6196,339.858244
6197,339.837486
6198,339.812033
6199,339.781417
6200,339.744939
6201,339.701463
6202,339.64869
6203,339.590938
6204,339.541373
6205,339.498149
6206,339.460152
6207,339.426669
6208,339.380148
6209,339.405828
6210,339.431766
6211,339.457928
6212,339.484253
6213,339.510651
6214,339.536998
6215,339.563133
6216,339.588854
6217,339.613923
6218,339.63807
6219,339.66101
6220,339.682462
6221,339.702163
6222,339.719887
6223,339.73545
6224,339.748719
6225,339.759609
6226,339.768084
6227,339.774152
6228,339.777867
6229,339.779329
6230,339.778686
6231,339.776134
6232,339.771922
6233,339.766347
6234,339.759747
6235,339.752494
6236,339.744975
6237,339.737578
6238,339.730679
6239,339.72464
6240,339.719808
6241,339.716523
6242,339.71514
6243,339.716039
6244,339.719657
6245,339.726515
6246,339.73726
6247,339.752723
6248,339.773995
6249,339.802507
6250,339.840002
6251,339.880334
6252,339.908767
6253,339.928371
6254,339.940893
6255,339.947415
6256,339.948637
6257,339.945004
6258,339.936764
6259,339.924005
6260,339.906656
6261,339.884495
6262,339.857122
6263,339.823913
6264,339.783922
6265,339.735629
6266,339.676344
6267,339.61137
6268,339.556318
6269,339.509303
6270,339.468872
6271,339.434042
6272,339.391074
6273,339.417602
6274,339.444642
6275,339.472169
6276,339.500128
6277,339.528431
6278,339.556943
6279,339.585477
6280,339.613788
6281,339.641574
6282,339.668484
6283,339.694138
6284,339.718159
6285,339.740195
6286,339.759949
6287,339.777184
6288,339.791728
6289,339.803473
6290,339.812367
6291,339.818413
6292,339.821663
6293,339.822226
6294,339.820266
6295,339.81601
6296,339.80975
6297,339.801848
6298,339.792726
6299,339.78285
6300,339.772707
6301,339.762776
6302,339.753512
6303,339.745336
6304,339.738643
6305,339.73381
6306,339.731222
6307,339.731297
6308,339.734517
6309,339.741465
6310,339.752874
6311,339.769682
6312,339.7931
6313,339.824636
6314,339.865907
6315,339.910128
6316,339.941786
6317,339.963796
6318,339.977993
6319,339.985587
6320,339.987392
6321,339.98393
6322,339.975503
6323,339.962218
6324,339.944001
6325,339.920597
6326,339.891542
6327,339.856119
6328,339.813256
6329,339.761323
6330,339.697657
6331,339.628068
6332,339.569097
6333,339.519133
6334,339.476702
6335,339.440726
6336,339.403005
6337,339.430484
6338,339.458779
6339,339.487881
6340,339.517751
6341,339.548307
6342,339.579412
6343,339.610856
6344,339.642345
6345,339.673495
6346,339.703844
6347,339.732881
6348,339.760092
6349,339.785009
6350,339.807242
6351,339.826491
6352,339.842547
6353,339.855277
6354,339.864619
6355,339.870569
6356,339.873181
6357,339.872568
6358,339.868908
6359,339.862458
6360,339.853564
6361,339.842667
6362,339.830298
6363,339.817055
6364,339.80356
6365,339.790419
6366,339.778182
6367,339.767338
6368,339.758324
6369,339.751543
6370,339.747398
6371,339.746323
6372,339.748824
6373,339.755515
6374,339.767171
6375,339.784778
6376,339.80958
6377,339.843062
6378,339.886694
6379,339.933338
6380,339.967127
6381,339.990827
6382,340.00625
6383,340.014647
6384,340.016882
6385,340.013524
6386,340.004905
6387,339.991147
6388,339.972173
6389,339.947706
6390,339.917246
6391,339.880027
6392,339.834933
6393,339.780322
6394,339.713624
6395,339.640919
6396,339.57919
6397,339.527048
6398,339.483082
6399,339.446204
6400,339.415818
6401,339.44435
6402,339.474061
6403,339.504969
6404,339.537062
6405,339.570279
6406,339.604494
6407,339.639482
6408,339.674899
6409,339.710261
6410,339.744951
6411,339.778265
6412,339.809494
6413,339.838006
6414,339.863297
6415,339.884998
6416,339.902864
6417,339.916748
6418,339.926583
6419,339.932362
6420,339.934138
6421,339.932023
6422,339.926205
6423,339.916963
6424,339.904698
6425,339.889946
6426,339.873386
6427,339.855802
6428,339.838018
6429,339.82081
6430,339.804851
6431,339.790701
6432,339.778827
6433,339.769641
6434,339.76354
6435,339.760951
6436,339.762376
6437,339.768431
6438,339.779898
6439,339.797769
6440,339.823276
6441,339.857855
6442,339.902855
6443,339.950937
6444,339.986036
6445,340.010814
6446,340.027038
6447,340.035956
6448,340.038448
6449,340.035107
6450,340.026282
6451,340.0121
6452,339.992485
6453,339.967146
6454,339.935564
6455,339.896954
6456,339.850191
6457,339.793659
6458,339.724862
6459,339.650031
6460,339.586395
6461,339.532712
6462,339.48764
6463,339.450105
6464,339.429361
6465,339.459046
6466,339.490339
6467,339.523299
6468,339.557959
6469,339.594304
6470,339.63224
6471,339.671554
6472,339.711858
6473,339.752549
6474,339.792794
6475,339.831598
6476,339.867949
6477,339.900986
6478,339.930067
6479,339.95476
6480,339.9748
6481,339.990045
6482,340.000433
6483,340.005962
6484,340.006681
6485,340.002692
6486,339.994172
6487,339.981408
6488,339.964843
6489,339.945123
6490,339.923122
6491,339.899906
6492,339.876607
6493,339.854246
6494,339.833648
6495,339.815437
6496,339.800089
6497,339.787991
6498,339.779502
6499,339.775011
6500,339.774987
6501,339.780019
6502,339.79087
6503,339.808507
6504,339.834132
6505,339.869124
6506,339.914749
6507,339.963539
6508,339.999312
6509,340.024657
6510,340.041297
6511,340.050465
6512,340.053041
6513,340.049625
6514,340.040571
6515,340.026013
6516,340.00587
6517,339.979847
6518,339.947415
6519,339.907785
6520,339.859837
6521,339.801983
6522,339.731777
6523,339.65554
6524,339.590645
6525,339.535939
6526,339.490133
6527,339.452176
6528,339.443452
6529,339.474382
6530,339.50742
6531,339.542683
6532,339.580274
6533,339.620259
6534,339.662621
6535,339.707203
6536,339.75361
6537,339.801114
6538,339.848581
6539,339.894544
6540,339.937498
6541,339.97626
6542,340.010039
6543,340.038369
6544,340.061008
6545,340.077849
6546,340.088865
6547,340.094064
6548,340.093486
6549,340.087204
6550,340.075355
6551,340.058193
6552,340.036168
6553,340.010028
6554,339.980903
6555,339.9503
6556,339.919858
6557,339.890966
6558,339.86462
6559,339.841481
6560,339.821981
6561,339.80643
6562,339.795106
6563,339.78832
6564,339.786475
6565,339.790109
6566,339.799936
6567,339.816886
6568,339.842117
6569,339.876957
6570,339.922608
6571,339.971528
6572,340.007458
6573,340.032937
6574,340.049652
6575,340.058817
6576,340.061309
6577,340.057724
6578,340.04842
6579,340.033528
6580,340.012969
6581,339.986441
6582,339.953415
6583,339.9131
6584,339.864385
6585,339.805701
6586,339.734635
6587,339.657555
6588,339.591917
6589,339.536621
6590,339.49041
6591,339.452247
6592,339.457869
6593,339.49012
6594,339.525051
6595,339.562857
6596,339.603741
6597,339.647899
6598,339.695461
6599,339.746409
6600,339.800434
6601,339.856727
6602,339.913756
6603,339.969243
6604,340.020801
6605,340.066807
6606,340.106364
6607,340.139062
6608,340.164761
6609,340.183454
6610,340.195176
6611,340.199964
6612,340.197842
6613,340.188824
6614,340.172956
6615,340.150385
6616,340.12148
6617,340.087023
6618,340.048449
6619,340.007988
6620,339.968217
6621,339.931058
6622,339.897664
6623,339.868639
6624,339.844277
6625,339.82473
6626,339.810132
6627,339.800673
6628,339.796654
6629,339.798532
6630,339.806958
6631,339.822807
6632,339.847188
6633,339.881387
6634,339.926557
6635,339.975114
6636,340.010759
6637,340.035989
6638,340.052469
6639,340.061398
6640,340.063644
6641,340.059801
6642,340.050222
6643,340.03504
6644,340.01417
6645,339.987311
6646,339.953932
6647,339.91324
6648,339.864131
6649,339.805045
6650,339.733583
6651,339.656138
6652,339.590198
6653,339.534689
6654,339.488369
6655,339.450208
6656,339.472348
6657,339.505976
6658,339.542918
6659,339.583467
6660,339.627969
6661,339.676804
6662,339.730344
6663,339.788855
6664,339.852303
6665,339.919992
6666,339.989969
6667,340.058481
6668,340.121332
6669,340.176422
6670,340.222958
6671,340.260783
6672,340.290001
6673,340.310788
6674,340.323292
6675,340.327595
6676,340.323694
6677,340.31151
6678,340.290923
6679,340.261852
6680,340.224406
6681,340.17919
6682,340.127862
6683,340.073904
6684,340.021843
6685,339.974304
6686,339.932421
6687,339.89653
6688,339.86662
6689,339.842575
6690,339.824308
6691,339.811834
6692,339.805321
6693,339.805118
6694,339.811794
6695,339.826161
6696,339.849276
6697,339.882385
6698,339.926613
6699,339.974362
6700,340.009315
6701,340.033943
6702,340.049896
6703,340.058365
6704,340.060209
6705,340.056019
6706,340.046143
6707,340.030711
6708,340.009636
6709,339.982615
6710,339.949113
6711,339.90834
6712,339.859188
6713,339.800097
6714,339.728668
6715,339.651292
6716,339.585457
6717,339.530087
6718,339.48394
6719,339.445984
6720,339.486589
6721,339.521617
6722,339.560641
6723,339.604069
6724,339.652424
6725,339.706334
6726,339.766519
6727,339.833723
6728,339.908526
6729,339.99087
6730,340.078829
6731,340.165922
6732,340.243552
6733,340.309743
6734,340.364417
6735,340.408039
6736,340.441156
6737,340.46423
6738,340.477574
6739,340.481329
6740,340.475459
6741,340.45975
6742,340.433836
6743,340.397241
6744,340.349514
6745,340.290563
6746,340.221631
6747,340.148432
6748,340.080191
6749,340.019926
6750,339.968151
6751,339.924528
6752,339.888504
6753,339.859558
6754,339.837306
6755,339.821541
6756,339.812262
6757,339.809691
6758,339.814299
6759,339.826823
6760,339.848272
6761,339.879858
6762,339.922694
6763,339.969196
6764,340.003057
6765,340.026733
6766,340.041871
6767,340.049658
6768,340.050947
6769,340.046321
6770,340.036127
6771,340.020486
6772,339.999311
6773,339.972296
6774,339.938906
6775,339.898346
6776,339.849502
6777,339.790803
6778,339.719834
6779,339.642964
6780,339.577642
6781,339.522765
6782,339.477074
6783,339.439527
6784,339.500262
6785,339.536675
6786,339.577786
6787,339.624134
6788,339.676438
6789,339.735617
6790,339.802826
6791,339.879465
6792,339.96715
6793,340.067455
6794,340.180789
6795,340.29639
6796,340.392631
6797,340.471566
6798,340.53516
6799,340.584979
6800,340.622201
6801,340.647658
6802,340.661863
6803,340.665031
6804,340.657082
6805,340.637643
6806,340.606032
6807,340.561234
6808,340.501875
6809,340.4262
6810,340.332276
6811,340.229968
6812,340.141239
6813,340.06628
6814,340.003635
6815,339.951741
6816,339.90927
6817,339.875189
6818,339.848757
6819,339.829509
6820,339.817255
6821,339.812071
6822,339.81432
6823,339.824657
6824,339.844038
6825,339.873652
6826,339.914619
6827,339.959408
6828,339.991751
6829,340.014106
6830,340.028129
6831,340.035004
6832,340.03558
6833,340.030432
6834,340.019896
6835,340.00409
6836,339.982921
6837,339.956086
6838,339.923047
6839,339.883009
6840,339.834847
6841,339.776968
6842,339.706926
6843,339.63104
6844,339.566675
6845,339.512673
6846,339.467739
6847,339.430816
6848,339.51302
6849,339.550759
6850,339.59389
6851,339.643082
6852,339.699252
6853,339.763615
6854,339.837764
6855,339.923783
6856,340.024412
6857,340.143272
6858,340.285137
6859,340.433707
6860,340.549222
6861,340.640874
6862,340.713256
6863,340.769144
6864,340.810372
6865,340.838142
6866,340.853172
6867,340.855746
6868,340.845747
6869,340.822636
6870,340.785413
6871,340.73251
6872,340.661553
6873,340.568758
6874,340.447084
6875,340.310757
6876,340.200598
6877,340.110772
6878,340.037239
6879,339.977083
6880,339.928167
6881,339.888931
6882,339.858269
6883,339.835451
6884,339.820085
6885,339.812094
6886,339.811717
6887,339.819523
6888,339.836411
6889,339.863554
6890,339.902108
6891,339.944644
6892,339.97498
6893,339.995601
6894,340.008179
6895,340.0139
6896,340.013601
6897,340.007841
6898,339.996942
6899,339.981014
6900,339.959964
6901,339.933488
6902,339.901057
6903,339.861877
6904,339.814815
6905,339.75825
6906,339.689682
6907,339.615346
6908,339.552458
6909,339.499771
6910,339.455932
6911,339.419862
6912,339.524519
6913,339.56348
6914,339.608487
6915,339.66033
6916,339.720101
6917,339.789272
6918,339.869797
6919,339.964265
6920,340.076093
6921,340.209696
6922,340.37019
6923,340.538067
6924,340.668394
6925,340.770859
6926,340.851019
6927,340.912374
6928,340.957234
6929,340.987105
6930,341.00287
6931,341.004877
6932,340.992972
6933,340.966481
6934,340.924142
6935,340.863967
6936,340.782943
6937,340.676398
6938,340.536532
6939,340.379951
6940,340.25326
6941,340.15066
6942,340.067286
6943,339.999454
6944,339.944441
6945,339.900256
6946,339.865468
6947,339.8391
6948,339.820563
6949,339.809621
6950,339.80638
6951,339.811305
6952,339.825226
6953,339.849307
6954,339.884773
6955,339.924381
6956,339.952111
6957,339.970512
6958,339.981278
6959,339.985585
6960,339.984242
6961,339.97778
6962,339.966499
6963,339.950497
6964,339.929678
6965,339.903749
6966,339.872198
6967,339.834247
6968,339.78877
6969,339.734119
6970,339.667718
6971,339.595652
6972,339.534894
6973,339.484049
6974,339.441694
6975,339.406727
6976,339.534431
6977,339.57447
6978,339.621143
6979,339.67534
6980,339.738298
6981,339.811684
6982,339.897706
6983,339.999258
6984,340.120072
6985,340.264726
6986,340.43796
6987,340.618574
6988,340.759718
6989,340.870717
6990,340.957316
6991,341.023321
6992,341.071317
6993,341.103006
6994,341.119393
6995,341.120873
6996,341.107262
6997,341.077786
6998,341.031007
6999,340.964682
7000,340.875489
7001,340.758502
7002,340.606037
7003,340.43592
7004,340.29701
7005,340.184188
7006,340.092501
7007,340.017942
7008,339.957441
7009,339.908698
7010,339.870027
7011,339.840235
7012,339.818549
7013,339.804569
7014,339.798257
7015,339.799945
7016,339.810362
7017,339.830641
7018,339.862116
7019,339.897874
7020,339.922221
7021,339.937817
7022,339.946362
7023,339.948984
7024,339.946431
7025,339.939182
7026,339.927503
7027,339.911474
7028,339.890999
7029,339.865806
7030,339.835417
7031,339.799102
7032,339.755776
7033,339.703796
7034,339.640493
7035,339.571686
7036,339.51392
7037,339.465569
7038,339.425143
7039,339.391549
7040,339.542465
7041,339.583403
7042,339.631478
7043,339.687657
7044,339.753286
7045,339.830167
7046,339.920668
7047,340.027843
7048,340.155536
7049,340.308274
7050,340.490411
7051,340.679816
7052,340.828744
7053,340.946185
7054,341.037829
7055,341.107572
7056,341.158123
7057,341.191298
7058,341.208175
7059,341.209178
7060,341.194105
7061,341.162117
7062,341.111671
7063,341.040393
7064,340.94485
7065,340.820102
7066,340.658684
7067,340.479061
7068,340.331191
7069,340.210479
7070,340.112085
7071,340.031899
7072,339.96667
7073,339.913895
7074,339.871695
7075,339.838699
7076,339.813967
7077,339.796935
7078,339.787395
7079,339.785503
7080,339.791814
7081,339.807341
7082,339.833509
7083,339.864025
7084,339.883935
7085,339.896034
7086,339.901925
7087,339.902598
7088,339.898684
7089,339.890579
7090,339.878494
7091,339.862485
7092,339.842461
7093,339.818181
7094,339.789229
7095,339.754968
7096,339.714435
7097,339.666095
7098,339.60724
7099,339.543189
7100,339.489588
7101,339.444523
7102,339.406519
7103,339.374569
7104,339.548372
7105,339.590005
7106,339.63918
7107,339.696922
7108,339.764648
7109,339.844249
7110,339.938186
7111,340.049588
7112,340.182315
7113,340.3408
7114,340.529115
7115,340.724591
7116,340.878993
7117,341.001094
7118,341.096482
7119,341.169051
7120,341.221553
7121,341.255858
7122,341.273082
7123,341.273666
7124,341.257397
7125,341.223399
7126,341.170074
7127,341.094992
7128,340.994699
7129,340.86431
7130,340.69653
7131,340.510177
7132,340.355822
7133,340.229203
7134,340.125611
7135,340.040924
7136,339.971796
7137,339.915597
7138,339.870308
7139,339.834414
7140,339.806823
7141,339.78681
7142,339.773978
7143,339.768242
7144,339.76985
7145,339.779439
7146,339.798201
7147,339.821
7148,339.835054
7149,339.842911
7150,339.845751
7151,339.84426
7152,339.838873
7153,339.829864
7154,339.817375
7155,339.801433
7156,339.781952
7157,339.758735
7158,339.731454
7159,339.699626
7160,339.662535
7161,339.619025
7162,339.566762
7163,339.510089
7164,339.462247
7165,339.421341
7166,339.386228
7167,339.356161
7168,339.551956
7169,339.594063
7170,339.644012
7171,339.702867
7172,339.772092
7173,339.853632
7174,339.949993
7175,340.064335
7176,340.200506
7177,340.362852
7178,340.555261
7179,340.754751
7180,340.912805
7181,341.038062
7182,341.136024
7183,341.210556
7184,341.264415
7185,341.299491
7186,341.316919
7187,341.317146
7188,341.299954
7189,341.264445
7190,341.208998
7191,341.131165
7192,341.027503
7193,340.893185
7194,340.721028
7195,340.530043
7196,340.37116
7197,340.240317
7198,340.132901
7199,340.044801
7200,339.972624
7201,339.913658
7202,339.865783
7203,339.82737
7204,339.797197
7205,339.774388
7206,339.758346
7207,339.74871
7208,339.745271
7209,339.747797
7210,339.755467
7211,339.764968
7212,339.771613
7213,339.774674
7214,339.774214
7215,339.770432
7216,339.76351
7217,339.753579
7218,339.7407
7219,339.724868
7220,339.706006
7221,339.683964
7222,339.65852
7223,339.629378
7224,339.596186
7225,339.558619
7226,339.516773
7227,339.473221
7228,339.432912
7229,339.396814
7230,339.364873
7231,339.336825
7232,339.553074
7233,339.595421
7234,339.645807
7235,339.705314
7236,339.775435
7237,339.858141
7238,339.955961
7239,340.072064
7240,340.210278
7241,340.374894
7242,340.569696
7243,340.771526
7244,340.931716
7245,341.05883
7246,341.158314
7247,341.234003
7248,341.288651
7249,341.32415
7250,341.341641
7251,341.341574
7252,341.323725
7253,341.287191
7254,341.230337
7255,341.150716
7256,341.044895
7257,340.908092
7258,340.733182
7259,340.539276
7260,340.377499
7261,340.243898
7262,340.133913
7263,340.043444
7264,339.969068
7265,339.90802
7266,339.85811
7267,339.81762
7268,339.785228
7269,339.759926
7270,339.740955
7271,339.727724
7272,339.719703
7273,339.716242
7274,339.716225
7275,339.717637
7276,339.718226
7277,339.716942
7278,339.713382
7279,339.707423
7280,339.699044
7281,339.688247
7282,339.675024
7283,339.659337
7284,339.641119
7285,339.620265
7286,339.596646
7287,339.570129
7288,339.54063
7289,339.508236
7290,339.473498
7291,339.43795
7292,339.403791
7293,339.372086
7294,339.343188
7295,339.317127
7296,339.551638
7297,339.593988
7298,339.644464
7299,339.70416
7300,339.774575
7301,339.85769
7302,339.956042
7303,340.0728
7304,340.211781
7305,340.377251
7306,340.572951
7307,340.775659
7308,340.936645
7309,341.064445
7310,341.164479
7311,341.240568
7312,341.295458
7313,341.331041
7314,341.348459
7315,341.348159
7316,341.329918
7317,341.292826
7318,341.235248
7319,341.154734
7320,341.04786
7321,340.909858
7322,340.733622
7323,340.538294
7324,340.375078
7325,340.240053
7326,340.128677
7327,340.036847
7328,339.961118
7329,339.898692
7330,339.84733
7331,339.805257
7332,339.771076
7333,339.743688
7334,339.722216
7335,339.705924
7336,339.69412
7337,339.686028
7338,339.680635
7339,339.676614
7340,339.672625
7341,339.667773
7342,339.661545
7343,339.653667
7344,339.643991
7345,339.632432
7346,339.618928
7347,339.603418
7348,339.585838
7349,339.566121
7350,339.544205
7351,339.520061
7352,339.493743
7353,339.465473
7354,339.435778
7355,339.4056
7356,339.376087
7357,339.348021
7358,339.321805
7359,339.297585
7360,339.547614
7361,339.589726
7362,339.639947
7363,339.699367
7364,339.76948
7365,339.852259
7366,339.950237
7367,340.066577
7368,340.2051
7369,340.370076
7370,340.565265
7371,340.76747
7372,340.927984
7373,341.055352
7374,341.155
7375,341.230751
7376,341.285351
7377,341.320687
7378,341.337898
7379,341.33743
7380,341.319056
7381,341.281868
7382,341.224229
7383,341.143691
7384,341.036823
7385,340.898846
7386,340.722636
7387,340.527307
7388,340.364034
7389,340.228871
7390,340.117252
7391,340.025055
7392,339.948821
7393,339.885732
7394,339.833526
7395,339.790396
7396,339.754904
7397,339.725896
7398,339.702427
7399,339.683689
7400,339.66893
7401,339.657377
7402,339.648162
7403,339.640325
7404,339.632946
7405,339.625306
7406,339.616908
7407,339.607432
7408,339.596669
7409,339.584481
7410,339.570771
7411,339.555465
7412,339.5385
7413,339.519832
7414,339.499439
7415,339.477347
7416,339.45366
7417,339.428611
7418,339.402613
7419,339.37627
7420,339.350256
7421,339.325107
7422,339.301163
7423,339.278589
7424,339.541021
7425,339.582657
7426,339.632281
7427,339.690964
7428,339.76018
7429,339.84188
7430,339.938574
7431,340.053417
7432,340.190239
7433,340.353351
7434,340.546587
7435,340.746878
7436,340.905626
7437,341.031426
7438,341.129743
7439,341.204417
7440,341.258193
7441,341.292952
7442,341.309824
7443,341.30925
7444,341.291005
7445,341.254183
7446,341.197155
7447,341.117472
7448,341.011687
7449,340.874985
7450,340.700183
7451,340.506311
7452,340.344398
7453,340.210405
7454,340.099707
7455,340.008152
7456,339.93227
7457,339.869244
7458,339.816814
7459,339.773171
7460,339.736865
7461,339.706723
7462,339.681778
7463,339.661199
7464,339.644232
7465,339.630147
7466,339.6182
7467,339.607644
7468,339.59778
7469,339.588026
7470,339.577939
7471,339.567196
7472,339.55557
7473,339.5429
7474,339.529068
7475,339.51399
7476,339.497608
7477,339.479887
7478,339.460826
7479,339.44047
7480,339.418928
7481,339.396402
7482,339.373197
7483,339.349714
7484,339.326379
7485,339.30356
7486,339.281516
7487,339.260392
7488,339.531931
7489,339.572859
7490,339.62155
7491,339.679044
7492,339.746774
7493,339.826645
7494,339.921124
7495,340.033341
7496,340.167136
7497,340.32689
7498,340.516581
7499,340.713395
7500,340.868958
7501,340.991965
7502,341.087951
7503,341.160777
7504,341.213183
7505,341.247031
7506,341.263432
7507,341.262818
7508,341.244967
7509,341.208986
7510,341.153264
7511,341.07536
7512,340.971816
7513,340.837755
7514,340.665895
7515,340.475093
7516,340.316093
7517,340.184681
7518,340.076134
7519,339.986263
7520,339.911607
7521,339.849375
7522,339.797341
7523,339.753725
7524,339.717099
7525,339.686305
7526,339.660384
7527,339.638518
7528,339.61998
7529,339.604095
7530,339.590218
7531,339.577732
7532,339.566075
7533,339.554764
7534,339.54341
7535,339.531711
7536,339.519442
7537,339.506434
7538,339.492563
7539,339.477741
7540,339.461909
7541,339.445038
7542,339.427131
7543,339.408235
7544,339.388444
7545,339.36792
7546,339.346882
7547,339.325603
7548,339.304368
7549,339.283428
7550,339.262977
7551,339.243131
7552,339.52047
7553,339.560468
7554,339.607906
7555,339.663773
7556,339.729437
7557,339.806724
7558,339.898024
7559,340.006404
7560,340.135691
7561,340.290355
7562,340.47461
7563,340.666083
7564,340.816795
7565,340.935619
7566,341.028179
7567,341.098343
7568,341.148818
7569,341.181416
7570,341.197214
7571,341.196627
7572,341.179438
7573,341.144786
7574,341.091101
7575,341.01598
7576,340.915973
7577,340.786143
7578,340.619045
7579,340.43324
7580,340.278971
7581,340.151735
7582,340.046674
7583,339.959579
7584,339.887035
7585,339.826323
7586,339.77529
7587,339.732224
7588,339.695751
7589,339.664757
7590,339.638318
7591,339.615653
7592,339.596077
7593,339.578973
7594,339.563772
7595,339.54995
7596,339.537035
7597,339.524618
7598,339.512357
7599,339.499979
7600,339.487269
7601,339.474061
7602,339.460233
7603,339.445694
7604,339.430386
7605,339.414279
7606,339.397376
7607,339.379713
7608,339.361368
7609,339.342459
7610,339.323147
7611,339.303618
7612,339.284067
7613,339.264671
7614,339.24557
7615,339.226854
7616,339.506813
7617,339.545678
7618,339.591567
7619,339.645397
7620,339.70844
7621,339.782401
7622,339.869531
7623,339.972763
7624,340.095847
7625,340.243313
7626,340.419716
7627,340.603445
7628,340.74724
7629,340.860252
7630,340.948177
7631,341.014824
7632,341.062796
7633,341.093811
7634,341.108877
7635,341.108382
7636,341.092123
7637,341.059291
7638,341.008401
7639,340.937155
7640,340.842177
7641,340.718511
7642,340.5585
7643,340.38017
7644,340.232887
7645,340.111688
7646,340.011579
7647,339.928395
7648,339.858845
7649,339.800351
7650,339.75089
7651,339.708859
7652,339.672972
7653,339.642186
7654,339.615636
7655,339.592592
7656,339.57242
7657,339.55456
7658,339.538508
7659,339.523809
7660,339.510056
7661,339.496897
7662,339.484031
7663,339.471212
7664,339.45824
7665,339.444959
7666,339.43125
7667,339.417023
7668,339.40222
7669,339.38681
7670,339.37079
7671,339.354184
7672,339.33705
7673,339.319474
7674,339.30157
7675,339.283468
7676,339.265302
7677,339.247199
7678,339.22926
7679,339.211554
7680,339.491187
7681,339.528741
7682,339.57282
7683,339.624251
7684,339.684173
7685,339.754114
7686,339.8361
7687,339.932807
7688,340.047743
7689,340.185358
7690,340.350591
7691,340.523199
7692,340.65739
7693,340.762677
7694,340.844663
7695,340.906928
7696,340.951849
7697,340.98097
7698,340.995188
7699,340.994846
7700,340.979763
7701,340.949218
7702,340.90188
7703,340.835659
7704,340.747413
7705,340.632336
7706,340.482595
7707,340.315226
7708,340.177856
7709,340.064885
7710,339.971302
7711,339.893165
7712,339.827443
7713,339.771804
7714,339.724422
7715,339.683851
7716,339.64893
7717,339.618707
7718,339.592393
7719,339.569322
7720,339.548918
7721,339.530675
7722,339.514146
7723,339.498931
7724,339.484674
7725,339.471068
7726,339.457848
7727,339.44479
7728,339.431715
7729,339.418474
7730,339.404955
7731,339.391071
7732,339.376763
7733,339.361999
7734,339.346767
7735,339.331084
7736,339.314986
7737,339.298536
7738,339.281811
7739,339.264902
7740,339.247905
7741,339.230908
7742,339.213985
7743,339.19719
7744,339.47386
7745,339.509957
7746,339.55202
7747,339.600765
7748,339.657162
7749,339.722502
7750,339.798481
7751,339.887335
7752,339.992021
7753,340.116452
7754,340.265551
7755,340.421655
7756,340.5427
7757,340.638121
7758,340.712877
7759,340.769974
7760,340.811372
7761,340.838339
7762,340.851612
7763,340.851473
7764,340.837772
7765,340.809914
7766,340.766802
7767,340.706713
7768,340.627025
7769,340.523562
7770,340.388835
7771,340.237978
7772,340.114399
7773,340.012119
7774,339.926627
7775,339.85456
7776,339.793378
7777,339.741115
7778,339.696222
7779,339.657458
7780,339.62381
7781,339.594442
7782,339.568652
7783,339.545845
7784,339.525504
7785,339.507178
7786,339.49047
7787,339.475026
7788,339.460534
7789,339.446721
7790,339.433354
7791,339.420231
7792,339.407187
7793,339.394087
7794,339.380824
7795,339.367314
7796,339.3535
7797,339.339345
7798,339.324834
7799,339.309972
7800,339.294782
7801,339.279304
7802,339.263592
7803,339.247709
7804,339.231721
7805,339.215691
7806,339.199672
7807,339.183706
7808,339.455131
7809,339.489666
7810,339.529574
7811,339.575447
7812,339.628063
7813,339.688426
7814,339.757808
7815,339.837803
7816,339.930384
7817,340.037902
7818,340.162723
7819,340.29184
7820,340.395484
7821,340.47906
7822,340.54555
7823,340.596893
7824,340.634428
7825,340.659057
7826,340.671317
7827,340.671414
7828,340.659238
7829,340.634349
7830,340.595959
7831,340.54287
7832,340.473352
7833,340.384831
7834,340.27296
7835,340.149309
7836,340.044246
7837,339.954953
7838,339.878777
7839,339.813508
7840,339.75734
7841,339.708801
7842,339.666677
7843,339.629964
7844,339.597817
7845,339.569527
7846,339.544487
7847,339.522174
7848,339.502133
7849,339.483964
7850,339.467315
7851,339.451874
7852,339.437363
7853,339.423542
7854,339.4102
7855,339.397157
7856,339.384263
7857,339.371392
7858,339.358444
7859,339.345341
7860,339.332025
7861,339.318458
7862,339.304619
7863,339.290504
7864,339.276127
7865,339.261511
7866,339.246692
7867,339.231712
7868,339.216615
7869,339.201447
7870,339.186246
7871,339.171043
7872,339.435316
7873,339.468228
7874,339.50592
7875,339.548858
7876,339.597625
7877,339.652926
7878,339.715578
7879,339.786464
7880,339.866373
7881,339.955524
7882,340.052116
7883,340.14815
7884,340.232559
7885,340.303571
7886,340.36144
7887,340.406828
7888,340.440382
7889,340.462608
7890,340.473829
7891,340.474172
7892,340.463567
7893,340.441742
7894,340.408241
7895,340.362445
7896,340.303669
7897,340.231455
7898,340.146656
7899,340.05602
7900,339.971492
7901,339.895951
7902,339.829433
7903,339.771148
7904,339.720131
7905,339.675435
7906,339.6362
7907,339.601666
7908,339.571162
7909,339.544103
7910,339.519978
7911,339.498336
7912,339.47878
7913,339.46096
7914,339.444562
7915,339.429309
7916,339.414957
7917,339.401289
7918,339.388117
7919,339.375278
7920,339.362635
7921,339.350072
7922,339.337495
7923,339.324831
7924,339.312022
7925,339.29903
7926,339.28583
7927,339.272412
7928,339.25878
7929,339.244946
7930,339.230932
7931,339.216765
7932,339.202474
7933,339.18809
7934,339.173639
7935,339.159144
7936,339.414725
7937,339.445998
7938,339.481493
7939,339.521562
7940,339.566611
7941,339.617083
7942,339.673409
7943,339.735911
7944,339.804593
7945,339.878716
7946,339.956029
7947,340.031887
7948,340.101032
7949,340.161036
7950,340.211047
7951,340.250912
7952,340.280742
7953,340.300706
7954,340.310941
7955,340.311505
7956,340.302361
7957,340.283388
7958,340.254409
7959,340.215272
7960,340.166004
7961,340.107154
7962,340.040493
7963,339.97015
7964,339.901729
7965,339.838142
7966,339.780427
7967,339.728678
7968,339.682565
7969,339.641588
7970,339.605199
7971,339.572857
7972,339.544049
7973,339.518308
7974,339.495209
7975,339.474367
7976,339.455439
7977,339.438117
7978,339.422123
7979,339.407212
7980,339.393163
7981,339.379783
7982,339.366902
7983,339.354373
7984,339.342069
7985,339.329883
7986,339.317729
7987,339.305535
7988,339.293248
7989,339.280826
7990,339.268244
7991,339.255487
7992,339.242552
7993,339.229443
7994,339.216171
7995,339.202753
7996,339.189206
7997,339.175548
7998,339.161796
7999,339.147964
8000,339.393642
8001,339.4233
8002,339.456686
8003,339.494063
8004,339.535698
8005,339.581835
8006,339.632633
8007,339.68806
8008,339.747728
8009,339.810632
8010,339.874854
8011,339.937488
8012,339.995484
8013,340.046797
8014,340.090302
8015,340.125458
8016,340.152052
8017,340.170025
8018,340.179376
8019,340.18011
8020,340.172218
8021,340.155686
8022,340.130538
8023,340.096915
8024,340.055214
8025,340.006323
8026,339.951927
8027,339.894732
8028,339.837897
8029,339.78366
8030,339.733236
8031,339.687118
8032,339.64536
8033,339.607773
8034,339.574042
8035,339.5438
8036,339.516668
8037,339.492272
8038,339.470261
8039,339.450307
8040,339.432113
8041,339.415406
8042,339.39994
8043,339.385494
8044,339.37187
8045,339.358892
8046,339.346406
8047,339.334277
8048,339.322389
8049,339.310644
8050,339.298958
8051,339.287267
8052,339.275516
8053,339.263667
8054,339.251691
8055,339.239572
8056,339.2273
8057,339.214875
8058,339.202301
8059,339.189586
8060,339.176739
8061,339.163767
8062,339.150677
8063,339.137472
8064,339.372314
8065,339.400407
8066,339.431822
8067,339.466762
8068,339.505406
8069,339.547867
8070,339.594142
8071,339.644015
8072,339.696944
8073,339.75192
8074,339.807374
8075,339.86127
8076,339.911521
8077,339.956477
8078,339.995019
8079,340.026471
8080,340.050459
8081,340.066796
8082,340.075397
8083,340.076234
8084,340.069316
8085,340.054696
8086,340.032513
8087,340.003058
8088,339.966884
8089,339.924934
8090,339.878662
8091,339.830016
8092,339.781108
8093,339.733659
8094,339.688814
8095,339.647198
8096,339.609058
8097,339.574386
8098,339.543019
8099,339.51471
8100,339.489171
8101,339.466101
8102,339.445203
8103,339.426195
8104,339.408813
8105,339.392814
8106,339.377976
8107,339.364098
8108,339.351
8109,339.338521
8110,339.32652
8111,339.314872
8112,339.303469
8113,339.292219
8114,339.281046
8115,339.269887
8116,339.258691
8117,339.24742
8118,339.236045
8119,339.224548
8120,339.212917
8121,339.201148
8122,339.189241
8123,339.177197
8124,339.16502
8125,339.152709
8126,339.140259
8127,339.127658
8128,339.350931
8129,339.377517
8130,339.407123
8131,339.439928
8132,339.476064
8133,339.515583
8134,339.55841
8135,339.604262
8136,339.652563
8137,339.702362
8138,339.75231
8139,339.800769
8140,339.846073
8141,339.886808
8142,339.921928
8143,339.950735
8144,339.972805
8145,339.9879
8146,339.995902
8147,339.996768
8148,339.990513
8149,339.977222
8150,339.957076
8151,339.930423
8152,339.897849
8153,339.860266
8154,339.818953
8155,339.775499
8156,339.731569
8157,339.688601
8158,339.647641
8159,339.609333
8160,339.57399
8161,339.541683
8162,339.512325
8163,339.485731
8164,339.461666
8165,339.439872
8166,339.420088
8167,339.402061
8168,339.38555
8169,339.370333
8170,339.356207
8171,339.342986
8172,339.330503
8173,339.318609
8174,339.307172
8175,339.296075
8176,339.285219
8177,339.274518
8178,339.263898
8179,339.253301
8180,339.242678
8181,339.231992
8182,339.221217
8183,339.210332
8184,339.199326
8185,339.188193
8186,339.17693
8187,339.165536
8188,339.154011
8189,339.142349
8190,339.130537
8191,339.118539
8192,339.174933
8193,339.188479
8194,339.200893
8195,339.212131
8196,339.222168
8197,339.230989
8198,339.238592
8199,339.24498
8200,339.250166
8201,339.254171
8202,339.257024
8203,339.258768
8204,339.259461
8205,339.259181
8206,339.258032
8207,339.256153
8208,339.253733
8209,339.251025
8210,339.248226
8211,339.245484
8212,339.24291
8213,339.240587
8214,339.238576
8215,339.236922
8216,339.235659
8217,339.234811
8218,339.234396
8219,339.234431
8220,339.234926
8221,339.235892
8222,339.23734
8223,339.23928
8224,339.241721
8225,339.244674
8226,339.248151
8227,339.25216
8228,339.25671
8229,339.261809
8230,339.267459
8231,339.273657
8232,339.280393
8233,339.287643
8234,339.29537
8235,339.303513
8236,339.311985
8237,339.32066
8238,339.329364
8239,339.337861
8240,339.345831
8241,339.352859
8242,339.358637
8243,339.36294
8244,339.365596
8245,339.366479
8246,339.365493
8247,339.362568
8248,339.357653
8249,339.35071
8250,339.341714
8251,339.330652
8252,339.31752
8253,339.302326
8254,339.285093
8255,339.265862
8256,339.189813
8257,339.204097
8258,339.217179
8259,339.229021
8260,339.239599
8261,339.2489
8262,339.256921
8263,339.263667
8264,339.269152
8265,339.273397
8266,339.276433
8267,339.278305
8268,339.279074
8269,339.278822
8270,339.277659
8271,339.275731
8272,339.273233
8273,339.270432
8274,339.267531
8275,339.264687
8276,339.262016
8277,339.259605
8278,339.257518
8279,339.255804
8280,339.254496
8281,339.253622
8282,339.2532
8283,339.253247
8284,339.253775
8285,339.254794
8286,339.256317
8287,339.258354
8288,339.260914
8289,339.26401
8290,339.267652
8291,339.27185
8292,339.276615
8293,339.281951
8294,339.287864
8295,339.294348
8296,339.301394
8297,339.308976
8298,339.317055
8299,339.325567
8300,339.33442
8301,339.343482
8302,339.35257
8303,339.361436
8304,339.369746
8305,339.377068
8306,339.38308
8307,339.387545
8308,339.390284
8309,339.391163
8310,339.390082
8311,339.386968
8312,339.381766
8313,339.374437
8314,339.364955
8315,339.353306
8316,339.339486
8317,339.323504
8318,339.305385
8319,339.28517
8320,339.203523
8321,339.218503
8322,339.23222
8323,339.244639
8324,339.255738
8325,339.265506
8326,339.27394
8327,339.281047
8328,339.28684
8329,339.291342
8330,339.294586
8331,339.296619
8332,339.297503
8333,339.297325
8334,339.296198
8335,339.294275
8336,339.291759
8337,339.288921
8338,339.285974
8339,339.28308
8340,339.280359
8341,339.277903
8342,339.275779
8343,339.274036
8344,339.272712
8345,339.271833
8346,339.27142
8347,339.27149
8348,339.272055
8349,339.273128
8350,339.27472
8351,339.276842
8352,339.279504
8353,339.282719
8354,339.286497
8355,339.29085
8356,339.295786
8357,339.301313
8358,339.307433
8359,339.314143
8360,339.32143
8361,339.329269
8362,339.337618
8363,339.346411
8364,339.355552
8365,339.364901
8366,339.37427
8367,339.383399
8368,339.391946
8369,339.399462
8370,339.405619
8371,339.410167
8372,339.412921
8373,339.413741
8374,339.412525
8375,339.409193
8376,339.403691
8377,339.395977
8378,339.386025
8379,339.373819
8380,339.359357
8381,339.342648
8382,339.323717
8383,339.30261
8384,339.216061
8385,339.231688
8386,339.246001
8387,339.258967
8388,339.270565
8389,339.280786
8390,339.289628
8391,339.297097
8392,339.303208
8393,339.307985
8394,339.311462
8395,339.313687
8396,339.314726
8397,339.314667
8398,339.313628
8399,339.311765
8400,339.309286
8401,339.306469
8402,339.303531
8403,339.300638
8404,339.297917
8405,339.295459
8406,339.293336
8407,339.291599
8408,339.290286
8409,339.289425
8410,339.289038
8411,339.289141
8412,339.28975
8413,339.290875
8414,339.29253
8415,339.294725
8416,339.297471
8417,339.300781
8418,339.304665
8419,339.309135
8420,339.3142
8421,339.319867
8422,339.326139
8423,339.333011
8424,339.34047
8425,339.348489
8426,339.357025
8427,339.366009
8428,339.375341
8429,339.384877
8430,339.394423
8431,339.403712
8432,339.412391
8433,339.420005
8434,339.426215
8435,339.430766
8436,339.433467
8437,339.434173
8438,339.432778
8439,339.429202
8440,339.423385
8441,339.415288
8442,339.404881
8443,339.392151
8444,339.377093
8445,339.359718
8446,339.340052
8447,339.318144
8448,339.227432
8449,339.243653
8450,339.258519
8451,339.271999
8452,339.284073
8453,339.294732
8454,339.303974
8455,339.311807
8456,339.318246
8457,339.323316
8458,339.327051
8459,339.329501
8460,339.330734
8461,339.330839
8462,339.329938
8463,339.328188
8464,339.325803
8465,339.323062
8466,339.320188
8467,339.31735
8468,339.314675
8469,339.312261
8470,339.310178
8471,339.30848
8472,339.307206
8473,339.306385
8474,339.30604
8475,339.306189
8476,339.306846
8477,339.308023
8478,339.309734
8479,339.311989
8480,339.314801
8481,339.318181
8482,339.32214
8483,339.326691
8484,339.331841
8485,339.337598
8486,339.343964
8487,339.350933
8488,339.358493
8489,339.366614
8490,339.375253
8491,339.384337
8492,339.393763
8493,339.403386
8494,339.413005
8495,339.422349
8496,339.431059
8497,339.438674
8498,339.444848
8499,339.449323
8500,339.451903
8501,339.452439
8502,339.450823
8503,339.446973
8504,339.440829
8505,339.432349
8506,339.421504
8507,339.40828
8508,339.392674
8509,339.374695
8510,339.354373
8511,339.331757
8512,339.237645
8513,339.254405
8514,339.269782
8515,339.283742
8516,339.296266
8517,339.307347
8518,339.316982
8519,339.32518
8520,339.331957
8521,339.337336
8522,339.341355
8523,339.344063
8524,339.345528
8525,339.345843
8526,339.345128
8527,339.343545
8528,339.341308
8529,339.338699
8530,339.335943
8531,339.333211
8532,339.330632
8533,339.328304
8534,339.3263
8535,339.324674
8536,339.323468
8537,339.32271
8538,339.322424
8539,339.322628
8540,339.323338
8541,339.324567
8542,339.326327
8543,339.32863
8544,339.331488
8545,339.334913
8546,339.338917
8547,339.34351
8548,339.348701
8549,339.354497
8550,339.360898
8551,339.367901
8552,339.375489
8553,339.383635
8554,339.39229
8555,339.401383
8556,339.410808
8557,339.420418
8558,339.430008
8559,339.439304
8560,339.447945
8561,339.455465
8562,339.461515
8563,339.465835
8564,339.468225
8565,339.468536
8566,339.466656
8567,339.462504
8568,339.456018
8569,339.447156
8570,339.43589
8571,339.422204
8572,339.406096
8573,339.387578
8574,339.366677
8575,339.343445
8576,339.246714
8577,339.26396
8578,339.279801
8579,339.294206
8580,339.307156
8581,339.318642
8582,339.328663
8583,339.337227
8584,339.34435
8585,339.350056
8586,339.354384
8587,339.357381
8588,339.359118
8589,339.359686
8590,339.359207
8591,339.357843
8592,339.355808
8593,339.353386
8594,339.350801
8595,339.348225
8596,339.345789
8597,339.343591
8598,339.341705
8599,339.340186
8600,339.339074
8601,339.338401
8602,339.33819
8603,339.338461
8604,339.339228
8605,339.340507
8606,339.342309
8607,339.344647
8608,339.347532
8609,339.350978
8610,339.354994
8611,339.359592
8612,339.36478
8613,339.370563
8614,339.376944
8615,339.383915
8616,339.39146
8617,339.399551
8618,339.408139
8619,339.41715
8620,339.426479
8621,339.435975
8622,339.445435
8623,339.454583
8624,339.463055
8625,339.470385
8626,339.476225
8627,339.480311
8628,339.482443
8629,339.482473
8630,339.480287
8631,339.475804
8632,339.468963
8633,339.459721
8634,339.448049
8635,339.433933
8636,339.417371
8637,339.398375
8638,339.376973
8639,339.353217
8640,339.254657
8641,339.272335
8642,339.288598
8643,339.303414
8644,339.316763
8645,339.328637
8646,339.339036
8647,339.347966
8648,339.355445
8649,339.361496
8650,339.366157
8651,339.369476
8652,339.371523
8653,339.372388
8654,339.372193
8655,339.371099
8656,339.36932
8657,339.367138
8658,339.364777
8659,339.362408
8660,339.360162
8661,339.358136
8662,339.356405
8663,339.355024
8664,339.354035
8665,339.353468
8666,339.353348
8667,339.353695
8668,339.354524
8669,339.355851
8670,339.357688
8671,339.360047
8672,339.362941
8673,339.366382
8674,339.37038
8675,339.374945
8676,339.380086
8677,339.385808
8678,339.39211
8679,339.398985
8680,339.406418
8681,339.414377
8682,339.422813
8683,339.431653
8684,339.44079
8685,339.450076
8686,339.459305
8687,339.468203
8688,339.476408
8689,339.483456
8690,339.488998
8691,339.492772
8692,339.494581
8693,339.494274
8694,339.491741
8695,339.486899
8696,339.479688
8697,339.470066
8698,339.458005
8699,339.44349
8700,339.42652
8701,339.407107
8702,339.385282
8703,339.361094
8704,339.261501
8705,339.279559
8706,339.296199
8707,339.311391
8708,339.325114
8709,339.33736
8710,339.348129
8711,339.357427
8712,339.36527
8713,339.371682
8714,339.3767
8715,339.380373
8716,339.382767
8717,339.383973
8718,339.38411
8719,339.383338
8720,339.381868
8721,339.379979
8722,339.377894
8723,339.375782
8724,339.373771
8725,339.37196
8726,339.370421
8727,339.36921
8728,339.368368
8729,339.367928
8730,339.367914
8731,339.368346
8732,339.369241
8733,339.370614
8734,339.372478
8735,339.374846
8736,339.377729
8737,339.38114
8738,339.385089
8739,339.389585
8740,339.394637
8741,339.400247
8742,339.406415
8743,339.413133
8744,339.420383
8745,339.428134
8746,339.436337
8747,339.444918
8748,339.453771
8749,339.462748
8750,339.471647
8751,339.480197
8752,339.488038
8753,339.49471
8754,339.499869
8755,339.503254
8756,339.504672
8757,339.503974
8758,339.501051
8759,339.495823
8760,339.488229
8761,339.478228
8762,339.465793
8763,339.45091
8764,339.433578
8765,339.41381
8766,339.391635
8767,339.367106
8768,339.267277
8769,339.285663
8770,339.302639
8771,339.318173
8772,339.332246
8773,339.344848
8774,339.355978
8775,339.365644
8776,339.373861
8777,339.380651
8778,339.386051
8779,339.390108
8780,339.392887
8781,339.394477
8782,339.394994
8783,339.394595
8784,339.393485
8785,339.391943
8786,339.390186
8787,339.388379
8788,339.386649
8789,339.385092
8790,339.383781
8791,339.382769
8792,339.3821
8793,339.381805
8794,339.38191
8795,339.382436
8796,339.383399
8797,339.384816
8798,339.386699
8799,339.389062
8800,339.391916
8801,339.395273
8802,339.399144
8803,339.403536
8804,339.408456
8805,339.413908
8806,339.419888
8807,339.426388
8808,339.43339
8809,339.44086
8810,339.44875
8811,339.456986
8812,339.465463
8813,339.474036
8814,339.482507
8815,339.490609
8816,339.497989
8817,339.504193
8818,339.508883
8819,339.511804
8820,339.512765
8821,339.511623
8822,339.50827
8823,339.502627
8824,339.494636
8825,339.484257
8826,339.471464
8827,339.456242
8828,339.438592
8829,339.418527
8830,339.396077
8831,339.371294
8832,339.272025
8833,339.29069
8834,339.307961
8835,339.323805
8836,339.338204
8837,339.351146
8838,339.362632
8839,339.372667
8840,339.381265
8841,339.38845
8842,339.394255
8843,339.398726
8844,339.401928
8845,339.403944
8846,339.404889
8847,339.404913
8848,339.404217
8849,339.403074
8850,339.401694
8851,339.40024
8852,339.398834
8853,339.39757
8854,339.39652
8855,339.395737
8856,339.395263
8857,339.395131
8858,339.395367
8859,339.395993
8860,339.397026
8861,339.398483
8862,339.400377
8863,339.402721
8864,339.405528
8865,339.408809
8866,339.412572
8867,339.416826
8868,339.421576
8869,339.426824
8870,339.432566
8871,339.438792
8872,339.445481
8873,339.4526
8874,339.4601
8875,339.467908
8876,339.475921
8877,339.483997
8878,339.491943
8879,339.4995
8880,339.506323
8881,339.511968
8882,339.516104
8883,339.518485
8884,339.518925
8885,339.517286
8886,339.513463
8887,339.507379
8888,339.498978
8889,339.488221
8890,339.475083
8891,339.459552
8892,339.441626
8893,339.421321
8894,339.398667
8895,339.373715
8896,339.275796
8897,339.294694
8898,339.312221
8899,339.328346
8900,339.343048
8901,339.356317
8902,339.368151
8903,339.378555
8904,339.387544
8905,339.395139
8906,339.401372
8907,339.406287
8908,339.409947
8909,339.412431
8910,339.41385
8911,339.414348
8912,339.414118
8913,339.413425
8914,339.412473
8915,339.411418
8916,339.410377
8917,339.409443
8918,339.408684
8919,339.408154
8920,339.407896
8921,339.407942
8922,339.40832
8923,339.409051
8924,339.410155
8925,339.411648
8926,339.413544
8927,339.415857
8928,339.418599
8929,339.42178
8930,339.425409
8931,339.429493
8932,339.434036
8933,339.439038
8934,339.444494
8935,339.450392
8936,339.456709
8937,339.463412
8938,339.47045
8939,339.477751
8940,339.485215
8941,339.492704
8942,339.500031
8943,339.506946
8944,339.513117
8945,339.518112
8946,339.521611
8947,339.523379
8948,339.523236
8949,339.521049
8950,339.516718
8951,339.510168
8952,339.501344
8953,339.49021
8954,339.476741
8955,339.460926
8956,339.442766
8957,339.422275
8958,339.399484
8959,339.374444
8960,339.278656
8961,339.297744
8962,339.315493
8963,339.33187
8964,339.346855
8965,339.360437
8966,339.372614
8967,339.383389
8968,339.392776
8969,339.400795
8970,339.407477
8971,339.412865
8972,339.417017
8973,339.42001
8974,339.421948
8975,339.422969
8976,339.423257
8977,339.423065
8978,339.422588
8979,339.421974
8980,339.421337
8981,339.420765
8982,339.420326
8983,339.420072
8984,339.420046
8985,339.420283
8986,339.42081
8987,339.42165
8988,339.422823
8989,339.424347
8990,339.426236
8991,339.428505
8992,339.431164
8993,339.434224
8994,339.437694
8995,339.441579
8996,339.445881
8997,339.450599
8998,339.455725
8999,339.461246
9000,339.467138
9001,339.473365
9002,339.479875
9003,339.486597
9004,339.493432
9005,339.500247
9006,339.506863
9007,339.513043
9008,339.518469
9009,339.522725
9010,339.525508
9011,339.526592
9012,339.525807
9013,339.523025
9014,339.51815
9015,339.51111
9016,339.501853
9017,339.490342
9018,339.476555
9019,339.460481
9020,339.442123
9021,339.421496
9022,339.398631
9023,339.37358
9024,339.28069
9025,339.29993
9026,339.317868
9027,339.334473
9028,339.349724
9029,339.363608
9030,339.376122
9031,339.38727
9032,339.397063
9033,339.405519
9034,339.41267
9035,339.418555
9036,339.42323
9037,339.426769
9038,339.42927
9039,339.430861
9040,339.431716
9041,339.432073
9042,339.432116
9043,339.431983
9044,339.431784
9045,339.431602
9046,339.431505
9047,339.431546
9048,339.431767
9049,339.432203
9050,339.432884
9051,339.433834
9052,339.435074
9053,339.436623
9054,339.438495
9055,339.440706
9056,339.443266
9057,339.446186
9058,339.449473
9059,339.453131
9060,339.457162
9061,339.461561
9062,339.46632
9063,339.471421
9064,339.47684
9065,339.482537
9066,339.48846
9067,339.494538
9068,339.500672
9069,339.506736
9070,339.512557
9071,339.517912
9072,339.522503
9073,339.525936
9074,339.527926
9075,339.528261
9076,339.52678
9077,339.523361
9078,339.517911
9079,339.51036
9080,339.500659
9081,339.488772
9082,339.474677
9083,339.458367
9084,339.439845
9085,339.419128
9086,339.396246
9087,339.371252
9088,339.282009
9089,339.301367
9090,339.319468
9091,339.33628
9092,339.351782
9093,339.36596
9094,339.378808
9095,339.390329
9096,339.400534
9097,339.409439
9098,339.417075
9099,339.423479
9100,339.428705
9101,339.432823
9102,339.435924
9103,339.43813
9104,339.439597
9105,339.440548
9106,339.441149
9107,339.441531
9108,339.441797
9109,339.442028
9110,339.442291
9111,339.442639
9112,339.443116
9113,339.443757
9114,339.444594
9115,339.445653
9116,339.446955
9117,339.44852
9118,339.450365
9119,339.452505
9120,339.45495
9121,339.457711
9122,339.460793
9123,339.464201
9124,339.467934
9125,339.471985
9126,339.476343
9127,339.480989
9128,339.485894
9129,339.491017
9130,339.496305
9131,339.501684
9132,339.507057
9133,339.5123
9134,339.517251
9135,339.5217
9136,339.525372
9137,339.527904
9138,339.529034
9139,339.528564
9140,339.526342
9141,339.522249
9142,339.516197
9143,339.508119
9144,339.497966
9145,339.485703
9146,339.471312
9147,339.454785
9148,339.436128
9149,339.415358
9150,339.392509
9151,339.367633
9152,339.282758
9153,339.302207
9154,339.32045
9155,339.337455
9156,339.353197
9157,339.367661
9158,339.38084
9159,339.392737
9160,339.403358
9161,339.412722
9162,339.420855
9163,339.427795
9164,339.433593
9165,339.438315
9166,339.442048
9167,339.444903
9168,339.447024
9169,339.448604
9170,339.449793
9171,339.450714
9172,339.451464
9173,339.452123
9174,339.452757
9175,339.45342
9176,339.454156
9177,339.455004
9178,339.455995
9179,339.457157
9180,339.458515
9181,339.460088
9182,339.461894
9183,339.463949
9184,339.466264
9185,339.468848
9186,339.471707
9187,339.474844
9188,339.478255
9189,339.481934
9190,339.485864
9191,339.490026
9192,339.494386
9193,339.498902
9194,339.503517
9195,339.508155
9196,339.512721
9197,339.517092
9198,339.521113
9199,339.524588
9200,339.527268
9201,339.528836
9202,339.529052
9203,339.527733
9204,339.524734
9205,339.519942
9206,339.513269
9207,339.504651
9208,339.49404
9209,339.481403
9210,339.466724
9211,339.449996
9212,339.431227
9213,339.410436
9214,339.387661
9215,339.362951
9216,339.283126
9217,339.30265
9218,339.321023
9219,339.338209
9220,339.354184
9221,339.368931
9222,339.382441
9223,339.394714
9224,339.405757
9225,339.415585
9226,339.424225
9227,339.431711
9228,339.438092
9229,339.443433
9230,339.447815
9231,339.451343
9232,339.454144
9233,339.456374
9234,339.458168
9235,339.459639
9236,339.460881
9237,339.461974
9238,339.462982
9239,339.46396
9240,339.464954
9241,339.466004
9242,339.467144
9243,339.468403
9244,339.469807
9245,339.471377
9246,339.473132
9247,339.475088
9248,339.477257
9249,339.479649
9250,339.482268
9251,339.485116
9252,339.488188
9253,339.491474
9254,339.494957
9255,339.498613
9256,339.502407
9257,339.506293
9258,339.51021
9259,339.514082
9260,339.517813
9261,339.521281
9262,339.524337
9263,339.526795
9264,339.528434
9265,339.528997
9266,339.52827
9267,339.526077
9268,339.522282
9269,339.516774
9270,339.509469
9271,339.500303
9272,339.489232
9273,339.476223
9274,339.461262
9275,339.444345
9276,339.425481
9277,339.404693
9278,339.382019
9279,339.357512
9280,339.283371
9281,339.302964
9282,339.321461
9283,339.338825
9284,339.355031
9285,339.370059
9286,339.383899
9287,339.39655
9288,339.408017
9289,339.418314
9290,339.427464
9291,339.4355
9292,339.44247
9293,339.448432
9294,339.453463
9295,339.457658
9296,339.46113
9297,339.464003
9298,339.466397
9299,339.468415
9300,339.470147
9301,339.471669
9302,339.473047
9303,339.474334
9304,339.475579
9305,339.476823
9306,339.478102
9307,339.479446
9308,339.480883
9309,339.482437
9310,339.484128
9311,339.485972
9312,339.487981
9313,339.490166
9314,339.49253
9315,339.495074
9316,339.497792
9317,339.500672
9318,339.503694
9319,339.506832
9320,339.510047
9321,339.51329
9322,339.516499
9323,339.519596
9324,339.522484
9325,339.525044
9326,339.527134
9327,339.528582
9328,339.529193
9329,339.528757
9330,339.527084
9331,339.524015
9332,339.519419
9333,339.513192
9334,339.505252
9335,339.495538
9336,339.484007
9337,339.470629
9338,339.455392
9339,339.438293
9340,339.419345
9341,339.398573
9342,339.376016
9343,339.351729
9344,339.283692
9345,339.303356
9346,339.321978
9347,339.339522
9348,339.355959
9349,339.371271
9350,339.385444
9351,339.398476
9352,339.410368
9353,339.421134
9354,339.430794
9355,339.439379
9356,339.446931
9357,339.453506
9358,339.459174
9359,339.464017
9360,339.468134
9361,339.471628
9362,339.474603
9363,339.477153
9364,339.479361
9365,339.481299
9366,339.483033
9367,339.484617
9368,339.4861
9369,339.487524
9370,339.488927
9371,339.490343
9372,339.4918
9373,339.493323
9374,339.494934
9375,339.49665
9376,339.498485
9377,339.500449
9378,339.502546
9379,339.504774
9380,339.507128
9381,339.509592
9382,339.512147
9383,339.514761
9384,339.517394
9385,339.519995
9386,339.522499
9387,339.524827
9388,339.526883
9389,339.528552
9390,339.5297
9391,339.53017
9392,339.529792
9393,339.528389
9394,339.525795
9395,339.521866
9396,339.516481
9397,339.509542
9398,339.500972
9399,339.490714
9400,339.478725
9401,339.464982
9402,339.449471
9403,339.432194
9404,339.413167
9405,339.392415
9406,339.369981
9407,339.345917
9408,339.284234
9409,339.30398
9410,339.322736
9411,339.340466
9412,339.357142
9413,339.372741
9414,339.387251
9415,339.400665
9416,339.412985
9417,339.424219
9418,339.434385
9419,339.443512
9420,339.451637
9421,339.45881
9422,339.465092
9423,339.470557
9424,339.475287
9425,339.479372
9426,339.4829
9427,339.485956
9428,339.488617
9429,339.490951
9430,339.493021
9431,339.494883
9432,339.496585
9433,339.498171
9434,339.499682
9435,339.50115
9436,339.502609
9437,339.504084
9438,339.505598
9439,339.507172
9440,339.508819
9441,339.510549
9442,339.512366
9443,339.51427
9444,339.516252
9445,339.518298
9446,339.520383
9447,339.522475
9448,339.524532
9449,339.526501
9450,339.528314
9451,339.529894
9452,339.531144
9453,339.531955
9454,339.532201
9455,339.531742
9456,339.530427
9457,339.528103
9458,339.524626
9459,339.519866
9460,339.513715
9461,339.506081
9462,339.496893
9463,339.486098
9464,339.473658
9465,339.459551
9466,339.443768
9467,339.426314
9468,339.407205
9469,339.386471
9470,339.364153
9471,339.340306
9472,339.285107
9473,339.30495
9474,339.323854
9475,339.341782
9476,339.358704
9477,339.3746
9478,339.389452
9479,339.403252
9480,339.416
9481,339.4277
9482,339.438369
9483,339.448028
9484,339.456712
9485,339.464463
9486,339.471334
9487,339.47739
9488,339.4827
9489,339.48734
9490,339.491389
9491,339.49492
9492,339.498004
9493,339.500707
9494,339.503089
9495,339.505204
9496,339.507102
9497,339.508828
9498,339.510422
9499,339.511923
9500,339.513362
9501,339.51477
9502,339.51617
9503,339.517584
9504,339.519028
9505,339.520511
9506,339.52204
9507,339.523612
9508,339.525219
9509,339.526845
9510,339.528464
9511,339.530043
9512,339.531538
9513,339.532892
9514,339.534039
9515,339.5349
9516,339.535381
9517,339.535379
9518,339.534775
9519,339.533443
9520,339.531248
9521,339.528057
9522,339.523744
9523,339.518192
9524,339.511305
9525,339.502999
9526,339.49321
9527,339.481889
9528,339.469004
9529,339.454536
9530,339.43848
9531,339.420844
9532,339.401647
9533,339.38092
9534,339.358706
9535,339.335058
9536,339.28639
9537,339.30635
9538,339.325419
9539,339.343559
9540,339.360742
9541,339.376943
9542,339.392145
9543,339.406337
9544,339.419514
9545,339.43168
9546,339.442844
9547,339.453026
9548,339.462253
9549,339.470561
9550,339.477996
9551,339.48461
9552,339.490465
9553,339.495626
9554,339.500158
9555,339.50413
9556,339.507606
9557,339.510646
9558,339.513309
9559,339.515649
9560,339.517714
9561,339.519553
9562,339.521206
9563,339.522713
9564,339.52411
9565,339.525428
9566,339.526694
9567,339.52793
9568,339.529155
9569,339.530379
9570,339.53161
9571,339.532845
9572,339.534076
9573,339.535285
9574,339.536447
9575,339.537526
9576,339.538477
9577,339.539242
9578,339.539754
9579,339.539934
9580,339.539692
9581,339.538927
9582,339.53753
9583,339.535385
9584,339.532371
9585,339.52837
9586,339.52327
9587,339.51697
9588,339.50938
9589,339.500429
9590,339.490058
9591,339.478224
9592,339.4649
9593,339.450073
9594,339.433741
9595,339.415916
9596,339.39662
9597,339.375885
9598,339.353756
9599,339.330285
9600,339.288137
9601,339.308238
9602,339.327492
9603,339.345863
9604,339.363321
9605,339.37984
9606,339.395402
9607,339.409991
9608,339.423602
9609,339.436232
9610,339.447888
9611,339.458583
9612,339.468338
9613,339.477183
9614,339.485155
9615,339.492298
9616,339.498664
9617,339.504309
9618,339.509289
9619,339.513665
9620,339.517497
9621,339.52084
9622,339.523751
9623,339.526282
9624,339.528484
9625,339.530403
9626,339.532086
9627,339.533572
9628,339.534899
9629,339.536103
9630,339.537211
9631,339.53825
9632,339.539239
9633,339.540191
9634,339.541114
9635,339.542007
9636,339.542862
9637,339.543661
9638,339.544377
9639,339.544974
9640,339.545405
9641,339.545611
9642,339.545525
9643,339.545068
9644,339.544152
9645,339.54268
9646,339.540549
9647,339.537652
9648,339.53388
9649,339.529127
9650,339.523292
9651,339.516287
9652,339.508032
9653,339.498463
9654,339.48753
9655,339.475196
9656,339.46144
9657,339.446254
9658,339.429641
9659,339.411616
9660,339.392206
9661,339.371445
9662,339.349379
9663,339.326058
9664,339.290384
9665,339.310651
9666,339.330114
9667,339.348736
9668,339.366486
9669,339.383339
9670,339.399272
9671,339.414269
9672,339.428318
9673,339.441414
9674,339.453558
9675,339.464757
9676,339.475028
9677,339.484391
9678,339.492876
9679,339.500521
9680,339.507366
9681,339.513459
9682,339.518851
9683,339.523595
9684,339.527745
9685,339.531354
9686,339.534476
9687,339.537163
9688,339.539466
9689,339.541433
9690,339.543111
9691,339.544544
9692,339.545773
9693,339.546833
9694,339.547759
9695,339.548579
9696,339.549313
9697,339.549979
9698,339.550585
9699,339.551131
9700,339.551611
9701,339.552007
9702,339.552291
9703,339.552426
9704,339.552364
9705,339.552046
9706,339.551403
9707,339.550356
9708,339.548818
9709,339.546695
9710,339.54389
9711,339.540303
9712,339.535833
9713,339.530384
9714,339.523867
9715,339.5162
9716,339.507316
9717,339.497158
9718,339.485682
9719,339.472861
9720,339.458678
9721,339.44313
9722,339.426228
9723,339.407991
9724,339.388449
9725,339.367641
9726,339.345611
9727,339.322412
9728,339.293153
9729,339.313613
9730,339.333309
9731,339.352204
9732,339.370268
9733,339.387471
9734,339.40379
9735,339.419205
9736,339.4337
9737,339.447265
9738,339.459897
9739,339.471596
9740,339.48237
9741,339.492236
9742,339.501215
9743,339.509334
9744,339.516629
9745,339.523139
9746,339.528908
9747,339.533983
9748,339.538414
9749,339.54225
9750,339.545545
9751,339.548349
9752,339.550714
9753,339.552691
9754,339.554328
9755,339.555673
9756,339.556768
9757,339.557655
9758,339.55837
9759,339.558945
9760,339.559404
9761,339.559767
9762,339.560045
9763,339.56024
9764,339.560346
9765,339.560346
9766,339.560213
9767,339.559909
9768,339.559384
9769,339.558579
9770,339.557421
9771,339.555833
9772,339.553728
9773,339.551012
9774,339.547593
9775,339.543375
9776,339.538265
9777,339.532175
9778,339.525024
9779,339.516739
9780,339.507261
9781,339.49654
9782,339.484541
9783,339.471242
9784,339.456634
9785,339.440722
9786,339.423521
9787,339.405057
9788,339.385363
9789,339.364483
9790,339.342463
9791,339.319355
9792,339.296453
9793,339.317134
9794,339.337089
9795,339.356282
9796,339.37468
9797,339.392254
9798,339.408976
9799,339.424823
9800,339.439774
9801,339.453816
9802,339.466938
9803,339.479134
9804,339.490406
9805,339.500762
9806,339.510216
9807,339.518789
9808,339.526508
9809,339.533404
9810,339.539516
9811,339.544886
9812,339.549559
9813,339.553584
9814,339.557011
9815,339.559891
9816,339.562277
9817,339.564223
9818,339.565778
9819,339.566995
9820,339.56792
9821,339.568598
9822,339.56907
9823,339.569372
9824,339.569532
9825,339.569574
9826,339.56951
9827,339.569347
9828,339.569079
9829,339.568692
9830,339.568157
9831,339.567437
9832,339.56648
9833,339.565225
9834,339.563598
9835,339.56152
9836,339.558901
9837,339.55565
9838,339.551675
9839,339.546884
9840,339.54119
9841,339.534511
9842,339.526772
9843,339.517909
9844,339.507869
9845,339.49661
9846,339.484105
9847,339.470338
9848,339.455307
9849,339.439024
9850,339.421512
9851,339.402802
9852,339.382936
9853,339.361958
9854,339.33992
9855,339.316873
9856,339.300283
9857,339.321214
9858,339.341454
9859,339.36097
9860,339.379727
9861,339.397693
9862,339.414838
9863,339.431134
9864,339.446557
9865,339.461086
9866,339.474704
9867,339.487399
9868,339.499166
9869,339.510004
9870,339.519921
9871,339.528929
9872,339.537047
9873,339.544302
9874,339.550726
9875,339.556356
9876,339.561234
9877,339.565407
9878,339.568923
9879,339.571836
9880,339.574199
9881,339.576068
9882,339.577497
9883,339.578542
9884,339.579256
9885,339.579686
9886,339.57988
9887,339.579876
9888,339.57971
9889,339.579408
9890,339.578987
9891,339.578457
9892,339.577814
9893,339.577044
9894,339.576122
9895,339.575008
9896,339.57365
9897,339.571984
9898,339.569934
9899,339.567415
9900,339.564337
9901,339.560607
9902,339.556132
9903,339.550824
9904,339.544599
9905,339.537378
9906,339.529096
9907,339.519692
9908,339.509121
9909,339.497348
9910,339.484351
9911,339.470122
9912,339.454668
9913,339.438006
9914,339.420168
9915,339.401193
9916,339.38113
9917,339.36003
9918,339.337946
9919,339.314931
9920,339.304634
9921,339.325842
9922,339.346397
9923,339.366262
9924,339.385404
9925,339.403787
9926,339.421377
9927,339.438143
9928,339.454055
9929,339.469085
9930,339.48321
9931,339.496411
9932,339.508674
9933,339.519992
9934,339.530362
9935,339.53979
9936,339.548289
9937,339.555878
9938,339.562584
9939,339.56844
9940,339.573485
9941,339.577764
9942,339.581326
9943,339.584225
9944,339.586518
9945,339.588262
9946,339.589517
9947,339.590343
9948,339.590798
9949,339.590937
9950,339.590811
9951,339.590467
9952,339.589943
9953,339.589271
9954,339.588473
9955,339.587562
9956,339.586539
9957,339.585391
9958,339.584094
9959,339.582607
9960,339.580878
9961,339.578839
9962,339.576409
9963,339.5735
9964,339.570015
9965,339.56586
9966,339.56094
9967,339.555166
9968,339.548459
9969,339.540743
9970,339.531957
9971,339.522048
9972,339.510974
9973,339.498707
9974,339.485232
9975,339.470547
9976,339.454666
9977,339.437616
9978,339.419436
9979,339.400176
9980,339.379891
9981,339.358642
9982,339.336485
9983,339.313475
9984,339.309489
9985,339.331003
9986,339.3519
9987,339.372143
9988,339.391697
9989,339.410523
9990,339.428585
9991,339.445845
9992,339.462268
9993,339.477819
9994,339.492467
9995,339.506185
9996,339.518951
9997,339.530748
9998,339.541567
9999,339.551406
10000,339.560269
10001,339.56817
10002,339.57513
10003,339.58118
10004,339.586354
10005,339.590698
10006,339.594261
10007,339.597097
10008,339.599268
10009,339.600835
10010,339.601863
10011,339.602417
10012,339.602563
10013,339.602361
10014,339.601871
10015,339.601143
10016,339.600225
10017,339.599153
10018,339.597954
10019,339.596646
10020,339.595234
10021,339.593707
10022,339.592042
10023,339.590201
10024,339.588128
10025,339.585752
10026,339.582986
10027,339.579734
10028,339.575894
10029,339.571364
10030,339.566049
10031,339.559858
10032,339.552713
10033,339.544545
10034,339.535293
10035,339.524909
10036,339.513359
10037,339.500618
10038,339.486677
10039,339.471541
10040,339.45523
10041,339.43778
10042,339.419241
10043,339.399673
10044,339.379144
10045,339.35772
10046,339.335465
10047,339.312436
10048,339.314825
10049,339.336672
10050,339.357939
10051,339.378589
10052,339.398584
10053,339.417883
10054,339.436445
10055,339.454228
10056,339.471187
10057,339.487283
10058,339.502475
10059,339.516727
10060,339.530008
10061,339.542292
10062,339.553561
10063,339.563803
10064,339.573018
10065,339.581213
10066,339.588402
10067,339.594613
10068,339.59988
10069,339.604246
10070,339.607761
10071,339.610484
10072,339.612478
10073,339.613811
10074,339.614554
10075,339.61478
10076,339.61456
10077,339.613963
10078,339.613056
10079,339.611899
10080,339.610544
10081,339.609035
10082,339.607406
10083,339.605679
10084,339.603863
10085,339.601951
10086,339.599924
10087,339.597741
10088,339.595347
10089,339.592666
10090,339.589604
10091,339.586055
10092,339.581906
10093,339.577048
10094,339.571382
10095,339.564817
10096,339.557276
10097,339.548692
10098,339.539008
10099,339.52818
10100,339.516178
10101,339.502981
10102,339.488587
10103,339.473004
10104,339.456261
10105,339.438402
10106,339.419487
10107,339.39959
10108,339.378792
10109,339.357172
10110,339.334798
10111,339.311729
10112,339.32061
10113,339.342817
10114,339.364482
10115,339.385568
10116,339.406035
10117,339.42584
10118,339.444934
10119,339.463271
10120,339.480799
10121,339.497468
10122,339.51323
10123,339.528039
10124,339.541852
10125,339.554635
10126,339.56636
10127,339.577006
10128,339.586565
10129,339.595036
10130,339.602431
10131,339.608773
10132,339.614094
10133,339.618438
10134,339.621857
10135,339.624411
10136,339.626171
10137,339.627209
10138,339.627604
10139,339.627437
10140,339.626789
10141,339.625737
10142,339.624356
10143,339.622716
10144,339.620877
10145,339.618889
10146,339.616795
10147,339.61462
10148,339.612379
10149,339.610071
10150,339.607677
10151,339.605159
10152,339.60246
10153,339.599499
10154,339.596176
10155,339.59237
10156,339.587953
10157,339.582808
10158,339.576829
10159,339.569928
10160,339.562025
10161,339.553058
10162,339.542972
10163,339.531728
10164,339.519297
10165,339.505665
10166,339.490831
10167,339.47481
10168,339.457635
10169,339.439359
10170,339.420053
10171,339.399808
10172,339.378724
10173,339.356889
10174,339.33438
10175,339.311258
10176,339.326806
10177,339.349398
10178,339.371489
10179,339.393042
10180,339.414013
10181,339.434357
10182,339.45402
10183,339.472946
10184,339.491079
10185,339.508357
10186,339.524721
10187,339.540115
10188,339.554485
10189,339.567785
10190,339.579976
10191,339.59103
10192,339.600927
10193,339.609663
10194,339.617243
10195,339.623686
10196,339.629024
10197,339.633301
10198,339.636571
10199,339.638899
10200,339.640361
10201,339.641039
10202,339.641018
10203,339.640389
10204,339.639243
10205,339.637669
10206,339.635752
10207,339.633569
10208,339.631191
10209,339.628677
10210,339.626074
10211,339.623417
10212,339.620725
10213,339.617999
10214,339.615226
10215,339.61237
10216,339.609371
10217,339.606148
10218,339.60259
10219,339.598557
10220,339.593903
10221,339.5885
10222,339.582239
10223,339.575029
10224,339.566794
10225,339.557471
10226,339.547011
10227,339.535376
10228,339.522541
10229,339.508494
10230,339.493237
10231,339.476791
10232,339.459191
10233,339.440498
10234,339.420794
10235,339.400189
10236,339.378805
10237,339.356747
10238,339.334096
10239,339.310913
10240,339.333367
10241,339.356368
10242,339.378912
10243,339.400962
10244,339.422471
10245,339.44339
10246,339.46366
10247,339.483217
10248,339.501995
10249,339.519922
10250,339.536927
10251,339.552942
10252,339.567899
10253,339.58174
10254,339.594414
10255,339.605883
10256,339.616119
10257,339.625109
10258,339.632854
10259,339.63937
10260,339.644687
10261,339.64885
10262,339.651917
10263,339.653959
10264,339.655057
10265,339.655301
10266,339.65479
10267,339.653624
10268,339.651906
10269,339.649737
10270,339.647213
10271,339.644422
10272,339.641445
10273,339.63835
10274,339.635191
10275,339.632009
10276,339.628829
10277,339.625658
10278,339.622484
10279,339.619274
10280,339.615969
10281,339.612483
10282,339.608697
10283,339.604454
10284,339.599579
10285,339.593933
10286,339.587407
10287,339.579909
10288,339.571362
10289,339.561708
10290,339.550897
10291,339.538895
10292,339.52568
10293,339.511242
10294,339.495585
10295,339.478733
10296,339.460726
10297,339.441628
10298,339.421532
10299,339.400568
10300,339.37889
10301,339.356612
10302,339.33382
10303,339.310577
10304,339.34024
10305,339.363672
10306,339.386695
10307,339.409271
10308,339.431353
10309,339.452885
10310,339.473803
10311,339.494035
10312,339.513504
10313,339.532126
10314,339.549818
10315,339.566494
10316,339.582075
10317,339.596487
10318,339.609668
10319,339.621565
10320,339.632143
10321,339.64138
10322,339.649273
10323,339.655834
10324,339.661092
10325,339.665094
10326,339.667902
10327,339.669591
10328,339.670253
10329,339.669989
10330,339.668906
10331,339.667121
10332,339.66475
10333,339.661905
10334,339.658698
10335,339.655228
10336,339.651586
10337,339.647849
10338,339.644079
10339,339.640324
10340,339.636615
10341,339.632961
10342,339.629355
10343,339.625762
10344,339.622126
10345,339.618354
10346,339.61432
10347,339.609848
10348,339.604741
10349,339.598853
10350,339.592067
10351,339.58429
10352,339.575447
10353,339.565478
10354,339.554338
10355,339.541993
10356,339.528423
10357,339.51362
10358,339.497592
10359,339.480364
10360,339.461979
10361,339.442508
10362,339.422054
10363,339.400767
10364,339.378821
10365,339.356344
10366,339.333427
10367,339.310135
10368,339.347363
10369,339.371243
10370,339.394769
10371,339.417901
10372,339.440589
10373,339.462774
10374,339.484385
10375,339.50534
10376,339.525551
10377,339.544921
10378,339.563349
10379,339.580736
10380,339.596984
10381,339.612004
10382,339.625718
10383,339.638062
10384,339.648989
10385,339.65847
10386,339.666495
10387,339.673074
10388,339.678235
10389,339.682026
10390,339.684515
10391,339.685785
10392,339.685935
10393,339.685078
10394,339.683339
10395,339.680846
10396,339.677732
10397,339.674127
10398,339.670155
10399,339.665929
10400,339.66155
10401,339.657105
10402,339.652666
10403,339.648285
10404,339.643997
10405,339.639816
10406,339.635736
10407,339.631724
10408,339.627719
10409,339.623626
10410,339.619308
10411,339.614573
10412,339.609213
10413,339.603067
10414,339.596016
10415,339.587962
10416,339.57883
10417,339.568562
10418,339.557111
10419,339.544445
10420,339.530547
10421,339.515409
10422,339.499043
10423,339.481474
10424,339.462753
10425,339.442954
10426,339.42219
10427,339.400626
10428,339.378453
10429,339.35581
10430,339.332794
10431,339.309471
10432,339.354663
10433,339.379008
10434,339.403057
10435,339.426772
10436,339.450101
10437,339.472978
10438,339.495327
10439,339.517056
10440,339.538064
10441,339.558239
10442,339.577462
10443,339.595615
10444,339.61258
10445,339.62825
10446,339.64253
10447,339.655342
10448,339.666629
10449,339.676352
10450,339.684496
10451,339.691066
10452,339.696092
10453,339.699623
10454,339.701732
10455,339.702509
10456,339.702067
10457,339.700531
10458,339.698042
10459,339.694748
10460,339.690798
10461,339.686341
10462,339.681516
10463,339.676453
10464,339.671262
10465,339.666042
10466,339.66087
10467,339.655805
10468,339.650885
10469,339.646129
10470,339.641528
10471,339.637051
10472,339.632634
10473,339.628175
10474,339.623529
10475,339.618495
10476,339.612849
10477,339.606426
10478,339.599096
10479,339.590762
10480,339.581345
10481,339.570786
10482,339.559041
10483,339.546077
10484,339.531878
10485,339.516439
10486,339.499771
10487,339.481905
10488,339.462892
10489,339.442816
10490,339.421797
10491,339.400011
10492,339.377659
10493,339.354891
10494,339.331809
10495,339.308482
10496,339.36206
10497,339.386881
10498,339.411471
10499,339.435794
10500,339.459794
10501,339.483403
10502,339.506535
10503,339.529092
10504,339.550955
10505,339.571996
10506,339.592077
10507,339.611056
10508,339.628794
10509,339.645162
10510,339.660046
10511,339.673353
10512,339.685012
10513,339.694978
10514,339.703227
10515,339.709764
10516,339.714617
10517,339.717837
10518,339.719503
10519,339.719715
10520,339.718597
10521,339.71629
10522,339.712954
10523,339.708757
10524,339.703872
10525,339.698467
10526,339.692701
10527,339.686716
10528,339.680637
10529,339.674571
10530,339.668602
10531,339.662794
10532,339.657188
10533,339.651803
10534,339.646633
10535,339.641642
10536,339.636764
10537,339.631893
10538,339.626874
10539,339.621499
10540,339.615534
10541,339.608807
10542,339.601183
10543,339.59256
10544,339.582858
10545,339.572018
10546,339.559993
10547,339.546753
10548,339.532281
10549,339.516575
10550,339.499646
10551,339.481527
10552,339.462275
10553,339.441977
10554,339.42076
10555,339.398807
10556,339.37633
10557,339.353483
10558,339.330375
10559,339.307073
10560,339.369462
10561,339.394765
10562,339.41991
10563,339.44486
10564,339.469559
10565,339.493935
10566,339.517897
10567,339.541332
10568,339.564111
10569,339.586085
10570,339.607091
10571,339.626963
10572,339.645534
10573,339.662651
10574,339.678179
10575,339.692008
10576,339.704056
10577,339.714265
10578,339.72261
10579,339.729089
10580,339.733731
10581,339.736591
10582,339.737751
10583,339.737323
10584,339.735442
10585,339.732269
10586,339.727984
10587,339.722782
10588,339.716859
10589,339.710408
10590,339.703608
10591,339.696618
10592,339.689575
10593,339.682594
10594,339.675765
10595,339.669156
10596,339.662809
10597,339.656744
10598,339.650954
10599,339.6454
10600,339.640014
10601,339.634682
10602,339.629246
10603,339.623488
10604,339.61717
10605,339.610112
10606,339.602175
10607,339.593253
10608,339.583265
10609,339.572149
10610,339.559859
10611,339.546365
10612,339.53165
10613,339.515712
10614,339.498564
10615,339.480242
10616,339.460804
10617,339.44034
10618,339.418983
10619,339.396923
10620,339.374375
10621,339.351499
10622,339.328406
10623,339.305165
10624,339.376768
10625,339.402554
10626,339.42826
10627,339.453852
10628,339.479272
10629,339.504447
10630,339.529277
10631,339.553642
10632,339.577395
10633,339.600367
10634,339.62237
10635,339.643204
10636,339.662671
10637,339.68059
10638,339.696803
10639,339.711183
10640,339.723633
10641,339.734089
10642,339.742518
10643,339.748916
10644,339.753312
10645,339.755763
10646,339.756358
10647,339.755216
10648,339.752487
10649,339.748351
10650,339.743015
10651,339.7367
10652,339.729636
10653,339.722041
10654,339.714119
10655,339.706043
10656,339.697964
10657,339.690003
10658,339.682256
10659,339.674791
10660,339.667653
10661,339.660859
10662,339.6544
10663,339.648237
10664,339.642294
10665,339.636457
10666,339.63056
10667,339.62438
10668,339.617675
10669,339.610259
10670,339.60199
10671,339.592758
10672,339.582481
10673,339.571096
10674,339.558556
10675,339.54483
10676,339.529902
10677,339.513769
10678,339.496446
10679,339.47797
10680,339.458399
10681,339.437828
10682,339.416392
10683,339.394283
10684,339.371721
10685,339.348867
10686,339.325835
10687,339.302694
10688,339.383868
10689,339.41013
10690,339.436397
10691,339.462637
10692,339.488792
10693,339.514787
10694,339.540519
10695,339.565856
10696,339.590638
10697,339.614673
10698,339.637741
10699,339.659605
10700,339.680031
10701,339.698803
10702,339.71574
10703,339.730695
10704,339.743561
10705,339.754265
10706,339.762767
10707,339.769064
10708,339.773182
10709,339.77518
10710,339.775153
10711,339.773228
10712,339.769569
10713,339.764378
10714,339.757887
10715,339.750355
10716,339.742049
10717,339.733219
10718,339.724091
10719,339.714858
10720,339.705679
10721,339.696682
10722,339.687965
10723,339.679598
10724,339.671623
10725,339.664056
10726,339.656886
10727,339.650069
10728,339.643527
10729,339.637142
10730,339.630743
10731,339.624106
10732,339.616981
10733,339.609181
10734,339.600561
10735,339.59101
10736,339.580442
10737,339.568794
10738,339.556018
10739,339.542083
10740,339.526972
10741,339.510682
10742,339.493229
10743,339.474649
10744,339.455002
10745,339.434383
10746,339.412927
10747,339.390829
10748,339.36831
10749,339.345532
10750,339.322608
10751,339.299608
10752,339.390643
10753,339.417367
10754,339.444187
10755,339.471069
10756,339.497962
10757,339.524788
10758,339.55144
10759,339.577781
10760,339.603635
10761,339.628787
10762,339.652984
10763,339.675944
10764,339.697385
10765,339.717054
10766,339.734744
10767,339.750293
10768,339.763582
10769,339.77453
10770,339.783096
10771,339.789271
10772,339.793082
10773,339.794591
10774,339.793894
10775,339.791127
10776,339.786467
10777,339.780135
10778,339.772396
10779,339.763549
10780,339.753909
10781,339.743762
10782,339.73336
10783,339.722911
10784,339.712582
10785,339.702505
10786,339.692778
10787,339.683471
10788,339.674623
10789,339.666247
10790,339.658328
10791,339.650821
10792,339.643642
10793,339.636671
10794,339.629735
10795,339.622605
10796,339.615032
10797,339.606825
10798,339.597837
10799,339.587956
10800,339.577097
10801,339.565192
10802,339.552196
10803,339.538076
10804,339.522813
10805,339.506405
10806,339.488867
10807,339.470235
10808,339.450567
10809,339.429959
10810,339.408546
10811,339.38652
10812,339.364102
10813,339.341454
10814,339.318687
10815,339.295871
10816,339.396969
10817,339.424133
10818,339.451484
10819,339.478994
10820,339.506613
10821,339.534263
10822,339.561837
10823,339.589192
10824,339.616141
10825,339.642448
10826,339.667823
10827,339.69193
10828,339.714425
10829,339.735018
10830,339.753478
10831,339.769627
10832,339.783336
10833,339.794523
10834,339.803139
10835,339.809175
10836,339.812658
10837,339.81365
10838,339.812249
10839,339.808598
10840,339.802883
10841,339.795343
10842,339.786276
10843,339.776033
10844,339.764985
10845,339.753462
10846,339.741739
10847,339.730035
10848,339.718524
10849,339.707339
10850,339.696578
10851,339.686306
10852,339.67656
10853,339.667349
10854,339.658654
10855,339.650426
10856,339.642579
10857,339.634989
10858,339.627483
10859,339.619831
10860,339.611783
10861,339.603148
10862,339.593778
10863,339.583561
10864,339.57241
10865,339.560258
10866,339.547058
10867,339.532776
10868,339.517393
10869,339.500907
10870,339.483331
10871,339.464698
10872,339.445067
10873,339.42453
10874,339.403221
10875,339.381329
10876,339.359072
10877,339.336609
10878,339.314049
10879,339.291459
10880,339.402718
10881,339.43029
10882,339.458141
10883,339.486248
10884,339.514563
10885,339.543012
10886,339.571487
10887,339.59984
10888,339.627876
10889,339.655341
10890,339.681912
10891,339.707187
10892,339.730748
10893,339.752265
10894,339.771485
10895,339.788222
10896,339.80234
10897,339.813749
10898,339.822401
10899,339.828285
10900,339.831426
10901,339.831885
10902,339.829765
10903,339.825209
10904,339.818414
10905,339.809632
10906,339.79919
10907,339.787499
10908,339.775007
10909,339.762082
10910,339.74902
10911,339.73605
10912,339.723349
10913,339.71105
10914,339.699247
10915,339.688002
10916,339.677347
10917,339.667286
10918,339.657797
10919,339.648825
10920,339.640285
10921,339.632051
10922,339.623948
10923,339.615749
10924,339.607203
10925,339.598122
10926,339.588359
10927,339.5778
10928,339.56636
10929,339.553971
10930,339.540585
10931,339.526167
10932,339.510698
10933,339.494173
10934,339.476604
10935,339.458024
10936,339.438487
10937,339.418083
10938,339.39694
10939,339.375244
10940,339.353208
10941,339.330986
10942,339.308684
10943,339.286366
10944,339.407762
10945,339.435701
10946,339.464009
10947,339.492667
10948,339.521631
10949,339.550829
10950,339.580154
10951,339.609455
10952,339.638529
10953,339.667106
10954,339.694829
10955,339.721234
10956,339.745818
10957,339.768218
10958,339.788162
10959,339.805454
10960,339.81995
10961,339.831559
10962,339.84023
10963,339.84595
10964,339.848743
10965,339.848671
10966,339.845837
10967,339.840387
10968,339.832525
10969,339.822516
10970,339.810713
10971,339.797588
10972,339.78367
10973,339.769366
10974,339.754988
10975,339.740773
10976,339.726902
10977,339.713505
10978,339.700673
10979,339.688463
10980,339.676902
10981,339.66599
10982,339.6557
10983,339.645974
10984,339.636724
10985,339.627825
10986,339.619105
10987,339.610337
10988,339.601276
10989,339.591735
10990,339.58157
10991,339.570668
10992,339.558943
10993,339.546329
10994,339.532776
10995,339.518249
10996,339.502727
10997,339.486204
10998,339.468691
10999,339.450215
11000,339.430831
11001,339.410621
11002,339.389708
11003,339.368272
11004,339.346517
11005,339.324593
11006,339.302599
11007,339.280597
11008,339.411976
11009,339.44023
11010,339.46894
11011,339.498088
11012,339.527635
11013,339.557511
11014,339.587607
11015,339.617771
11016,339.647789
11017,339.677373
11018,339.706132
11019,339.733548
11020,339.759056
11021,339.782255
11022,339.802855
11023,339.820646
11024,339.835478
11025,339.847256
11026,339.855926
11027,339.861474
11028,339.863923
11029,339.863334
11030,339.859813
11031,339.853509
11032,339.844634
11033,339.833468
11034,339.820394
11035,339.805931
11036,339.790672
11037,339.775061
11038,339.759429
11039,339.744026
11040,339.729031
11041,339.714577
11042,339.700749
11043,339.687601
11044,339.675155
11045,339.663405
11046,339.652318
11047,339.641837
11048,339.631871
11049,339.622296
11050,339.612942
11051,339.603591
11052,339.594001
11053,339.58399
11054,339.573418
11055,339.562175
11056,339.550175
11057,339.537351
11058,339.523652
11059,339.509044
11060,339.493503
11061,339.477023
11062,339.459611
11063,339.441293
11064,339.422118
11065,339.402164
11066,339.381546
11067,339.360433
11068,339.339022
11069,339.317452
11070,339.295816
11071,339.274173
11072,339.415241
11073,339.443752
11074,339.472795
11075,339.502359
11076,339.532406
11077,339.562866
11078,339.593631
11079,339.624543
11080,339.655378
11081,339.685827
11082,339.715471
11083,339.743747
11084,339.770045
11085,339.793931
11086,339.815094
11087,339.83331
11088,339.848422
11089,339.86033
11090,339.868977
11091,339.874347
11092,339.876463
11093,339.875387
11094,339.871224
11095,339.864132
11096,339.854328
11097,339.842111
11098,339.827889
11099,339.812222
11100,339.795747
11101,339.778938
11102,339.762151
11103,339.745643
11104,339.7296
11105,339.714152
11106,339.699383
11107,339.685342
11108,339.672046
11109,339.659485
11110,339.647623
11111,339.636397
11112,339.625718
11113,339.615463
11114,339.605469
11115,339.595523
11116,339.585397
11117,339.574913
11118,339.563936
11119,339.552358
11120,339.540094
11121,339.527078
11122,339.513257
11123,339.498596
11124,339.483072
11125,339.466674
11126,339.449409
11127,339.431301
11128,339.412392
11129,339.392755
11130,339.372495
11131,339.35177
11132,339.330762
11133,339.309601
11134,339.288372
11135,339.267129
11136,339.417451
11137,339.44615
11138,339.47545
11139,339.505342
11140,339.535789
11141,339.566724
11142,339.598035
11143,339.629559
11144,339.66106
11145,339.692214
11146,339.722573
11147,339.751542
11148,339.778478
11149,339.80292
11150,339.824536
11151,339.84309
11152,339.858416
11153,339.870409
11154,339.879009
11155,339.884199
11156,339.886
11157,339.884476
11158,339.879733
11159,339.871935
11160,339.861308
11161,339.848166
11162,339.832941
11163,339.816221
11164,339.798675
11165,339.780806
11166,339.762986
11167,339.745483
11168,339.728488
11169,339.712131
11170,339.696495
11171,339.681625
11172,339.667532
11173,339.654204
11174,339.641599
11175,339.629653
11176,339.618277
11177,339.607348
11178,339.596714
11179,339.586173
11180,339.575509
11181,339.564555
11182,339.553181
11183,339.541281
11184,339.528771
11185,339.515584
11186,339.501667
11187,339.486984
11188,339.47151
11189,339.455234
11190,339.43816
11191,339.420309
11192,339.40172
11193,339.382458
11194,339.362618
11195,339.342343
11196,339.321797
11197,339.301097
11198,339.28032
11199,339.259516
11200,339.418509
11201,339.447322
11202,339.476792
11203,339.506914
11204,339.537653
11205,339.568938
11206,339.600658
11207,339.632642
11208,339.664647
11209,339.696332
11210,339.727228
11211,339.756718
11212,339.784131
11213,339.808986
11214,339.830936
11215,339.84973
11216,339.865199
11217,339.877228
11218,339.885757
11219,339.890765
11220,339.892275
11221,339.890349
11222,339.885099
11223,339.876689
11224,339.865358
11225,339.851431
11226,339.835355
11227,339.817745
11228,339.79929
11229,339.780513
11230,339.761801
11231,339.743432
11232,339.725601
11233,339.708438
11234,339.692026
11235,339.676405
11236,339.661585
11237,339.647547
11238,339.634248
11239,339.621622
11240,339.609578
11241,339.597997
11242,339.586734
11243,339.575605
11244,339.564414
11245,339.553005
11246,339.541251
11247,339.529049
11248,339.516316
11249,339.502983
11250,339.488999
11251,339.474325
11252,339.458935
11253,339.442818
11254,339.425975
11255,339.408424
11256,339.390203
11257,339.371369
11258,339.352006
11259,339.332238
11260,339.312206
11261,339.292012
11262,339.271727
11263,339.251395
11264,339.418337
11265,339.447183
11266,339.476732
11267,339.506978
11268,339.537888
11269,339.569391
11270,339.601372
11271,339.633657
11272,339.665994
11273,339.698029
11274,339.729282
11275,339.759114
11276,339.78684
11277,339.811961
11278,339.834118
11279,339.853052
11280,339.868585
11281,339.8806
11282,339.889032
11283,339.893861
11284,339.895106
11285,339.892832
11286,339.887152
11287,339.878235
11288,339.866325
11289,339.851758
11290,339.834994
11291,339.816661
11292,339.797466
11293,339.777946
11294,339.758496
11295,339.739404
11296,339.720866
11297,339.703015
11298,339.685932
11299,339.669655
11300,339.65419
11301,339.639517
11302,339.625589
11303,339.612338
11304,339.599673
11305,339.58748
11306,339.575618
11307,339.563926
11308,339.552234
11309,339.540397
11310,339.528292
11311,339.515818
11312,339.502891
11313,339.489444
11314,339.475424
11315,339.46079
11316,339.445518
11317,339.429592
11318,339.413015
11319,339.395802
11320,339.377986
11321,339.35962
11322,339.34078
11323,339.321566
11324,339.302088
11325,339.282435
11326,339.262671
11327,339.242839
11328,339.416873
11329,339.445667
11330,339.475197
11331,339.505456
11332,339.536411
11333,339.567992
11334,339.600081
11335,339.632501
11336,339.664993
11337,339.697198
11338,339.728623
11339,339.75862
11340,339.786491
11341,339.81173
11342,339.833966
11343,339.852935
11344,339.868454
11345,339.880402
11346,339.888713
11347,339.893364
11348,339.894375
11349,339.89181
11350,339.885783
11351,339.876468
11352,339.86411
11353,339.849053
11354,339.831765
11355,339.812882
11356,339.793121
11357,339.773027
11358,339.753004
11359,339.73334
11360,339.714238
11361,339.695828
11362,339.678191
11363,339.661364
11364,339.645351
11365,339.63013
11366,339.615652
11367,339.601849
11368,339.588631
11369,339.575889
11370,339.563492
11371,339.551297
11372,339.539157
11373,339.526938
11374,339.514525
11375,339.501817
11376,339.488734
11377,339.475208
11378,339.461185
11379,339.446625
11380,339.4315
11381,339.415797
11382,339.399515
11383,339.382667
11384,339.365282
11385,339.347406
11386,339.329105
11387,339.310459
11388,339.291553
11389,339.27246
11390,339.253238
11391,339.233925
11392,339.414072
11393,339.442728
11394,339.472138
11395,339.502295
11396,339.533167
11397,339.564682
11398,339.596723
11399,339.629108
11400,339.661578
11401,339.693768
11402,339.725183
11403,339.755167
11404,339.783017
11405,339.808223
11406,339.830409
11407,339.849308
11408,339.864733
11409,339.876563
11410,339.884728
11411,339.889205
11412,339.890013
11413,339.887216
11414,339.880929
11415,339.871326
11416,339.858654
11417,339.84326
11418,339.825613
11419,339.806355
11420,339.786206
11421,339.765715
11422,339.745286
11423,339.725212
11424,339.705694
11425,339.686863
11426,339.668799
11427,339.651538
11428,339.635085
11429,339.619413
11430,339.604477
11431,339.590209
11432,339.576522
11433,339.563312
11434,339.550461
11435,339.537841
11436,339.525322
11437,339.512782
11438,339.500113
11439,339.48722
11440,339.474024
11441,339.460458
11442,339.446468
11443,339.432014
11444,339.417069
11445,339.401615
11446,339.385652
11447,339.369188
11448,339.352249
11449,339.334874
11450,339.317115
11451,339.299037
11452,339.280706
11453,339.262181
11454,339.243512
11455,339.224732
11456,339.409912
11457,339.43834
11458,339.467527
11459,339.497466
11460,339.528124
11461,339.55943
11462,339.591264
11463,339.623446
11464,339.655716
11465,339.687709
11466,339.718929
11467,339.748723
11468,339.776387
11469,339.80141
11470,339.823418
11471,339.842142
11472,339.857395
11473,339.869054
11474,339.87705
11475,339.881357
11476,339.881995
11477,339.879028
11478,339.872568
11479,339.862789
11480,339.849939
11481,339.83436
11482,339.816524
11483,339.797067
11484,339.77671
11485,339.755999
11486,339.735338
11487,339.715017
11488,339.695236
11489,339.676128
11490,339.65777
11491,339.640199
11492,339.623418
11493,339.607404
11494,339.592111
11495,339.577474
11496,339.563411
11497,339.549826
11498,339.536611
11499,339.523652
11500,339.510831
11501,339.49804
11502,339.485178
11503,339.472154
11504,339.458893
11505,339.44533
11506,339.431411
11507,339.417097
11508,339.402359
11509,339.38718
11510,339.371555
11511,339.35549
11512,339.339006
11513,339.322134
11514,339.304915
11515,339.2874
11516,339.26964
11517,339.251685
11518,339.233573
11519,339.215334
11520,339.404386
11521,339.432498
11522,339.46136
11523,339.490966
11524,339.52128
11525,339.552232
11526,339.583703
11527,339.615514
11528,339.647407
11529,339.679021
11530,339.709866
11531,339.739294
11532,339.766608
11533,339.791301
11534,339.813003
11535,339.831449
11536,339.846451
11537,339.85789
11538,339.865693
11539,339.869836
11540,339.870338
11541,339.867261
11542,339.860716
11543,339.850875
11544,339.83798
11545,339.822372
11546,339.804513
11547,339.785036
11548,339.764651
11549,339.743899
11550,339.723179
11551,339.702777
11552,339.68289
11553,339.66365
11554,339.645134
11555,339.627379
11556,339.61039
11557,339.594145
11558,339.578602
11559,339.563699
11560,339.549361
11561,339.535498
11562,339.522014
11563,339.508804
11564,339.495765
11565,339.482797
11566,339.469807
11567,339.456712
11568,339.443438
11569,339.429922
11570,339.416115
11571,339.401975
11572,339.387473
11573,339.37259
11574,339.357321
11575,339.341666
11576,339.325642
11577,339.309271
11578,339.292588
11579,339.275628
11580,339.258435
11581,339.241044
11582,339.22349
11583,339.205796
11584,339.397507
11585,339.425217
11586,339.453654
11587,339.482812
11588,339.512656
11589,339.543114
11590,339.574069
11591,339.605344
11592,339.636686
11593,339.667743
11594,339.698033
11595,339.72692
11596,339.753722
11597,339.77794
11598,339.799212
11599,339.817278
11600,339.831956
11601,339.843124
11602,339.850714
11603,339.854699
11604,339.855098
11605,339.851972
11606,339.845429
11607,339.835636
11608,339.822831
11609,339.807347
11610,339.789634
11611,339.770313
11612,339.750081
11613,339.729467
11614,339.708861
11615,339.688541
11616,339.668703
11617,339.649476
11618,339.630938
11619,339.613126
11620,339.596049
11621,339.579687
11622,339.564003
11623,339.548939
11624,339.534426
11625,339.520385
11626,339.506726
11627,339.493357
11628,339.480183
11629,339.467115
11630,339.454067
11631,339.44096
11632,339.427727
11633,339.414306
11634,339.40065
11635,339.386718
11636,339.37248
11637,339.357916
11638,339.343018
11639,339.327784
11640,339.312223
11641,339.296354
11642,339.280199
11643,339.263789
11644,339.247154
11645,339.230324
11646,339.213324
11647,339.196177
11648,339.389309
11649,339.41653
11650,339.444446
11651,339.473049
11652,339.502301
11653,339.532131
11654,339.562422
11655,339.593002
11656,339.623625
11657,339.653948
11658,339.683507
11659,339.711684
11660,339.737813
11661,339.761415
11662,339.782137
11663,339.799728
11664,339.814009
11665,339.824862
11666,339.832217
11667,339.836051
11668,339.836379
11669,339.833261
11670,339.826803
11671,339.817168
11672,339.804585
11673,339.789375
11674,339.771976
11675,339.752987
11676,339.733086
11677,339.712785
11678,339.69246
11679,339.672383
11680,339.652744
11681,339.633671
11682,339.615242
11683,339.597499
11684,339.580451
11685,339.564085
11686,339.548366
11687,339.533246
11688,339.51866
11689,339.504538
11690,339.490798
11691,339.477359
11692,339.464134
11693,339.451042
11694,339.438004
11695,339.424948
11696,339.41181
11697,339.398532
11698,339.385068
11699,339.371378
11700,339.357431
11701,339.343209
11702,339.328697
11703,339.313892
11704,339.2988
11705,339.28343
11706,339.267801
11707,339.251934
11708,339.235851
11709,339.219575
11710,339.203128
11711,339.186527
11712,339.379838
11713,339.40649
11714,339.433794
11715,339.461738
11716,339.490285
11717,339.519361
11718,339.548852
11719,339.578588
11720,339.60833
11721,339.637751
11722,339.666407
11723,339.693707
11724,339.719012
11725,339.741862
11726,339.761922
11727,339.778947
11728,339.792765
11729,339.80326
11730,339.810364
11731,339.814052
11732,339.814339
11733,339.811284
11734,339.804991
11735,339.795615
11736,339.78338
11737,339.768591
11738,339.751667
11739,339.733182
11740,339.713785
11741,339.693965
11742,339.674082
11743,339.654399
11744,339.635101
11745,339.616315
11746,339.598121
11747,339.580565
11748,339.563659
11749,339.547397
11750,339.531749
11751,339.516673
11752,339.502112
11753,339.488004
11754,339.474275
11755,339.460851
11756,339.447656
11757,339.434615
11758,339.421655
11759,339.408712
11760,339.395723
11761,339.382635
11762,339.369403
11763,339.355989
11764,339.342363
11765,339.328502
11766,339.314393
11767,339.300028
11768,339.285409
11769,339.27054
11770,339.255434
11771,339.240105
11772,339.224569
11773,339.208844
11774,339.192945
11775,339.176886
11776,339.369157
11777,339.395165
11778,339.421772
11779,339.448965
11780,339.476704
11781,339.504913
11782,339.533478
11783,339.562233
11784,339.590948
11785,339.61931
11786,339.646901
11787,339.673166
11788,339.697502
11789,339.719477
11790,339.738772
11791,339.755152
11792,339.76845
11793,339.778551
11794,339.785388
11795,339.788935
11796,339.789208
11797,339.786264
11798,339.780204
11799,339.771181
11800,339.759409
11801,339.745179
11802,339.728885
11803,339.711067
11804,339.692338
11805,339.673155
11806,339.653862
11807,339.63471
11808,339.615882
11809,339.597504
11810,339.579661
11811,339.562401
11812,339.545744
11813,339.529687
11814,339.514208
11815,339.499272
11816,339.48483
11817,339.470825
11818,339.457194
11819,339.443869
11820,339.430781
11821,339.417863
11822,339.405049
11823,339.392277
11824,339.37949
11825,339.36664
11826,339.353681
11827,339.340577
11828,339.327298
11829,339.313821
11830,339.300131
11831,339.286218
11832,339.272078
11833,339.257713
11834,339.243129
11835,339.228336
11836,339.213343
11837,339.198164
11838,339.18281
11839,339.167291
11840,339.35734
11841,339.382635
11842,339.40847
11843,339.434829
11844,339.46167
11845,339.488914
11846,339.516448
11847,339.544106
11848,339.571666
11849,339.598831
11850,339.625211
11851,339.650298
11852,339.673539
11853,339.694533
11854,339.712978
11855,339.728648
11856,339.741378
11857,339.751055
11858,339.757612
11859,339.761024
11860,339.761304
11861,339.758511
11862,339.752742
11863,339.744149
11864,339.732939
11865,339.719388
11866,339.703863
11867,339.686863
11868,339.668945
11869,339.650536
11870,339.631959
11871,339.613456
11872,339.595209
11873,339.577347
11874,339.559956
11875,339.543091
11876,339.526777
11877,339.51102
11878,339.495802
11879,339.481096
11880,339.46686
11881,339.453043
11882,339.439591
11883,339.426443
11884,339.413537
11885,339.400811
11886,339.388205
11887,339.375663
11888,339.363131
11889,339.350563
11890,339.337917
11891,339.325157
11892,339.312254
11893,339.299184
11894,339.28593
11895,339.27248
11896,339.258827
11897,339.244971
11898,339.230911
11899,339.216653
11900,339.202203
11901,339.187567
11902,339.172754
11903,339.157772
11904,339.344472
11905,339.36899
11906,339.393987
11907,339.419442
11908,339.44531
11909,339.471512
11910,339.497931
11911,339.524404
11912,339.550713
11913,339.576575
11914,339.601629
11915,339.625421
11916,339.647471
11917,339.667407
11918,339.684941
11919,339.699855
11920,339.711984
11921,339.721216
11922,339.727485
11923,339.730763
11924,339.731066
11925,339.72845
11926,339.723015
11927,339.714907
11928,339.704329
11929,339.691547
11930,339.676904
11931,339.660842
11932,339.643851
11933,339.626319
11934,339.608554
11935,339.590794
11936,339.573218
11937,339.555958
11938,339.539106
11939,339.522721
11940,339.506837
11941,339.491462
11942,339.476589
11943,339.462195
11944,339.448245
11945,339.434697
11946,339.421501
11947,339.408603
11948,339.395948
11949,339.38348
11950,339.371143
11951,339.358886
11952,339.346659
11953,339.334418
11954,339.322123
11955,339.30974
11956,339.29724
11957,339.2846
11958,339.2718
11959,339.258827
11960,339.245673
11961,339.232331
11962,339.2188
11963,339.205079
11964,339.191171
11965,339.177077
11966,339.162803
11967,339.148354
11968,339.330641
11969,339.354328
11970,339.378428
11971,339.402922
11972,339.42776
11973,339.452862
11974,339.478111
11975,339.503344
11976,339.528348
11977,339.552853
11978,339.576523
11979,339.598967
11980,339.619781
11981,339.638622
11982,339.655217
11983,339.66935
11984,339.680862
11985,339.689639
11986,339.695614
11987,339.698761
11988,339.699095
11989,339.69667
11990,339.691587
11991,339.683992
11992,339.674081
11993,339.662111
11994,339.648402
11995,339.633339
11996,339.617331
11997,339.600736
11998,339.583845
11999,339.566889
12000,339.550048
12001,339.533458
12002,339.517214
12003,339.501381
12004,339.485998
12005,339.47108
12006,339.456626
12007,339.442618
12008,339.429029
12009,339.415822
12010,339.402953
12011,339.390375
12012,339.378037
12013,339.365888
12014,339.353877
12015,339.341958
12016,339.330083
12017,339.318212
12018,339.306307
12019,339.294334
12020,339.282265
12021,339.270077
12022,339.25775
12023,339.24527
12024,339.232625
12025,339.219807
12026,339.20681
12027,339.193631
12028,339.180268
12029,339.166719
12030,339.152983
12031,339.139063
12032,339.31594
12033,339.338745
12034,339.361902
12035,339.385388
12036,339.409155
12037,339.433123
12038,339.457173
12039,339.481146
12040,339.504836
12041,339.527988
12042,339.550297
12043,339.571421
12044,339.591016
12045,339.608772
12046,339.624431
12047,339.637786
12048,339.648679
12049,339.657001
12050,339.662683
12051,339.665698
12052,339.666061
12053,339.663828
12054,339.659097
12055,339.652011
12056,339.642761
12057,339.63159
12058,339.618791
12059,339.604702
12060,339.589671
12061,339.574021
12062,339.558023
12063,339.541903
12064,339.525838
12065,339.509963
12066,339.49438
12067,339.479156
12068,339.464335
12069,339.449938
12070,339.435968
12071,339.422414
12072,339.409254
12073,339.396454
12074,339.383978
12075,339.371783
12076,339.359823
12077,339.348051
12078,339.336421
12079,339.32489
12080,339.313413
12081,339.301953
12082,339.290473
12083,339.278942
12084,339.267332
12085,339.255619
12086,339.243785
12087,339.231813
12088,339.21969
12089,339.207406
12090,339.194954
12091,339.182324
12092,339.169513
12093,339.156512
12094,339.143316
12095,339.129922
12096,339.30046
12097,339.322341
12098,339.344511
12099,339.366954
12100,339.389623
12101,339.412438
12102,339.435284
12103,339.458007
12104,339.48041
12105,339.502254
12106,339.523263
12107,339.543135
12108,339.561567
12109,339.57828
12110,339.593035
12111,339.605634
12112,339.615925
12113,339.623799
12114,339.62919
12115,339.632072
12116,339.632458
12117,339.630404
12118,339.626004
12119,339.619399
12120,339.610771
12121,339.600348
12122,339.588398
12123,339.575219
12124,339.561117
12125,339.546382
12126,339.531267
12127,339.515986
12128,339.500713
12129,339.485582
12130,339.470696
12131,339.456125
12132,339.441917
12133,339.428095
12134,339.414667
12135,339.401627
12136,339.388956
12137,339.376626
12138,339.364603
12139,339.35285
12140,339.341325
12141,339.329984
12142,339.318787
12143,339.30769
12144,339.296656
12145,339.285646
12146,339.274626
12147,339.263568
12148,339.252443
12149,339.24123
12150,339.229908
12151,339.21846
12152,339.206874
12153,339.195137
12154,339.183239
12155,339.17117
12156,339.15892
12157,339.146476
12158,339.133827
12159,339.12096
12160,339.284293
12161,339.305206
12162,339.326352
12163,339.347722
12164,339.369274
12165,339.390933
12166,339.412588
12167,339.434092
12168,339.455256
12169,339.47586
12170,339.495649
12171,339.514353
12172,339.531701
12173,339.547436
12174,339.561337
12175,339.573217
12176,339.582931
12177,339.590373
12178,339.59548
12179,339.598224
12180,339.598621
12181,339.596723
12182,339.592622
12183,339.586453
12184,339.578388
12185,339.568641
12186,339.557457
12187,339.545106
12188,339.531862
12189,339.517989
12190,339.503722
12191,339.489265
12192,339.474783
12193,339.46041
12194,339.446245
12195,339.432361
12196,339.418805
12197,339.405606
12198,339.392771
12199,339.380298
12200,339.368171
12201,339.356367
12202,339.344854
12203,339.333598
12204,339.322561
12205,339.311703
12206,339.300985
12207,339.290369
12208,339.279817
12209,339.269294
12210,339.258769
12211,339.248213
12212,339.237601
12213,339.226909
12214,339.216119
12215,339.205214
12216,339.194179
12217,339.183003
12218,339.171673
12219,339.160178
12220,339.148503
12221,339.136632
12222,339.124545
12223,339.112212
12224,339.267534
12225,339.287426
12226,339.307506
12227,339.327775
12228,339.348199
12229,339.368708
12230,339.389195
12231,339.40952
12232,339.429507
12233,339.448948
12234,339.467608
12235,339.485237
12236,339.501586
12237,339.516419
12238,339.529526
12239,339.540733
12240,339.549902
12241,339.556932
12242,339.561761
12243,339.564365
12244,339.564756
12245,339.562987
12246,339.559144
12247,339.553355
12248,339.545784
12249,339.53663
12250,339.526123
12251,339.514509
12252,339.502043
12253,339.488966
12254,339.475501
12255,339.461838
12256,339.448136
12257,339.434523
12258,339.421095
12259,339.407924
12260,339.395055
12261,339.382517
12262,339.370321
12263,339.358464
12264,339.346932
12265,339.335705
12266,339.324753
12267,339.314046
12268,339.303547
12269,339.293219
12270,339.283027
12271,339.272933
12272,339.262902
12273,339.252903
12274,339.242904
12275,339.23288
12276,339.222804
12277,339.212656
12278,339.202417
12279,339.192071
12280,339.181605
12281,339.171004
12282,339.160257
12283,339.149351
12284,339.138272
12285,339.126998
12286,339.1155
12287,339.103731
12288,338.923776
12289,338.89837
12290,338.900556
12291,338.968524
12292,338.912754
12293,338.885908
12294,338.886744
12295,338.957945
12296,338.397387
12297,338.371208
12298,338.372023
12299,338.441457
