0,326.565087
1,326.564641
2,326.564086
3,326.563379
4,326.562425
5,326.56114
6,326.559458
7,326.557327
8,326.554705
9,326.55156
10,326.547864
11,326.543604
12,326.53878
13,326.533408
14,326.527518
15,326.521169
16,326.514518
17,326.507979
18,326.501838
19,326.496228
20,326.491202
21,326.486788
22,326.483004
23,326.479867
24,326.477398
25,326.475625
26,326.474589
27,326.474347
28,326.474983
29,326.476617
30,326.479435
31,326.48377
32,326.490346
33,326.50106
34,326.521496
35,326.569087
36,326.699615
37,326.72278
38,326.734168
39,326.744206
40,326.752811
41,326.75915
42,326.763185
43,326.765057
44,326.764902
45,326.762805
46,326.758787
47,326.752808
48,326.744769
49,326.734543
50,326.722082
51,326.707786
52,326.693761
53,326.677808
54,326.635565
55,326.505804
56,326.454933
57,326.429859
58,326.413989
59,326.402015
60,326.392158
61,326.383814
62,326.376931
63,326.37218
64,326.580201
65,326.579992
66,326.57965
67,326.579093
68,326.578228
69,326.576979
70,326.575287
71,326.573102
72,326.570382
73,326.56709
74,326.563195
75,326.558675
76,326.553514
77,326.547696
78,326.541175
79,326.533833
80,326.525664
81,326.517807
82,326.510746
83,326.504523
84,326.499073
85,326.494347
86,326.490323
87,326.487
88,326.484385
89,326.482502
90,326.481387
91,326.481098
92,326.481716
93,326.483365
94,326.486231
95,326.490652
96,326.497356
97,326.508247
98,326.528922
99,326.576849
100,326.707964
101,326.731218
102,326.742826
103,326.753089
104,326.761889
105,326.768369
106,326.772488
107,326.774386
108,326.774202
109,326.772023
110,326.76787
111,326.761703
112,326.75342
113,326.742893
114,326.730074
115,326.715376
116,326.700967
117,326.684707
118,326.642189
119,326.511449
120,326.45999
121,326.43446
122,326.418204
123,326.405891
124,326.395736
125,326.387131
126,326.380027
127,326.375119
128,326.608717
129,326.608926
130,326.608996
131,326.60875
132,326.60809
133,326.606951
134,326.605285
135,326.603046
136,326.600193
137,326.596683
138,326.592475
139,326.587527
140,326.581794
141,326.57519
142,326.567441
143,326.557683
144,326.544398
145,326.532627
146,326.523271
147,326.515754
148,326.509521
149,326.50427
150,326.499865
151,326.496249
152,326.493409
153,326.491352
154,326.490108
155,326.489729
156,326.490297
157,326.491933
158,326.494826
159,326.499315
160,326.506133
161,326.517189
162,326.53809
163,326.586338
164,326.717993
165,326.741319
166,326.753108
167,326.763567
168,326.772541
169,326.779143
170,326.783326
171,326.785229
172,326.784993
173,326.782703
174,326.778385
175,326.771993
176,326.763428
177,326.75256
178,326.739345
179,326.724216
180,326.709415
181,326.692861
182,326.650073
183,326.518252
184,326.466125
185,326.440078
186,326.423378
187,326.410675
188,326.400172
189,326.39126
190,326.383898
191,326.37881
192,326.666906
193,326.667736
194,326.668454
195,326.668722
196,326.66842
197,326.667495
198,326.665912
199,326.663636
200,326.660623
201,326.656822
202,326.652172
203,326.646605
204,326.640039
205,326.632319
206,326.622835
207,326.608465
208,326.576187
209,326.552916
210,326.538255
211,326.528341
212,326.520899
213,326.514927
214,326.510029
215,326.506048
216,326.502926
217,326.500649
218,326.499235
219,326.49873
220,326.499209
221,326.500793
222,326.50367
223,326.508179
224,326.515055
225,326.526208
226,326.547252
227,326.595708
228,326.72771
229,326.75108
230,326.762978
231,326.773555
232,326.78263
233,326.789296
234,326.793497
235,326.795373
236,326.795061
237,326.792651
238,326.788165
239,326.781559
240,326.772733
241,326.761558
242,326.747995
243,326.732497
244,326.71737
245,326.700581
246,326.657571
247,326.524821
248,326.472109
249,326.445601
250,326.428502
251,326.415441
252,326.404617
253,326.395419
254,326.387812
255,326.382551
256,326.813557
257,326.815482
258,326.817339
259,326.81852
260,326.818868
261,326.818351
262,326.816957
263,326.814663
264,326.811425
265,326.807173
266,326.801814
267,326.795235
268,326.787328
269,326.778067
270,326.767598
271,326.752868
272,326.638653
273,326.581882
274,326.555744
275,326.541764
276,326.532623
277,326.525756
278,326.52028
279,326.515881
280,326.512436
281,326.509905
282,326.508288
283,326.507622
284,326.507976
285,326.509466
286,326.512278
287,326.516751
288,326.523617
289,326.534788
290,326.555879
291,326.604415
292,326.736555
293,326.759942
294,326.771881
295,326.782496
296,326.791595
297,326.79826
298,326.80243
299,326.804243
300,326.803837
301,326.801299
302,326.796654
303,326.789857
304,326.780807
305,326.769377
306,326.755533
307,326.739746
308,326.724367
309,326.707398
310,326.664217
311,326.530744
312,326.477566
313,326.450686
314,326.43326
315,326.4199
316,326.408802
317,326.399354
318,326.391531
319,326.386116
320,326.838683
321,326.840775
322,326.842786
323,326.844085
324,326.844517
325,326.844054
326,326.842687
327,326.840393
328,326.837129
329,326.832823
330,326.827377
331,326.820673
332,326.812593
333,326.803122
334,326.792672
335,326.783151
336,326.754443
337,326.619408
338,326.574684
339,326.555422
340,326.544332
341,326.536492
342,326.5304
343,326.525551
344,326.521759
345,326.518947
346,326.517101
347,326.516244
348,326.516438
349,326.517794
350,326.520493
351,326.524873
352,326.531663
353,326.542773
354,326.563814
355,326.612305
356,326.744387
357,326.767767
358,326.779683
359,326.790265
360,326.799315
361,326.805916
362,326.810006
363,326.811721
364,326.811201
365,326.808532
366,326.803739
367,326.796776
368,326.787543
369,326.775914
370,326.761859
371,326.745858
372,326.730297
373,326.7132
374,326.669898
375,326.535904
376,326.482386
377,326.45523
378,326.437553
379,326.423958
380,326.412638
381,326.402984
382,326.394977
383,326.389426
384,326.855249
385,326.857761
386,326.860183
387,326.861809
388,326.86248
389,326.862176
390,326.860895
391,326.858618
392,326.8553
393,326.850864
394,326.8452
395,326.83817
396,326.829631
397,326.819538
398,326.808314
399,326.798147
400,326.780956
401,326.640631
402,326.590297
403,326.568204
404,326.555659
405,326.546951
406,326.540261
407,326.534962
408,326.530811
409,326.527705
410,326.525609
411,326.524536
412,326.524539
413,326.525722
414,326.528263
415,326.532493
416,326.539142
417,326.550114
418,326.571012
419,326.619338
420,326.751174
421,326.774523
422,326.786359
423,326.796838
424,326.80577
425,326.812246
426,326.816208
427,326.817793
428,326.81714
429,326.814337
430,326.809406
431,326.802304
432,326.79293
433,326.781158
434,326.766959
435,326.750819
436,326.735143
437,326.717967
438,326.67459
439,326.540273
440,326.486539
441,326.4592
442,326.44135
443,326.427585
444,326.416098
445,326.40628
446,326.398121
447,326.392455
448,326.871855
449,326.874829
450,326.877729
451,326.87975
452,326.880718
453,326.880618
454,326.879455
455,326.877212
456,326.873844
457,326.869265
458,326.863354
459,326.855955
460,326.846899
461,326.836119
462,326.824058
463,326.813091
464,326.796326
465,326.655889
466,326.603647
467,326.580038
468,326.566457
469,326.557017
470,326.549779
471,326.544048
472,326.539543
473,326.536137
474,326.533779
475,326.53247
476,326.532254
477,326.533229
478,326.535566
479,326.539593
480,326.546035
481,326.556791
482,326.577454
483,326.625495
484,326.756897
485,326.780193
486,326.791891
487,326.802198
488,326.810942
489,326.817233
490,326.821019
491,326.82244
492,326.821636
493,326.818695
494,326.813639
495,326.806425
496,326.796952
497,326.785092
498,326.770818
499,326.754614
500,326.738891
501,326.721684
502,326.678279
503,326.543837
504,326.490013
505,326.462586
506,326.444641
507,326.430772
508,326.419171
509,326.409233
510,326.400955
511,326.395193
512,326.887939
513,326.891369
514,326.894762
515,326.897201
516,326.898493
517,326.898622
518,326.897599
519,326.89541
520,326.892005
521,326.887297
522,326.88115
523,326.873393
524,326.863842
525,326.852421
526,326.839602
527,326.827941
528,326.811042
529,326.669156
530,326.615661
531,326.591034
532,326.576668
533,326.566618
534,326.558894
535,326.552764
536,326.54792
537,326.544217
538,326.541591
539,326.54003
540,326.539572
541,326.540304
542,326.542395
543,326.546165
544,326.552333
545,326.562794
546,326.583125
547,326.630755
548,326.761524
549,326.784743
550,326.796239
551,326.806302
552,326.814785
553,326.820827
554,326.824387
555,326.825609
556,326.824635
557,326.821552
558,326.816384
559,326.809088
560,326.799559
561,326.787672
562,326.773394
563,326.757205
564,326.741505
565,326.72432
566,326.680935
567,326.546581
568,326.492799
569,326.465383
570,326.447424
571,326.433519
572,326.421859
573,326.411845
574,326.403481
575,326.397643
576,326.902018
577,326.905855
578,326.909699
579,326.912533
580,326.914137
581,326.914498
582,326.913624
583,326.911506
584,326.908092
585,326.903289
586,326.896955
587,326.888908
588,326.878955
589,326.86702
590,326.853612
591,326.841428
592,326.824404
593,326.681083
594,326.62662
595,326.601235
596,326.586256
597,326.575705
598,326.567562
599,326.561074
600,326.555915
601,326.551927
602,326.549032
603,326.547209
604,326.546487
605,326.546947
606,326.548748
607,326.552206
608,326.558033
609,326.568113
610,326.588008
611,326.635085
612,326.764998
613,326.788112
614,326.799337
615,326.809074
616,326.817213
617,326.822935
618,326.826215
619,326.827201
620,326.826036
621,326.822809
622,326.817542
623,326.810193
624,326.800657
625,326.788806
626,326.774604
627,326.758519
628,326.742922
629,326.725816
630,326.682508
631,326.548477
632,326.494882
633,326.467586
634,326.4497
635,326.435828
636,326.424167
637,326.414121
638,326.405703
639,326.399809
640,326.913859
641,326.918046
642,326.922286
643,326.925474
644,326.92737
645,326.927952
646,326.927233
647,326.925202
648,326.921809
649,326.916955
650,326.910496
651,326.902243
652,326.891999
653,326.879692
654,326.865863
655,326.85331
656,326.836195
657,326.691776
658,326.636593
659,326.610646
660,326.595198
661,326.584246
662,326.575755
663,326.568957
664,326.563514
665,326.559256
666,326.556097
667,326.554006
668,326.553002
669,326.55316
670,326.55463
671,326.557719
672,326.563132
673,326.57274
674,326.592078
675,326.63844
676,326.767233
677,326.79021
678,326.80108
679,326.810395
680,326.818095
681,326.823418
682,326.826357
683,326.827066
684,326.825688
685,326.822313
686,326.816962
687,326.809593
688,326.800101
689,326.788358
690,326.774322
691,326.758442
692,326.743043
693,326.726086
694,326.68292
695,326.549487
696,326.496246
697,326.469191
698,326.451473
699,326.43771
700,326.426106
701,326.416074
702,326.407634
703,326.401704
704,326.923546
705,326.928026
706,326.932605
707,326.936104
708,326.938262
709,326.939053
710,326.938491
711,326.936565
712,326.933223
713,326.928366
714,326.921847
715,326.913474
716,326.903048
717,326.890505
718,326.876406
719,326.863616
720,326.846442
721,326.701282
722,326.645607
723,326.619266
724,326.603479
725,326.592224
726,326.583457
727,326.576401
728,326.570708
729,326.566202
730,326.562787
731,326.560424
732,326.559125
733,326.558953
734,326.560051
735,326.562714
736,326.567634
737,326.576665
738,326.595306
739,326.640758
740,326.768116
741,326.790916
742,326.801327
743,326.810103
744,326.817254
745,326.822087
746,326.824618
747,326.825004
748,326.82339
749,326.819863
750,326.814444
751,326.80709
752,326.7977
753,326.786145
754,326.772377
755,326.756823
756,326.741734
757,326.725013
758,326.682068
759,326.549558
760,326.496869
761,326.470196
762,326.452752
763,326.439178
764,326.427693
765,326.41772
766,326.409292
767,326.403343
768,326.931204
769,326.935923
770,326.940784
771,326.944549
772,326.946938
773,326.947926
774,326.947521
775,326.945715
776,326.942455
777,326.937643
778,326.931129
779,326.922721
780,326.91222
781,326.899566
782,326.885332
783,326.87242
784,326.855213
785,326.70964
786,326.653681
787,326.627102
788,326.611095
789,326.599633
790,326.590663
791,326.583402
792,326.577499
793,326.572769
794,326.56911
795,326.566477
796,326.56487
797,326.564345
798,326.565031
799,326.567209
800,326.57155
801,326.579881
802,326.597654
803,326.641958
804,326.767518
805,326.790092
806,326.799913
807,326.808008
808,326.814479
809,326.818722
810,326.820773
811,326.820792
812,326.818919
813,326.815236
814,326.809764
815,326.802462
816,326.793234
817,326.781953
818,326.768569
819,326.753483
820,326.738845
821,326.722467
822,326.679835
823,326.548615
824,326.496719
825,326.470601
826,326.453553
827,326.440256
828,326.428953
829,326.419084
830,326.410698
831,326.40475
832,326.93692
833,326.941826
834,326.946912
835,326.950898
836,326.95349
837,326.954658
838,326.954411
839,326.95274
840,326.949593
841,326.944872
842,326.938427
843,326.930067
844,326.919595
845,326.906948
846,326.892705
847,326.879777
848,326.862562
849,326.716883
850,326.660834
851,326.634162
852,326.618053
853,326.606476
854,326.597376
855,326.589968
856,326.583895
857,326.578969
858,326.575082
859,326.572182
860,326.570261
861,326.569363
862,326.5696
863,326.571234
864,326.574901
865,326.582377
866,326.59904
867,326.641875
868,326.765332
869,326.787636
870,326.796704
871,326.803955
872,326.80961
873,326.813163
874,326.814669
875,326.814281
876,326.81213
877,326.808291
878,326.802782
879,326.795567
880,326.786556
881,326.775633
882,326.762754
883,326.748291
884,326.734267
885,326.718361
886,326.676108
887,326.546486
888,326.495714
889,326.470395
890,326.453899
891,326.440977
892,326.42992
893,326.420198
894,326.411884
895,326.405953
896,326.940725
897,326.945765
898,326.951022
899,326.955183
900,326.957947
901,326.959279
902,326.95919
903,326.957668
904,326.954664
905,326.95008
906,326.943769
907,326.93554
908,326.925196
909,326.912675
910,326.898547
911,326.885705
912,326.868508
913,326.723023
914,326.667077
915,326.640457
916,326.624363
917,326.612765
918,326.60361
919,326.596112
920,326.589913
921,326.584821
922,326.580725
923,326.577567
924,326.575329
925,326.574042
926,326.5738
927,326.57483
928,326.577711
929,326.584106
930,326.599211
931,326.639918
932,326.761464
933,326.783664
934,326.791831
935,326.798096
936,326.802833
937,326.805639
938,326.806571
939,326.805765
940,326.803335
941,326.799347
942,326.793817
943,326.786711
944,326.777953
945,326.767444
946,326.755155
947,326.741446
948,326.728191
949,326.712826
950,326.670525
951,326.542503
952,326.493592
953,326.469534
954,326.453818
955,326.441385
956,326.430637
957,326.421102
958,326.412884
959,326.406983
960,326.942587
961,326.947707
962,326.953078
963,326.957369
964,326.960274
965,326.961755
966,326.961822
967,326.960463
968,326.957632
969,326.953231
970,326.947116
971,326.939101
972,326.928988
973,326.916713
974,326.90283
975,326.890183
976,326.873029
977,326.728058
978,326.672416
979,326.646001
980,326.630041
981,326.618519
982,326.609385
983,326.601856
984,326.595575
985,326.59035
986,326.586067
987,326.582663
988,326.580111
989,326.578428
990,326.577684
991,326.578058
992,326.580021
993,326.58496
994,326.597408
995,326.633297
996,326.752711
997,326.779107
998,326.786499
999,326.791844
1000,326.795765
1001,326.79793
1002,326.798382
1003,326.797233
1004,326.794579
1005,326.790476
1006,326.784936
1007,326.77793
1008,326.769395
1009,326.759251
1010,326.747495
1011,326.734491
1012,326.721982
1013,326.706633
1014,326.657879
1015,326.53372
1016,326.489593
1017,326.467912
1018,326.45335
1019,326.44154
1020,326.43116
1021,326.421844
1022,326.413741
1023,326.407881
1024,326.94241
1025,326.947558
1026,326.952984
1027,326.95736
1028,326.960374
1029,326.961988
1030,326.962208
1031,326.961026
1032,326.958394
1033,326.95422
1034,326.948366
1035,326.940648
1036,326.930874
1037,326.918973
1038,326.905476
1039,326.893146
1040,326.876064
1041,326.731964
1042,326.676853
1043,326.650807
1044,326.635111
1045,326.623765
1046,326.61473
1047,326.60723
1048,326.600912
1049,326.595588
1050,326.591143
1051,326.587508
1052,326.584652
1053,326.582576
1054,326.581322
1055,326.581009
1056,326.581938
1057,326.584932
1058,326.592354
1059,326.610888
1060,326.657163
1061,326.753345
1062,326.770603
1063,326.776155
1064,326.779895
1065,326.781907
1066,326.782244
1067,326.781015
1068,326.778309
1069,326.774179
1070,326.768638
1071,326.761659
1072,326.753179
1073,326.743124
1074,326.731492
1075,326.718597
1076,326.704949
1077,326.662941
1078,326.563862
1079,326.510196
1080,326.48262
1081,326.465542
1082,326.4526
1083,326.44153
1084,326.431557
1085,326.422477
1086,326.414501
1087,326.408688
1088,326.940056
1089,326.945174
1090,326.950598
1091,326.955011
1092,326.958104
1093,326.959833
1094,326.960204
1095,326.959209
1096,326.956802
1097,326.952898
1098,326.947364
1099,326.940027
1100,326.9307
1101,326.919312
1102,326.90636
1103,326.894487
1104,326.877514
1105,326.734697
1106,326.680379
1107,326.654893
1108,326.639602
1109,326.628537
1110,326.619681
1111,326.612269
1112,326.605961
1113,326.600571
1114,326.595989
1115,326.592145
1116,326.589
1117,326.586544
1118,326.584794
1119,326.583812
1120,326.583754
1121,326.584999
1122,326.58848
1123,326.596286
1124,326.611913
1125,326.635693
1126,326.645109
1127,326.648841
1128,326.650446
1129,326.650643
1130,326.649601
1131,326.647389
1132,326.644051
1133,326.639609
1134,326.634066
1135,326.627407
1136,326.6196
1137,326.610602
1138,326.600361
1139,326.588721
1140,326.574669
1141,326.552479
1142,326.519534
1143,326.494526
1144,326.476917
1145,326.46336
1146,326.451847
1147,326.441479
1148,326.431904
1149,326.423061
1150,326.415212
1151,326.409447
1152,326.935399
1153,326.940429
1154,326.945793
1155,326.9502
1156,326.953341
1157,326.955169
1158,326.955687
1159,326.954885
1160,326.952723
1161,326.949122
1162,326.94396
1163,326.937079
1164,326.928304
1165,326.917568
1166,326.905333
1167,326.894085
1168,326.877259
1169,326.736172
1170,326.682972
1171,326.658281
1172,326.643556
1173,326.632885
1174,326.624286
1175,326.617021
1176,326.610764
1177,326.605342
1178,326.60065
1179,326.596618
1180,326.593205
1181,326.590391
1182,326.588175
1183,326.586578
1184,326.585663
1185,326.585569
1186,326.58659
1187,326.589254
1188,326.594107
1189,326.600387
1190,326.603772
1191,326.605082
1192,326.605113
1193,326.604131
1194,326.602209
1195,326.599369
1196,326.595625
1197,326.590981
1198,326.585437
1199,326.578982
1200,326.571603
1201,326.563281
1202,326.553987
1203,326.543634
1204,326.531858
1205,326.517639
1206,326.501146
1207,326.486128
1208,326.473181
1209,326.461737
1210,326.451272
1211,326.441492
1212,326.432277
1213,326.423652
1214,326.415923
1215,326.410203
1216,326.928552
1217,326.933441
1218,326.938696
1219,326.943061
1220,326.946225
1221,326.948134
1222,326.948788
1223,326.948177
1224,326.946264
1225,326.94298
1226,326.938218
1227,326.931835
1228,326.923682
1229,326.913706
1230,326.90234
1231,326.891883
1232,326.875213
1233,326.736124
1234,326.68453
1235,326.66098
1236,326.647026
1237,326.636869
1238,326.628604
1239,326.621537
1240,326.61537
1241,326.609946
1242,326.605168
1243,326.600972
1244,326.597315
1245,326.594172
1246,326.591529
1247,326.589383
1248,326.587747
1249,326.586652
1250,326.586158
1251,326.586345
1252,326.587203
1253,326.588331
1254,326.58874
1255,326.588331
1256,326.587179
1257,326.585311
1258,326.582722
1259,326.579401
1260,326.575343
1261,326.570541
1262,326.564991
1263,326.558687
1264,326.551626
1265,326.543807
1266,326.535234
1267,326.525904
1268,326.515768
1269,326.504739
1270,326.493082
1271,326.481688
1272,326.470896
1273,326.460683
1274,326.450955
1275,326.441645
1276,326.432735
1277,326.424303
1278,326.416678
1279,326.410997
1280,326.920641
1281,326.925368
1282,326.930498
1283,326.934805
1284,326.937973
1285,326.939941
1286,326.940705
1287,326.940253
1288,326.938554
1289,326.935545
1290,326.931134
1291,326.9252
1292,326.917619
1293,326.908362
1294,326.897856
1295,326.888214
1296,326.870667
1297,326.73334
1298,326.684682
1299,326.662965
1300,326.650078
1301,326.640568
1302,326.632706
1303,326.625881
1304,326.619834
1305,326.614432
1306,326.60959
1307,326.605251
1308,326.601375
1309,326.597933
1310,326.594906
1311,326.592277
1312,326.590036
1313,326.58817
1314,326.586664
1315,326.585487
1316,326.584553
1317,326.583663
1318,326.582507
1319,326.580942
1320,326.5789
1321,326.576334
1322,326.573207
1323,326.569492
1324,326.565171
1325,326.560233
1326,326.55467
1327,326.548481
1328,326.541668
1329,326.534239
1330,326.526216
1331,326.517629
1332,326.508521
1333,326.498957
1334,326.489109
1335,326.479257
1336,326.469576
1337,326.460128
1338,326.450929
1339,326.441987
1340,326.43333
1341,326.425058
1342,326.41752
1343,326.411868
1344,326.908898
1345,326.913479
1346,326.918503
1347,326.922758
1348,326.925922
1349,326.927927
1350,326.928764
1351,326.928423
1352,326.926874
1353,326.924061
1354,326.919903
1355,326.914295
1356,326.907136
1357,326.898416
1358,326.888505
1359,326.878933
1360,326.835832
1361,326.722264
1362,326.682499
1363,326.664193
1364,326.652809
1365,326.644082
1366,326.636677
1367,326.63012
1368,326.624213
1369,326.618849
1370,326.61396
1371,326.609497
1372,326.605424
1373,326.601714
1374,326.598344
1375,326.595293
1376,326.59254
1377,326.590058
1378,326.587811
1379,326.585749
1380,326.583791
1381,326.581821
1382,326.579698
1383,326.577314
1384,326.574589
1385,326.571464
1386,326.567894
1387,326.563847
1388,326.559302
1389,326.554244
1390,326.548664
1391,326.542562
1392,326.53594
1393,326.528814
1394,326.521207
1395,326.513158
1396,326.50472
1397,326.495968
1398,326.487008
1399,326.47797
1400,326.468953
1401,326.460021
1402,326.451212
1403,326.442557
1404,326.434101
1405,326.425957
1406,326.418484
1407,326.41285
1408,326.870668
1409,326.875123
1410,326.880051
1411,326.884258
1412,326.887418
1413,326.889456
1414,326.890361
1415,326.890122
1416,326.888713
1417,326.886083
1418,326.88216
1419,326.876854
1420,326.870075
1421,326.861787
1422,326.851885
1423,326.836279
1424,326.748305
1425,326.701474
1426,326.678398
1427,326.664998
1428,326.655419
1429,326.647542
1430,326.640609
1431,326.634329
1432,326.628567
1433,326.623248
1434,326.618321
1435,326.613748
1436,326.609499
1437,326.605548
1438,326.601874
1439,326.598453
1440,326.595263
1441,326.592274
1442,326.589448
1443,326.586735
1444,326.584073
1445,326.581382
1446,326.578575
1447,326.575574
1448,326.572312
1449,326.568734
1450,326.564799
1451,326.560475
1452,326.555738
1453,326.550573
1454,326.544972
1455,326.538933
1456,326.53246
1457,326.525566
1458,326.518274
1459,326.510618
1460,326.502645
1461,326.494414
1462,326.485997
1463,326.477469
1464,326.468897
1465,326.460334
1466,326.451817
1467,326.443383
1468,326.435081
1469,326.427032
1470,326.419604
1471,326.413975
1472,326.758407
1473,326.762449
1474,326.767022
1475,326.771042
1476,326.774188
1477,326.776371
1478,326.777567
1479,326.777765
1480,326.776949
1481,326.775094
1482,326.772165
1483,326.76812
1484,326.762902
1485,326.756386
1486,326.748047
1487,326.735353
1488,326.709297
1489,326.689516
1490,326.676134
1491,326.666292
1492,326.658216
1493,326.651098
1494,326.644602
1495,326.638579
1496,326.632953
1497,326.627677
1498,326.622716
1499,326.618041
1500,326.61363
1501,326.609461
1502,326.605515
1503,326.60177
1504,326.598204
1505,326.594789
1506,326.591491
1507,326.588267
1508,326.585068
1509,326.581834
1510,326.578505
1511,326.575021
1512,326.571329
1513,326.567383
1514,326.563146
1515,326.558589
1516,326.553689
1517,326.548432
1518,326.542808
1519,326.536815
1520,326.530455
1521,326.52374
1522,326.516687
1523,326.509324
1524,326.501687
1525,326.493821
1526,326.485775
1527,326.477602
1528,326.469348
1529,326.461054
1530,326.452756
1531,326.444486
1532,326.436298
1533,326.428314
1534,326.420908
1535,326.415272
1536,326.71941
1537,326.723247
1538,326.727643
1539,326.731577
1540,326.734736
1541,326.737024
1542,326.738413
1543,326.738891
1544,326.738449
1545,326.737074
1546,326.734755
1547,326.731476
1548,326.727217
1549,326.721921
1550,326.715381
1551,326.706945
1552,326.695611
1553,326.685102
1554,326.676168
1555,326.668404
1556,326.661385
1557,326.65487
1558,326.64874
1559,326.642937
1560,326.637426
1561,326.63218
1562,326.62718
1563,326.622407
1564,326.617844
1565,326.613474
1566,326.609283
1567,326.605251
1568,326.601358
1569,326.59758
1570,326.593888
1571,326.590246
1572,326.586616
1573,326.582951
1574,326.579206
1575,326.575335
1576,326.571295
1577,326.567048
1578,326.562563
1579,326.557812
1580,326.552777
1581,326.547441
1582,326.541795
1583,326.535835
1584,326.529563
1585,326.522984
1586,326.516114
1587,326.508972
1588,326.501585
1589,326.493986
1590,326.48621
1591,326.478293
1592,326.470272
1593,326.462177
1594,326.454039
1595,326.445888
1596,326.437775
1597,326.429828
1598,326.422424
1599,326.416768
1600,326.704655
1601,326.70838
1602,326.712688
1603,326.716595
1604,326.719794
1605,326.722186
1606,326.723738
1607,326.72444
1608,326.724286
1609,326.723274
1610,326.721404
1611,326.71868
1612,326.71511
1613,326.710698
1614,326.70542
1615,326.6992
1616,326.692059
1617,326.68484
1618,326.677914
1619,326.671318
1620,326.665006
1621,326.658938
1622,326.653094
1623,326.647462
1624,326.642033
1625,326.636798
1626,326.631748
1627,326.626873
1628,326.622162
1629,326.617604
1630,326.613187
1631,326.608897
1632,326.604716
1633,326.600624
1634,326.596597
1635,326.592607
1636,326.588621
1637,326.584605
1638,326.580522
1639,326.576335
1640,326.572012
1641,326.567519
1642,326.56283
1643,326.557922
1644,326.552774
1645,326.547374
1646,326.54171
1647,326.535777
1648,326.529573
1649,326.523103
1650,326.516375
1651,326.509403
1652,326.502206
1653,326.494806
1654,326.48723
1655,326.479504
1656,326.471653
1657,326.463703
1658,326.455677
1659,326.447606
1660,326.439538
1661,326.431601
1662,326.424179
1663,326.418491
1664,326.698844
1665,326.702521
1666,326.706807
1667,326.710736
1668,326.714003
1669,326.716507
1670,326.718215
1671,326.719115
1672,326.719206
1673,326.71849
1674,326.716977
1675,326.714682
1676,326.711629
1677,326.707851
1678,326.703388
1679,326.698294
1680,326.692679
1681,326.68681
1682,326.680872
1683,326.674958
1684,326.669112
1685,326.663359
1686,326.657718
1687,326.652202
1688,326.646816
1689,326.641565
1690,326.636448
1691,326.631461
1692,326.626602
1693,326.621862
1694,326.617235
1695,326.612708
1696,326.608269
1697,326.603901
1698,326.599585
1699,326.595297
1700,326.591014
1701,326.586705
1702,326.582343
1703,326.577899
1704,326.573344
1705,326.568651
1706,326.563798
1707,326.558762
1708,326.553526
1709,326.548076
1710,326.542401
1711,326.536493
1712,326.530348
1713,326.523967
1714,326.517353
1715,326.510516
1716,326.503466
1717,326.49622
1718,326.488795
1719,326.48121
1720,326.473484
1721,326.465636
1722,326.457687
1723,326.449662
1724,326.44161
1725,326.433661
1726,326.426201
1727,326.420468
1728,326.697102
1729,326.700787
1730,326.705107
1731,326.709103
1732,326.712466
1733,326.715096
1734,326.716958
1735,326.718039
1736,326.718342
1737,326.717873
1738,326.716645
1739,326.714682
1740,326.712015
1741,326.708688
1742,326.704755
1743,326.700289
1744,326.695387
1745,326.690179
1746,326.684779
1747,326.679274
1748,326.673723
1749,326.668172
1750,326.662655
1751,326.657195
1752,326.65181
1753,326.64651
1754,326.641304
1755,326.636193
1756,326.631178
1757,326.626258
1758,326.621428
1759,326.616681
1760,326.612005
1761,326.60739
1762,326.60282
1763,326.598276
1764,326.593738
1765,326.589185
1766,326.584591
1767,326.579934
1768,326.575191
1769,326.570337
1770,326.565353
1771,326.560219
1772,326.554919
1773,326.549436
1774,326.54376
1775,326.53788
1776,326.531791
1777,326.525488
1778,326.518972
1779,326.512246
1780,326.505316
1781,326.498192
1782,326.490884
1783,326.483405
1784,326.475769
1785,326.467991
1786,326.460087
1787,326.452081
1788,326.444022
1789,326.436038
1790,326.428522
1791,326.422732
1792,326.697809
1793,326.701552
1794,326.705959
1795,326.710063
1796,326.713552
1797,326.716322
1798,326.718337
1799,326.719586
1800,326.720072
1801,326.719804
1802,326.718799
1803,326.717085
1804,326.714695
1805,326.711676
1806,326.708085
1807,326.703989
1808,326.69947
1809,326.694618
1810,326.689517
1811,326.684244
1812,326.678858
1813,326.67341
1814,326.667939
1815,326.662475
1816,326.657043
1817,326.651659
1818,326.646336
1819,326.641082
1820,326.635902
1821,326.630798
1822,326.625768
1823,326.620809
1824,326.615914
1825,326.611073
1826,326.606276
1827,326.601507
1828,326.59675
1829,326.591988
1830,326.587201
1831,326.58237
1832,326.577474
1833,326.572494
1834,326.567411
1835,326.562207
1836,326.556864
1837,326.551368
1838,326.545705
1839,326.539864
1840,326.533833
1841,326.527608
1842,326.521182
1843,326.514555
1844,326.507728
1845,326.500704
1846,326.493489
1847,326.486092
1848,326.478522
1849,326.470788
1850,326.462906
1851,326.454897
1852,326.446808
1853,326.438769
1854,326.43118
1855,326.425319
1856,326.700387
1857,326.704234
1858,326.708779
1859,326.713032
1860,326.716675
1861,326.719598
1862,326.721767
1863,326.723171
1864,326.723812
1865,326.723702
1866,326.722862
1867,326.72132
1868,326.719112
1869,326.716285
1870,326.712894
1871,326.709002
1872,326.70468
1873,326.700003
1874,326.695043
1875,326.689867
1876,326.684535
1877,326.679098
1878,326.673597
1879,326.668068
1880,326.662538
1881,326.65703
1882,326.65156
1883,326.646141
1884,326.640781
1885,326.635484
1886,326.630253
1887,326.625087
1888,326.619982
1889,326.614932
1890,326.609927
1891,326.604957
1892,326.600009
1893,326.595069
1894,326.590121
1895,326.585148
1896,326.580132
1897,326.575057
1898,326.569905
1899,326.564657
1900,326.559298
1901,326.553811
1902,326.54818
1903,326.542391
1904,326.536431
1905,326.530288
1906,326.523954
1907,326.517423
1908,326.510691
1909,326.503758
1910,326.496623
1911,326.489292
1912,326.481769
1913,326.474062
1914,326.466182
1915,326.458149
1916,326.450011
1917,326.441898
1918,326.434218
1919,326.428273
1920,326.704619
1921,326.708615
1922,326.713348
1923,326.717791
1924,326.721614
1925,326.724705
1926,326.727028
1927,326.728572
1928,326.729341
1929,326.729348
1930,326.728615
1931,326.727173
1932,326.72506
1933,326.722322
1934,326.719013
1935,326.715195
1936,326.710933
1937,326.706294
1938,326.701347
1939,326.696155
1940,326.690775
1941,326.685261
1942,326.679655
1943,326.673997
1944,326.668318
1945,326.662642
1946,326.656991
1947,326.651379
1948,326.645819
1949,326.640318
1950,326.63488
1951,326.629507
1952,326.624197
1953,326.618947
1954,326.613751
1955,326.608599
1956,326.603483
1957,326.59839
1958,326.593307
1959,326.58822
1960,326.583115
1961,326.577974
1962,326.572782
1963,326.567521
1964,326.562173
1965,326.556721
1966,326.551146
1967,326.54543
1968,326.539558
1969,326.533513
1970,326.527281
1971,326.520852
1972,326.514218
1973,326.507371
1974,326.500311
1975,326.493037
1976,326.48555
1977,326.477855
1978,326.469963
1979,326.46189
1980,326.453684
1981,326.445479
1982,326.43769
1983,326.431646
1984,326.710436
1985,326.714627
1986,326.719595
1987,326.724268
1988,326.7283
1989,326.731573
1990,326.73405
1991,326.73572
1992,326.736588
1993,326.73667
1994,326.735988
1995,326.734576
1996,326.732473
1997,326.729727
1998,326.726394
1999,326.722533
2000,326.71821
2001,326.713491
2002,326.708442
2003,326.703126
2004,326.697602
2005,326.691924
2006,326.686137
2007,326.680284
2008,326.674398
2009,326.668508
2010,326.662636
2011,326.656802
2012,326.651019
2013,326.645297
2014,326.639643
2015,326.634059
2016,326.628546
2017,326.623103
2018,326.617725
2019,326.612407
2020,326.60714
2021,326.601916
2022,326.596723
2023,326.591549
2024,326.586381
2025,326.581204
2026,326.576002
2027,326.570758
2028,326.565453
2029,326.560067
2030,326.554579
2031,326.548967
2032,326.543209
2033,326.537284
2034,326.531174
2035,326.524862
2036,326.518335
2037,326.511583
2038,326.504598
2039,326.497378
2040,326.489922
2041,326.482231
2042,326.474313
2043,326.466187
2044,326.457897
2045,326.44958
2046,326.441662
2047,326.435503
2048,326.717851
2049,326.722283
2050,326.727537
2051,326.732482
2052,326.73675
2053,326.740219
2054,326.74285
2055,326.744631
2056,326.745569
2057,326.745681
2058,326.744992
2059,326.743537
2060,326.74136
2061,326.738512
2062,326.735049
2063,326.731034
2064,326.726536
2065,326.721621
2066,326.716357
2067,326.710811
2068,326.705044
2069,326.699112
2070,326.693065
2071,326.686947
2072,326.680794
2073,326.674638
2074,326.668505
2075,326.662415
2076,326.656382
2077,326.65042
2078,326.644535
2079,326.638732
2080,326.633014
2081,326.627381
2082,326.62183
2083,326.616356
2084,326.610954
2085,326.605617
2086,326.600335
2087,326.595099
2088,326.589896
2089,326.584713
2090,326.579535
2091,326.574343
2092,326.569117
2093,326.563836
2094,326.558473
2095,326.553002
2096,326.547395
2097,326.541625
2098,326.535666
2099,326.529495
2100,326.523095
2101,326.51645
2102,326.50955
2103,326.502388
2104,326.494961
2105,326.487268
2106,326.479317
2107,326.471123
2108,326.462733
2109,326.454286
2110,326.446218
2111,326.439927
2112,326.726941
2113,326.731661
2114,326.737254
2115,326.742513
2116,326.747047
2117,326.750728
2118,326.753511
2119,326.755387
2120,326.756363
2121,326.756458
2122,326.7557
2123,326.754128
2124,326.751789
2125,326.748737
2126,326.745036
2127,326.740753
2128,326.73596
2129,326.73073
2130,326.725137
2131,326.71925
2132,326.713137
2133,326.706857
2134,326.700464
2135,326.694005
2136,326.687521
2137,326.681044
2138,326.674602
2139,326.668217
2140,326.661904
2141,326.655678
2142,326.649546
2143,326.643515
2144,326.637587
2145,326.631763
2146,326.626043
2147,326.620423
2148,326.614899
2149,326.609465
2150,326.604115
2151,326.598841
2152,326.593631
2153,326.588474
2154,326.583354
2155,326.578254
2156,326.573152
2157,326.568022
2158,326.562834
2159,326.557554
2160,326.552148
2161,326.546578
2162,326.540811
2163,326.534818
2164,326.528574
2165,326.522059
2166,326.515259
2167,326.508164
2168,326.500769
2169,326.493074
2170,326.485081
2171,326.476808
2172,326.468301
2173,326.459703
2174,326.451463
2175,326.445019
2176,326.737838
2177,326.742899
2178,326.748888
2179,326.754508
2180,326.759341
2181,326.763247
2182,326.766182
2183,326.768135
2184,326.769114
2185,326.76914
2186,326.768246
2187,326.766473
2188,326.763875
2189,326.760513
2190,326.756455
2191,326.751778
2192,326.746562
2193,326.740889
2194,326.73484
2195,326.728493
2196,326.721921
2197,326.71519
2198,326.708359
2199,326.701478
2200,326.69459
2201,326.687731
2202,326.680929
2203,326.674207
2204,326.667581
2205,326.661065
2206,326.654667
2207,326.648393
2208,326.642247
2209,326.636231
2210,326.630343
2211,326.624584
2212,326.618949
2213,326.613434
2214,326.608036
2215,326.602747
2216,326.597559
2217,326.592462
2218,326.587441
2219,326.58248
2220,326.577553
2221,326.572633
2222,326.567684
2223,326.562663
2224,326.557524
2225,326.552218
2226,326.546701
2227,326.540933
2228,326.534884
2229,326.52853
2230,326.521852
2231,326.51484
2232,326.507486
2233,326.499788
2234,326.491749
2235,326.483386
2236,326.474745
2237,326.465974
2238,326.457536
2239,326.450916
2240,326.75074
2241,326.756199
2242,326.762648
2243,326.768681
2244,326.773847
2245,326.777996
2246,326.781081
2247,326.783089
2248,326.784031
2249,326.783931
2250,326.782824
2251,326.780758
2252,326.777792
2253,326.773996
2254,326.769449
2255,326.764237
2256,326.758454
2257,326.752193
2258,326.745546
2259,326.738604
2260,326.731447
2261,326.72415
2262,326.716778
2263,326.709384
2264,326.702014
2265,326.694706
2266,326.687487
2267,326.680381
2268,326.673404
2269,326.666568
2270,326.659881
2271,326.65335
2272,326.646976
2273,326.640763
2274,326.634709
2275,326.628815
2276,326.623078
2277,326.617498
2278,326.61207
2279,326.606791
2280,326.601656
2281,326.596655
2282,326.591779
2283,326.587009
2284,326.582323
2285,326.577689
2286,326.573065
2287,326.568398
2288,326.563623
2289,326.55867
2290,326.553479
2291,326.548002
2292,326.542201
2293,326.536048
2294,326.529523
2295,326.522614
2296,326.515312
2297,326.507615
2298,326.499527
2299,326.491063
2300,326.48227
2301,326.473302
2302,326.464636
2303,326.457813
2304,326.765914
2305,326.771836
2306,326.778814
2307,326.785318
2308,326.790858
2309,326.795269
2310,326.7985
2311,326.800541
2312,326.801401
2313,326.801107
2314,326.7997
2315,326.797233
2316,326.793773
2317,326.789401
2318,326.784209
2319,326.778299
2320,326.771779
2321,326.764761
2322,326.757353
2323,326.749659
2324,326.741774
2325,326.73378
2326,326.72575
2327,326.717741
2328,326.709802
2329,326.701969
2330,326.694272
2331,326.686731
2332,326.679362
2333,326.672173
2334,326.665174
2335,326.658366
2336,326.651754
2337,326.645337
2338,326.639116
2339,326.63309
2340,326.627261
2341,326.621627
2342,326.616189
2343,326.610945
2344,326.605894
2345,326.601031
2346,326.596349
2347,326.591836
2348,326.587472
2349,326.583227
2350,326.579056
2351,326.574892
2352,326.570637
2353,326.566174
2354,326.561421
2355,326.556322
2356,326.550837
2357,326.544937
2358,326.538603
2359,326.531822
2360,326.524587
2361,326.516899
2362,326.508758
2363,326.500182
2364,326.491219
2365,326.482025
2366,326.473098
2367,326.466042
2368,326.783707
2369,326.790168
2370,326.797757
2371,326.804799
2372,326.810756
2373,326.815451
2374,326.818826
2375,326.82087
2376,326.821596
2377,326.821031
2378,326.819222
2379,326.816227
2380,326.812125
2381,326.807008
2382,326.800985
2383,326.794179
2384,326.78672
2385,326.778743
2386,326.770379
2387,326.76175
2388,326.752968
2389,326.744126
2390,326.735305
2391,326.726566
2392,326.71796
2393,326.709521
2394,326.701277
2395,326.693246
2396,326.685439
2397,326.677864
2398,326.670524
2399,326.663421
2400,326.656556
2401,326.649928
2402,326.643537
2403,326.637384
2404,326.631469
2405,326.625794
2406,326.620363
2407,326.615179
2408,326.610245
2409,326.605563
2410,326.601134
2411,326.596956
2412,326.593021
2413,326.589317
2414,326.585816
2415,326.582444
2416,326.579027
2417,326.575298
2418,326.571153
2419,326.566553
2420,326.561473
2421,326.55589
2422,326.549793
2423,326.543172
2424,326.536025
2425,326.528352
2426,326.520158
2427,326.511459
2428,326.502304
2429,326.492853
2430,326.483626
2431,326.476299
2432,326.80457
2433,326.811656
2434,326.81995
2435,326.827607
2436,326.834034
2437,326.839036
2438,326.842552
2439,326.844568
2440,326.845097
2441,326.844172
2442,326.841839
2443,326.838167
2444,326.833244
2445,326.827177
2446,326.820098
2447,326.812154
2448,326.803507
2449,326.794324
2450,326.784765
2451,326.774981
2452,326.765102
2453,326.755237
2454,326.745472
2455,326.735873
2456,326.726489
2457,326.717354
2458,326.708489
2459,326.699908
2460,326.691617
2461,326.683617
2462,326.675909
2463,326.66849
2464,326.661358
2465,326.654511
2466,326.647946
2467,326.641666
2468,326.635671
2469,326.629967
2470,326.62456
2471,326.619459
2472,326.614675
2473,326.61022
2474,326.606108
2475,326.60236
2476,326.599007
2477,326.596101
2478,326.593711
2479,326.59183
2480,326.590101
2481,326.587623
2482,326.584373
2483,326.580447
2484,326.575888
2485,326.570706
2486,326.564903
2487,326.558481
2488,326.551444
2489,326.543798
2490,326.53555
2491,326.526715
2492,326.517343
2493,326.507599
2494,326.498024
2495,326.49038
2496,326.829082
2497,326.836895
2498,326.846006
2499,326.854366
2500,326.861323
2501,326.866661
2502,326.870313
2503,326.872264
2504,326.872528
2505,326.871135
2506,326.868138
2507,326.86361
2508,326.857648
2509,326.850381
2510,326.841963
2511,326.832578
2512,326.822429
2513,326.811728
2514,326.800681
2515,326.789472
2516,326.778257
2517,326.76716
2518,326.756275
2519,326.745669
2520,326.735387
2521,326.725456
2522,326.715891
2523,326.706696
2524,326.69787
2525,326.689407
2526,326.681301
2527,326.673545
2528,326.666131
2529,326.659054
2530,326.652312
2531,326.645905
2532,326.639836
2533,326.634112
2534,326.628744
2535,326.623748
2536,326.619146
2537,326.614963
2538,326.611239
2539,326.60804
2540,326.605494
2541,326.603861
2542,326.603609
2543,326.605238
2544,326.608082
2545,326.608065
2546,326.606198
2547,326.603201
2548,326.599329
2549,326.594662
2550,326.589232
2551,326.583061
2552,326.576167
2553,326.568562
2554,326.560256
2555,326.551267
2556,326.541643
2557,326.531552
2558,326.521562
2559,326.513539
2560,326.858017
2561,326.866678
2562,326.876734
2563,326.885903
2564,326.893458
2565,326.899166
2566,326.90295
2567,326.904794
2568,326.90471
2569,326.902729
2570,326.8989
2571,326.893301
2572,326.886039
2573,326.877257
2574,326.867143
2575,326.855923
2576,326.843861
2577,326.831239
2578,326.818326
2579,326.805356
2580,326.792514
2581,326.77994
2582,326.767732
2583,326.755953
2584,326.744638
2585,326.733805
2586,326.723455
2587,326.71358
2588,326.704167
2589,326.695202
2590,326.686669
2591,326.678553
2592,326.670842
2593,326.663527
2594,326.656602
2595,326.650067
2596,326.643926
2597,326.638189
2598,326.632873
2599,326.628002
2600,326.623608
2601,326.619741
2602,326.616478
2603,326.613971
2604,326.612566
2605,326.613097
2606,326.617438
2607,326.62878
2608,326.647725
2609,326.652615
2610,326.652791
2611,326.651088
2612,326.648169
2613,326.644212
2614,326.639294
2615,326.633467
2616,326.626769
2617,326.619227
2618,326.610857
2619,326.601677
2620,326.591732
2621,326.581193
2622,326.570661
2623,326.56214
2624,326.892493
2625,326.902145
2626,326.913297
2627,326.923395
2628,326.931631
2629,326.937745
2630,326.941658
2631,326.943349
2632,326.942826
2633,326.940115
2634,326.935259
2635,326.928334
2636,326.919447
2637,326.908757
2638,326.896477
2639,326.882886
2640,326.868334
2641,326.853227
2642,326.837942
2643,326.822777
2644,326.80795
2645,326.793609
2646,326.779845
2647,326.766708
2648,326.754217
2649,326.742368
2650,326.731144
2651,326.720522
2652,326.710472
2653,326.700965
2654,326.691976
2655,326.683479
2656,326.675456
2657,326.667893
2658,326.66078
2659,326.654116
2660,326.647905
2661,326.642161
2662,326.636905
2663,326.632171
2664,326.628007
2665,326.624488
2666,326.621748
2667,326.620077
2668,326.620233
2669,326.624346
2670,326.638403
2671,326.677405
2672,326.764369
2673,326.773831
2674,326.776041
2675,326.776228
2676,326.774851
2677,326.77206
2678,326.767981
2679,326.762716
2680,326.756343
2681,326.748911
2682,326.74045
2683,326.730976
2684,326.720531
2685,326.709279
2686,326.697863
2687,326.688507
2688,326.934401
2689,326.945212
2690,326.957638
2691,326.968806
2692,326.977814
2693,326.98438
2694,326.988418
2695,326.989904
2696,326.98884
2697,326.98524
2698,326.979133
2699,326.970577
2700,326.959669
2701,326.94656
2702,326.931468
2703,326.914702
2704,326.896733
2705,326.878255
2706,326.85985
2707,326.841902
2708,326.824636
2709,326.80818
2710,326.792596
2711,326.777899
2712,326.764078
2713,326.751096
2714,326.738912
2715,326.727476
2716,326.716738
2717,326.706653
2718,326.697181
2719,326.688284
2720,326.679936
2721,326.672116
2722,326.664809
2723,326.658013
2724,326.651732
2725,326.645982
2726,326.640791
2727,326.636201
2728,326.632277
2729,326.629124
2730,326.626938
2731,326.62618
2732,326.628158
2733,326.637032
2734,326.667023
2735,326.769499
2736,326.810886
2737,326.814529
2738,326.81681
2739,326.817441
2740,326.816436
2741,326.813923
2742,326.810042
2743,326.80491
2744,326.798613
2745,326.791208
2746,326.782726
2747,326.773185
2748,326.762622
2749,326.7512
2750,326.739563
2751,326.729971
2752,326.987717
2753,326.999889
2754,327.013798
2755,327.026197
2756,327.036083
2757,327.04315
2758,327.04731
2759,327.048538
2760,327.04682
2761,327.042152
2762,327.034535
2763,327.02399
2764,327.01057
2765,326.994365
2766,326.975502
2767,326.954169
2768,326.930914
2769,326.907349
2770,326.884545
2771,326.862931
2772,326.842625
2773,326.823637
2774,326.805935
2775,326.789465
2776,326.774155
2777,326.759926
2778,326.746696
2779,326.734383
2780,326.722913
2781,326.712217
2782,326.702237
2783,326.692925
2784,326.68424
2785,326.676155
2786,326.668651
2787,326.66172
2788,326.655367
2789,326.64961
2790,326.644482
2791,326.640034
2792,326.636349
2793,326.633556
2794,326.631907
2795,326.631992
2796,326.635474
2797,326.64757
2798,326.68556
2799,326.808154
2800,326.824493
2801,326.828243
2802,326.831132
2803,326.832297
2804,326.831698
2805,326.829483
2806,326.825813
2807,326.820823
2808,326.814609
2809,326.807234
2810,326.798732
2811,326.789121
2812,326.778436
2813,326.766835
2814,326.754958
2815,326.745104
2816,327.062671
2817,327.076449
2818,327.092093
2819,327.105916
2820,327.116803
2821,327.124432
2822,327.128714
2823,327.12962
2824,327.127124
2825,327.121185
2826,327.111757
2827,327.098792
2828,327.082244
2829,327.062031
2830,327.037882
2831,327.00914
2832,326.975597
2833,326.942752
2834,326.912917
2835,326.886144
2836,326.861949
2837,326.839919
2838,326.819772
2839,326.801307
2840,326.784356
2841,326.768772
2842,326.754419
2843,326.741176
2844,326.728934
2845,326.717601
2846,326.707096
2847,326.697355
2848,326.688325
2849,326.67997
2850,326.672263
2851,326.665195
2852,326.658767
2853,326.652999
2854,326.647928
2855,326.643616
2856,326.640154
2857,326.637697
2858,326.636534
2859,326.637331
2860,326.6419
2861,326.655732
2862,326.696216
2863,326.819189
2864,326.834522
2865,326.839088
2866,326.842834
2867,326.844706
2868,326.84465
2869,326.84284
2870,326.839462
2871,326.834668
2872,326.828569
2873,326.821236
2874,326.812708
2875,326.803001
2876,326.792148
2877,326.780301
2878,326.768106
2879,326.757923
2880,327.18918
2881,327.204897
2882,327.222615
2883,327.238122
2884,327.250177
2885,327.258447
2886,327.262853
2887,327.263363
2888,327.259926
2889,327.252455
2890,327.240827
2891,327.224883
2892,327.204411
2893,327.178978
2894,327.14724
2895,327.104925
2896,327.044069
2897,326.989745
2898,326.946685
2899,326.911955
2900,326.882599
2901,326.856898
2902,326.83396
2903,326.813288
2904,326.794559
2905,326.777528
2906,326.76199
2907,326.747774
2908,326.734733
2909,326.722743
2910,326.711701
2911,326.701524
2912,326.692145
2913,326.683517
2914,326.675606
2915,326.668397
2916,326.661891
2917,326.656106
2918,326.651084
2919,326.64689
2920,326.64363
2921,326.641472
2922,326.640731
2923,326.642114
2924,326.647499
2925,326.662457
2926,326.704408
2927,326.829015
2928,326.844485
2929,326.849839
2930,326.854445
2931,326.857057
2932,326.857588
2933,326.856223
2934,326.853169
2935,326.848596
2936,326.842628
2937,326.835344
2938,326.826787
2939,326.816974
2940,326.805932
2941,326.793812
2942,326.781273
2943,326.770752
2944,327.460375
2945,327.478632
2946,327.499039
2947,327.516695
2948,327.53022
2949,327.539283
2950,327.543826
2951,327.543813
2952,327.539161
2953,327.529709
2954,327.515222
2955,327.495383
2956,327.469781
2957,327.437652
2958,327.396155
2959,327.33052
2960,327.1738
2961,327.060024
2962,326.988806
2963,326.940847
2964,326.904456
2965,326.874349
2966,326.848281
2967,326.825224
2968,326.804611
2969,326.786066
2970,326.769302
2971,326.754087
2972,326.740232
2973,326.727577
2974,326.715995
2975,326.705381
2976,326.695654
2977,326.686754
2978,326.678639
2979,326.671289
2980,326.6647
2981,326.65889
2982,326.653903
2983,326.649809
2984,326.64672
2985,326.644816
2986,326.644428
2987,326.646286
2988,326.6523
2989,326.668086
2990,326.711141
2991,326.837409
2992,326.853024
2993,326.859001
2994,326.864316
2995,326.867559
2996,326.868605
2997,326.86764
2998,326.864881
2999,326.860513
3000,326.854667
3001,326.84743
3002,326.838847
3003,326.828935
3004,326.81772
3005,326.805354
3006,326.792507
3007,326.781693
3008,328.174027
3009,328.1965
3010,328.221182
3011,328.242168
3012,328.257932
3013,328.268185
3014,328.272911
3015,328.272075
3016,328.265539
3017,328.253022
3018,328.234099
3019,328.208212
3020,328.17478
3021,328.133628
3022,328.085949
3023,328.022937
3024,327.458199
3025,327.172919
3026,327.042223
3027,326.972772
3028,326.927092
3029,326.89189
3030,326.86244
3031,326.836883
3032,326.814329
3033,326.79424
3034,326.776235
3035,326.760018
3036,326.745348
3037,326.732034
3038,326.719917
3039,326.708873
3040,326.698804
3041,326.689637
3042,326.681322
3043,326.673831
3044,326.667156
3045,326.661314
3046,326.656347
3047,326.65233
3048,326.649378
3049,326.647678
3050,326.647573
3051,326.649803
3052,326.656298
3053,326.672702
3054,326.716589
3055,326.844167
3056,326.859892
3057,326.866329
3058,326.872184
3059,326.875921
3060,326.877382
3061,326.876744
3062,326.874232
3063,326.870036
3064,326.864295
3065,326.857099
3066,326.848495
3067,326.838501
3068,326.827142
3069,326.814569
3070,326.801469
3071,326.790418
3072,328.258754
3073,328.281656
3074,328.306711
3075,328.327973
3076,328.343921
3077,328.35427
3078,328.35901
3079,328.358107
3080,328.351416
3081,328.338649
3082,328.319363
3083,328.292976
3084,328.258883
3085,328.216921
3086,328.169017
3087,328.124788
3088,328.022809
3089,327.328907
3090,327.102215
3091,327.005417
3092,326.949436
3093,326.908938
3094,326.876061
3095,326.847999
3096,326.823511
3097,326.801893
3098,326.782665
3099,326.765462
3100,326.749998
3101,326.736041
3102,326.723406
3103,326.711947
3104,326.701549
3105,326.692126
3106,326.683617
3107,326.675987
3108,326.669224
3109,326.663342
3110,326.658382
3111,326.654417
3112,326.651566
3113,326.650021
3114,326.650127
3115,326.652633
3116,326.659478
3117,326.676327
3118,326.720808
3119,326.849324
3120,326.865127
3121,326.87189
3122,326.878131
3123,326.882232
3124,326.884002
3125,326.883614
3126,326.881294
3127,326.877234
3128,326.871576
3129,326.864414
3130,326.855796
3131,326.845739
3132,326.834267
3133,326.821535
3134,326.808241
3135,326.797008
3136,328.317723
3137,328.342207
3138,328.368771
3139,328.391172
3140,328.407869
3141,328.418606
3142,328.423391
3143,328.422193
3144,328.414849
3145,328.401028
3146,328.380222
3147,328.351749
3148,328.314872
3149,328.269285
3150,328.216935
3151,328.168414
3152,328.085208
3153,327.393749
3154,327.143671
3155,327.033278
3156,326.969877
3157,326.924803
3158,326.88874
3159,326.858292
3160,326.831948
3161,326.808862
3162,326.788461
3163,326.770316
3164,326.754094
3165,326.739527
3166,326.726403
3167,326.714552
3168,326.703844
3169,326.69418
3170,326.685488
3171,326.677726
3172,326.670876
3173,326.664947
3174,326.659978
3175,326.656042
3176,326.653256
3177,326.651814
3178,326.652064
3179,326.654756
3180,326.661834
3181,326.678974
3182,326.723842
3183,326.852966
3184,326.868818
3185,326.875792
3186,326.882288
3187,326.886631
3188,326.888612
3189,326.888398
3190,326.886213
3191,326.882251
3192,326.876657
3193,326.869522
3194,326.860896
3195,326.850796
3196,326.839246
3197,326.826402
3198,326.81297
3199,326.80161
3200,328.382068
3201,328.408267
3202,328.436556
3203,328.460292
3204,328.477878
3205,328.489074
3206,328.493904
3207,328.492338
3208,328.484189
3209,328.469086
3210,328.446445
3211,328.415487
3212,328.375357
3213,328.325666
3214,328.268508
3215,328.215541
3216,328.132108
3217,327.434416
3218,327.174555
3219,327.056559
3220,326.987866
3221,326.939014
3222,326.900128
3223,326.8675
3224,326.839441
3225,326.81499
3226,326.793498
3227,326.774478
3228,326.757554
3229,326.742423
3230,326.728848
3231,326.716638
3232,326.705647
3233,326.695762
3234,326.686903
3235,326.679018
3236,326.672083
3237,326.666103
3238,326.661112
3239,326.657181
3240,326.654426
3241,326.653039
3242,326.653366
3243,326.656158
3244,326.66336
3245,326.680653
3246,326.725722
3247,326.855158
3248,326.871036
3249,326.878119
3250,326.88475
3251,326.889224
3252,326.891323
3253,326.89121
3254,326.889106
3255,326.885207
3256,326.879653
3257,326.87254
3258,326.863914
3259,326.853793
3260,326.842199
3261,326.829289
3262,326.815777
3263,326.804341
3264,328.438441
3265,328.466149
3266,328.496001
3267,328.52097
3268,328.539384
3269,328.551003
3270,328.555861
3271,328.553926
3272,328.544994
3273,328.528654
3274,328.504267
3275,328.470982
3276,328.427872
3277,328.374533
3278,328.313271
3279,328.25668
3280,328.172436
3281,327.465708
3282,327.199142
3283,327.075922
3284,327.003216
3285,326.951262
3286,326.909949
3287,326.8754
3288,326.84581
3289,326.820135
3290,326.797661
3291,326.777854
3292,326.760299
3293,326.744664
3294,326.730687
3295,326.71816
3296,326.706919
3297,326.69684
3298,326.687833
3299,326.679838
3300,326.672824
3301,326.666791
3302,326.661768
3303,326.657821
3304,326.655064
3305,326.653683
3306,326.654023
3307,326.656834
3308,326.664055
3309,326.681369
3310,326.72646
3311,326.855931
3312,326.871812
3313,326.87891
3314,326.885562
3315,326.890062
3316,326.89219
3317,326.892106
3318,326.890031
3319,326.886158
3320,326.880627
3321,326.873529
3322,326.864912
3323,326.85479
3324,326.843187
3325,326.830259
3326,326.816722
3327,326.805262
3328,328.484231
3329,328.513175
3330,328.54433
3331,328.570338
3332,328.589452
3333,328.601422
3334,328.606287
3335,328.604011
3336,328.594376
3337,328.576943
3338,328.551035
3339,328.515756
3340,328.470147
3341,328.41383
3342,328.349317
3343,328.289942
3344,328.205037
3345,327.490478
3346,327.218781
3347,327.091636
3348,327.015801
3349,326.961332
3350,326.917991
3351,326.881808
3352,326.850902
3353,326.824169
3354,326.800845
3355,326.780358
3356,326.762259
3357,326.746192
3358,326.731873
3359,326.719076
3360,326.707625
3361,326.697385
3362,326.688254
3363,326.680166
3364,326.673083
3365,326.666997
3366,326.661934
3367,326.657953
3368,326.655162
3369,326.653743
3370,326.654035
3371,326.656781
3372,326.663918
3373,326.681119
3374,326.726056
3375,326.855278
3376,326.871139
3377,326.878156
3378,326.884715
3379,326.889135
3380,326.891201
3381,326.891077
3382,326.888981
3383,326.8851
3384,326.879573
3385,326.872487
3386,326.863888
3387,326.853789
3388,326.842211
3389,326.829312
3390,326.815805
3391,326.804372
3392,328.519749
3393,328.549658
3394,328.581838
3395,328.60867
3396,328.628335
3397,328.640574
3398,328.645424
3399,328.642845
3400,328.63261
3401,328.614262
3402,328.587098
3403,328.550199
3404,328.502598
3405,328.443956
3406,328.37696
3407,328.315502
3408,328.230098
3409,327.509496
3410,327.233908
3411,327.103787
3412,327.025533
3413,326.969073
3414,326.924099
3415,326.886583
3416,326.854595
3417,326.826988
3418,326.802964
3419,326.781917
3420,326.763373
3421,326.746955
3422,326.732361
3423,326.719352
3424,326.707737
3425,326.697371
3426,326.688146
3427,326.679986
3428,326.672847
3429,326.666714
3430,326.661605
3431,326.657575
3432,326.654722
3433,326.653222
3434,326.653404
3435,326.656005
3436,326.66295
3437,326.679898
3438,326.724486
3439,326.853154
3440,326.868969
3441,326.875799
3442,326.882143
3443,326.886371
3444,326.888287
3445,326.888053
3446,326.885885
3447,326.881965
3448,326.876425
3449,326.86935
3450,326.860779
3451,326.850725
3452,326.83921
3453,326.826388
3454,326.812968
3455,326.801613
3456,328.545914
3457,328.576536
3458,328.609476
3459,328.636916
3460,328.656983
3461,328.669407
3462,328.67422
3463,328.671382
3464,328.660657
3465,328.641576
3466,328.613424
3467,328.575271
3468,328.526153
3469,328.465768
3470,328.396943
3471,328.333968
3472,328.248202
3473,327.523176
3474,327.244736
3475,327.11242
3476,327.032358
3477,326.974391
3478,326.928165
3479,326.889619
3480,326.856793
3481,326.82851
3482,326.803944
3483,326.782469
3484,326.763589
3485,326.746911
3486,326.732117
3487,326.718957
3488,326.70723
3489,326.696782
3490,326.687495
3491,326.679289
3492,326.67211
3493,326.665939
3494,326.660784
3495,326.656692
3496,326.653754
3497,326.652133
3498,326.652147
3499,326.654518
3500,326.661154
3501,326.677692
3502,326.721715
3503,326.849481
3504,326.865222
3505,326.871744
3506,326.877735
3507,326.881652
3508,326.883323
3509,326.882911
3510,326.880624
3511,326.876636
3512,326.871071
3513,326.864005
3514,326.855475
3515,326.845491
3516,326.834073
3517,326.821376
3518,326.808101
3519,326.796878
3520,328.563604
3521,328.594707
3522,328.628156
3523,328.655999
3524,328.676324
3525,328.688849
3526,328.693607
3527,328.690553
3528,328.679447
3529,328.659814
3530,328.630932
3531,328.591868
3532,328.541662
3533,328.480047
3534,328.409945
3535,328.345923
3536,328.259907
3537,327.531832
3538,327.251422
3539,327.117583
3540,327.036258
3541,326.977229
3542,326.930117
3543,326.890843
3544,326.857425
3545,326.828669
3546,326.803731
3547,326.781966
3548,326.762866
3549,326.746024
3550,326.731112
3551,326.717869
3552,326.706086
3553,326.695602
3554,326.686293
3555,326.678069
3556,326.670873
3557,326.664676
3558,326.659479
3559,326.65532
3560,326.652277
3561,326.650499
3562,326.650289
3563,326.652342
3564,326.658541
3565,326.674483
3566,326.717685
3567,326.844187
3568,326.859818
3569,326.865886
3570,326.871371
3571,326.874852
3572,326.876185
3573,326.875531
3574,326.873084
3575,326.869004
3576,326.863403
3577,326.85635
3578,326.847875
3579,326.837984
3580,326.826698
3581,326.814172
3582,326.801097
3583,326.79006
3584,328.573495
3585,328.604859
3586,328.638582
3587,328.666631
3588,328.687074
3589,328.699622
3590,328.704307
3591,328.70108
3592,328.689701
3593,328.66969
3594,328.640322
3595,328.600664
3596,328.549763
3597,328.487373
3598,328.416477
3599,328.351808
3600,328.26564
3601,327.535702
3602,327.254091
3603,327.119323
3604,327.03723
3605,326.977557
3606,326.929913
3607,326.890205
3608,326.856444
3609,326.827421
3610,326.802283
3611,326.780374
3612,326.761176
3613,326.744272
3614,326.729327
3615,326.716073
3616,326.704295
3617,326.693826
3618,326.684535
3619,326.676328
3620,326.66914
3621,326.662935
3622,326.657706
3623,326.653479
3624,326.650319
3625,326.648358
3626,326.647869
3627,326.649513
3628,326.655115
3629,326.670204
3630,326.712257
3631,326.837299
3632,326.852802
3633,326.858254
3634,326.863077
3635,326.866007
3636,326.866927
3637,326.865982
3638,326.863346
3639,326.85916
3640,326.853521
3641,326.846486
3642,326.838078
3643,326.828301
3644,326.817175
3645,326.804855
3646,326.792027
3647,326.781224
3648,328.576023
3649,328.607444
3650,328.641213
3651,328.66928
3652,328.689706
3653,328.702202
3654,328.706795
3655,328.703439
3656,328.69189
3657,328.671669
3658,328.642049
3659,328.602098
3660,328.550867
3661,328.48812
3662,328.416867
3663,328.351912
3664,328.265678
3665,327.534944
3666,327.252829
3667,327.117681
3668,327.035281
3669,326.975362
3670,326.927526
3671,326.887677
3672,326.853818
3673,326.824737
3674,326.799575
3675,326.77767
3676,326.758498
3677,326.741638
3678,326.72675
3679,326.713561
3680,326.701853
3681,326.691452
3682,326.682226
3683,326.674072
3684,326.666922
3685,326.660732
3686,326.655487
3687,326.6512
3688,326.647921
3689,326.645757
3690,326.644944
3691,326.646076
3692,326.650851
3693,326.664598
3694,326.704752
3695,326.828964
3696,326.844769
3697,326.849498
3698,326.853579
3699,326.85592
3700,326.856411
3701,326.855173
3702,326.852352
3703,326.848065
3704,326.842394
3705,326.835383
3706,326.827048
3707,326.81739
3708,326.806428
3709,326.794322
3710,326.781752
3711,326.771204
3712,328.57141
3713,328.602683
3714,328.636278
3715,328.66418
3716,328.684458
3717,328.696826
3718,328.701312
3719,328.697869
3720,328.686253
3721,328.665985
3722,328.63634
3723,328.596387
3724,328.545176
3725,328.482472
3726,328.411277
3727,328.346379
3728,328.260162
3729,327.529644
3730,327.247688
3731,327.112683
3732,327.030424
3733,326.970646
3734,326.922953
3735,326.883248
3736,326.849537
3737,326.820607
3738,326.795597
3739,326.773846
3740,326.754828
3741,326.73812
3742,326.72338
3743,326.710335
3744,326.698762
3745,326.688487
3746,326.679373
3747,326.671315
3748,326.664237
3749,326.658091
3750,326.652853
3751,326.648522
3752,326.645132
3753,326.642761
3754,326.641593
3755,326.642098
3756,326.645671
3757,326.656858
3758,326.691581
3759,326.80935
3760,326.835282
3761,326.839412
3762,326.842804
3763,326.844611
3764,326.844727
3765,326.843241
3766,326.840267
3767,326.835903
3768,326.830212
3769,326.823229
3770,326.814965
3771,326.805415
3772,326.7946
3773,326.782682
3774,326.770341
3775,326.76003
3776,328.55969
3777,328.590616
3778,328.623818
3779,328.651372
3780,328.671373
3781,328.68354
3782,328.687902
3783,328.684414
3784,328.672832
3785,328.65268
3786,328.623234
3787,328.583565
3788,328.532723
3789,328.470459
3790,328.39974
3791,328.335243
3792,328.249126
3793,327.519836
3794,327.2387
3795,327.10436
3796,327.022684
3797,326.963431
3798,326.916211
3799,326.876936
3800,326.843617
3801,326.815045
3802,326.790364
3803,326.768916
3804,326.750178
3805,326.733731
3806,326.719232
3807,326.706409
3808,326.69504
3809,326.684949
3810,326.675998
3811,326.668078
3812,326.661111
3813,326.655043
3814,326.64984
3815,326.645492
3816,326.642014
3817,326.639452
3818,326.637926
3819,326.637728
3820,326.639673
3821,326.646117
3822,326.663778
3823,326.709577
3824,326.807979
3825,326.816524
3826,326.819913
3827,326.821545
3828,326.821528
3829,326.819955
3830,326.816931
3831,326.812545
3832,326.806855
3833,326.799892
3834,326.791663
3835,326.782164
3836,326.771413
3837,326.759573
3838,326.747324
3839,326.737109
3840,328.54083
3841,328.571205
3842,328.603796
3843,328.630822
3844,328.650418
3845,328.662314
3846,328.666539
3847,328.663047
3848,328.651598
3849,328.63172
3850,328.602696
3851,328.563598
3852,328.513476
3853,328.45206
3854,328.382249
3855,328.318517
3856,328.232587
3857,327.505581
3858,327.225946
3859,327.092801
3860,327.012153
3861,326.953804
3862,326.907385
3863,326.868818
3864,326.836127
3865,326.808114
3866,326.783933
3867,326.762934
3868,326.744601
3869,326.728518
3870,326.714351
3871,326.701828
3872,326.690729
3873,326.68088
3874,326.672141
3875,326.664405
3876,326.657589
3877,326.651635
3878,326.646503
3879,326.642173
3880,326.638642
3881,326.635932
3882,326.634101
3883,326.633291
3884,326.633867
3885,326.636739
3886,326.643985
3887,326.659128
3888,326.682519
3889,326.68963
3890,326.691921
3891,326.692265
3892,326.69125
3893,326.689019
3894,326.685624
3895,326.681095
3896,326.675446
3897,326.668676
3898,326.660771
3899,326.651712
3900,326.641511
3901,326.630322
3902,326.618795
3903,326.609226
3904,328.515087
3905,328.54471
3906,328.57648
3907,328.60281
3908,328.621887
3909,328.633447
3910,328.637522
3911,328.634066
3912,328.622845
3913,328.603391
3914,328.574997
3915,328.536745
3916,328.487685
3917,328.427526
3918,328.359073
3919,328.296496
3920,328.210846
3921,327.487218
3922,327.209767
3923,327.078336
3924,326.999143
3925,326.942056
3926,326.896738
3927,326.859134
3928,326.827286
3929,326.800014
3930,326.776485
3931,326.756064
3932,326.738245
3933,326.722622
3934,326.708866
3935,326.69671
3936,326.685941
3937,326.676384
3938,326.667905
3939,326.660393
3940,326.653767
3941,326.647963
3942,326.642939
3943,326.638667
3944,326.635131
3945,326.632332
3946,326.630287
3947,326.629043
3948,326.628722
3949,326.629591
3950,326.632142
3951,326.636883
3952,326.642965
3953,326.645747
3954,326.646503
3955,326.645983
3956,326.644415
3957,326.641848
3958,326.63829
3959,326.633735
3960,326.628172
3961,326.621583
3962,326.613939
3963,326.605215
3964,326.595416
3965,326.58468
3966,326.573625
3967,326.564444
3968,328.484229
3969,328.512936
3970,328.54373
3971,328.569249
3972,328.587729
3973,328.598914
3974,328.602837
3975,328.599451
3976,328.588525
3977,328.569605
3978,328.541995
3979,328.504794
3980,328.457061
3981,328.398491
3982,328.331785
3983,328.270735
3984,328.185463
3985,327.466159
3986,327.191431
3987,327.062107
3988,326.984681
3989,326.92911
3990,326.8851
3991,326.848629
3992,326.817764
3993,326.791348
3994,326.768568
3995,326.748805
3996,326.731566
3997,326.716457
3998,326.703158
3999,326.69141
4000,326.681003
4001,326.671769
4002,326.663574
4003,326.656311
4004,326.649898
4005,326.644272
4006,326.639385
4007,326.635206
4008,326.631713
4009,326.62889
4010,326.626732
4011,326.625238
4012,326.624422
4013,326.624315
4014,326.624961
4015,326.626299
4016,326.627856
4017,326.628557
4018,326.628354
4019,326.627313
4020,326.625443
4021,326.62272
4022,326.61912
4023,326.614615
4024,326.60918
4025,326.602787
4026,326.5954
4027,326.586987
4028,326.577544
4029,326.567199
4030,326.556531
4031,326.547648
4032,328.455604
4033,328.483423
4034,328.51331
4035,328.538092
4036,328.556039
4037,328.566897
4038,328.570693
4039,328.567383
4040,328.556742
4041,328.538323
4042,328.511448
4043,328.475234
4044,328.428758
4045,328.371717
4046,328.306747
4047,328.247295
4048,328.162455
4049,327.447409
4050,327.175249
4051,327.047891
4052,326.972097
4053,326.917914
4054,326.875093
4055,326.839643
4056,326.809659
4057,326.784005
4058,326.761889
4059,326.742705
4060,326.725976
4061,326.711316
4062,326.698414
4063,326.687019
4064,326.676925
4065,326.66797
4066,326.660021
4067,326.652975
4068,326.64675
4069,326.641284
4070,326.636528
4071,326.632449
4072,326.629021
4073,326.626223
4074,326.624039
4075,326.622449
4076,326.621428
4077,326.62094
4078,326.620917
4079,326.621216
4080,326.621548
4081,326.6215
4082,326.620888
4083,326.619622
4084,326.617637
4085,326.614879
4086,326.611307
4087,326.606887
4088,326.601585
4089,326.595369
4090,326.5882
4091,326.580042
4092,326.570889
4093,326.560856
4094,326.550496
4095,326.541844
4096,326.555699
4097,326.554885
4098,326.554222
4099,326.553481
4100,326.552523
4101,326.551256
4102,326.549614
4103,326.547545
4104,326.545008
4105,326.541972
4106,326.538413
4107,326.53432
4108,326.529701
4109,326.524594
4110,326.519072
4111,326.513256
4112,326.507313
4113,326.501434
4114,326.495798
4115,326.490545
4116,326.485774
4117,326.481547
4118,326.477905
4119,326.474874
4120,326.472481
4121,326.470753
4122,326.469729
4123,326.469465
4124,326.470035
4125,326.471541
4126,326.474115
4127,326.477931
4128,326.483211
4129,326.490237
4130,326.499366
4131,326.511039
4132,326.525783
4133,326.544133
4134,326.560493
4135,326.572772
4136,326.581785
4137,326.588056
4138,326.59195
4139,326.593718
4140,326.593527
4141,326.591468
4142,326.587563
4143,326.581767
4144,326.573964
4145,326.563963
4146,326.551475
4147,326.536089
4148,326.517183
4149,326.493713
4150,326.471051
4151,326.451702
4152,326.435187
4153,326.421023
4154,326.408799
4155,326.398179
4156,326.388901
4157,326.380756
4158,326.373584
4159,326.367259
4160,326.571758
4161,326.571385
4162,326.570968
4163,326.570366
4164,326.569475
4165,326.568218
4166,326.566534
4167,326.564376
4168,326.561702
4169,326.558476
4170,326.554669
4171,326.550266
4172,326.545265
4173,326.539696
4174,326.533631
4175,326.527202
4176,326.52061
4177,326.514102
4178,326.507896
4179,326.502149
4180,326.496959
4181,326.492383
4182,326.488454
4183,326.485191
4184,326.482614
4185,326.480748
4186,326.479629
4187,326.479312
4188,326.479875
4189,326.48142
4190,326.484085
4191,326.488051
4192,326.493546
4193,326.500863
4194,326.510366
4195,326.522503
4196,326.53779
4197,326.556707
4198,326.573602
4199,326.586338
4200,326.595702
4201,326.602219
4202,326.606259
4203,326.608082
4204,326.607858
4205,326.605682
4206,326.601577
4207,326.595497
4208,326.587321
4209,326.57685
4210,326.563792
4211,326.547725
4212,326.528031
4213,326.503699
4214,326.480152
4215,326.459969
4216,326.442704
4217,326.427876
4218,326.415065
4219,326.403929
4220,326.394196
4221,326.385649
4222,326.378125
4223,326.371498
4224,326.589593
4225,326.589895
4226,326.589925
4227,326.589613
4228,326.588897
4229,326.587724
4230,326.586047
4231,326.583825
4232,326.581016
4233,326.577581
4234,326.573481
4235,326.568684
4236,326.563173
4237,326.556955
4238,326.550086
4239,326.542704
4240,326.535074
4241,326.527581
4242,326.520519
4243,326.514063
4244,326.508298
4245,326.50326
4246,326.49896
4247,326.495402
4248,326.492592
4249,326.490545
4250,326.489293
4251,326.488887
4252,326.489401
4253,326.49094
4254,326.493645
4255,326.497696
4256,326.503329
4257,326.510838
4258,326.520591
4259,326.533032
4260,326.548662
4261,326.567921
4262,326.585142
4263,326.598164
4264,326.607752
4265,326.614422
4266,326.618545
4267,326.62038
4268,326.620101
4269,326.617805
4270,326.613514
4271,326.607181
4272,326.598685
4273,326.587823
4274,326.5743
4275,326.557696
4276,326.537403
4277,326.512434
4278,326.488225
4279,326.467397
4280,326.449531
4281,326.434156
4282,326.420854
4283,326.409277
4284,326.399149
4285,326.390251
4286,326.382416
4287,326.37552
4288,326.609757
4289,326.610889
4290,326.611508
4291,326.611599
4292,326.611144
4293,326.610117
4294,326.60849
4295,326.606227
4296,326.603289
4297,326.599629
4298,326.595194
4299,326.589931
4300,326.583789
4301,326.576731
4302,326.568767
4303,326.560007
4304,326.550788
4305,326.541854
4306,326.533612
4307,326.526226
4308,326.519735
4309,326.51413
4310,326.509386
4311,326.505476
4312,326.502388
4313,326.500123
4314,326.498702
4315,326.49817
4316,326.498596
4317,326.500086
4318,326.502776
4319,326.506852
4320,326.512547
4321,326.520158
4322,326.53005
4323,326.542664
4324,326.558486
4325,326.577938
4326,326.59534
4327,326.608518
4328,326.618224
4329,326.624967
4330,326.629112
4331,326.630921
4332,326.630566
4333,326.628145
4334,326.623681
4335,326.617126
4336,326.608358
4337,326.597174
4338,326.583278
4339,326.566255
4340,326.545504
4341,326.520049
4342,326.495338
4343,326.474012
4344,326.455674
4345,326.439859
4346,326.426153
4347,326.414207
4348,326.403743
4349,326.394542
4350,326.386435
4351,326.379298
4352,326.632817
4353,326.634897
4354,326.6362
4355,326.636773
4356,326.636641
4357,326.635808
4358,326.634265
4359,326.631984
4360,326.628924
4361,326.625031
4362,326.620234
4363,326.61445
4364,326.607579
4365,326.599517
4366,326.590163
4367,326.579486
4368,326.567763
4369,326.556797
4370,326.547034
4371,326.538518
4372,326.531178
4373,326.524924
4374,326.519677
4375,326.515373
4376,326.511971
4377,326.509455
4378,326.507833
4379,326.507141
4380,326.507443
4381,326.50884
4382,326.511467
4383,326.515506
4384,326.521193
4385,326.528821
4386,326.538756
4387,326.551431
4388,326.567326
4389,326.586852
4390,326.60432
4391,326.617549
4392,326.627284
4393,326.634027
4394,326.638141
4395,326.639887
4396,326.639436
4397,326.636887
4398,326.632263
4399,326.625514
4400,326.616519
4401,326.605075
4402,326.590888
4403,326.573544
4404,326.552449
4405,326.526629
4406,326.501541
4407,326.479842
4408,326.461142
4409,326.444984
4410,326.430955
4411,326.418709
4412,326.407968
4413,326.39851
4414,326.390166
4415,326.382813
4416,326.659299
4417,326.662394
4418,326.664427
4419,326.665523
4420,326.665751
4421,326.665146
4422,326.663712
4423,326.661432
4424,326.658262
4425,326.654139
4426,326.648973
4427,326.642644
4428,326.635001
4429,326.625843
4430,326.614901
4431,326.601765
4432,326.585664
4433,326.572044
4434,326.560517
4435,326.550753
4436,326.542497
4437,326.535551
4438,326.529768
4439,326.525043
4440,326.521303
4441,326.518512
4442,326.516664
4443,326.515782
4444,326.515926
4445,326.517189
4446,326.519704
4447,326.523651
4448,326.529262
4449,326.53683
4450,326.546718
4451,326.559356
4452,326.575221
4453,326.594716
4454,326.612152
4455,326.625342
4456,326.635027
4457,326.641705
4458,326.645738
4459,326.647386
4460,326.646821
4461,326.64414
4462,326.639367
4463,326.632452
4464,326.623273
4465,326.611628
4466,326.597223
4467,326.579646
4468,326.558305
4469,326.532226
4470,326.506871
4471,326.484905
4472,326.465942
4473,326.44953
4474,326.435257
4475,326.422778
4476,326.411814
4477,326.402143
4478,326.393598
4479,326.386054
4480,326.683557
4481,326.687621
4482,326.690367
4483,326.691984
4484,326.692582
4485,326.692217
4486,326.690911
4487,326.688649
4488,326.68539
4489,326.681058
4490,326.675546
4491,326.668702
4492,326.660322
4493,326.650126
4494,326.637703
4495,326.622376
4496,326.602824
4497,326.586856
4498,326.573671
4499,326.562701
4500,326.553544
4501,326.54591
4502,326.539589
4503,326.534435
4504,326.530347
4505,326.527266
4506,326.525172
4507,326.524077
4508,326.524031
4509,326.525122
4510,326.52748
4511,326.531279
4512,326.53675
4513,326.544185
4514,326.553942
4515,326.566452
4516,326.58219
4517,326.601559
4518,326.61887
4519,326.631937
4520,326.641497
4521,326.648049
4522,326.651954
4523,326.653471
4524,326.652773
4525,326.649958
4526,326.645047
4527,326.637993
4528,326.628672
4529,326.616881
4530,326.602328
4531,326.584601
4532,326.563105
4533,326.536866
4534,326.511347
4535,326.489213
4536,326.470082
4537,326.453501
4538,326.439058
4539,326.42641
4540,326.415276
4541,326.405437
4542,326.396724
4543,326.389014
4544,326.703618
4545,326.708547
4546,326.711955
4547,326.714072
4548,326.715032
4549,326.714913
4550,326.713745
4551,326.71152
4552,326.708195
4553,326.703687
4554,326.69787
4555,326.690569
4556,326.681542
4557,326.670453
4558,326.656819
4559,326.639895
4560,326.618388
4561,326.600717
4562,326.586178
4563,326.574156
4564,326.564181
4565,326.555905
4566,326.549072
4567,326.543502
4568,326.539067
4569,326.535691
4570,326.533338
4571,326.532009
4572,326.531747
4573,326.532632
4574,326.534788
4575,326.538386
4576,326.543654
4577,326.550881
4578,326.560425
4579,326.572718
4580,326.588233
4581,326.607379
4582,326.624475
4583,326.637335
4584,326.646696
4585,326.653061
4586,326.65679
4587,326.658143
4588,326.657295
4589,326.654341
4590,326.649306
4591,326.642139
4592,326.632718
4593,326.620839
4594,326.606208
4595,326.588411
4596,326.566851
4597,326.540551
4598,326.514969
4599,326.492767
4600,326.473561
4601,326.456895
4602,326.442357
4603,326.429603
4604,326.418354
4605,326.40839
4606,326.399543
4607,326.391691
4608,326.72036
4609,326.726041
4610,326.730046
4611,326.732626
4612,326.733932
4613,326.734056
4614,326.733035
4615,326.730865
4616,326.727502
4617,326.722855
4618,326.716788
4619,326.709106
4620,326.699544
4621,326.687737
4622,326.673177
4623,326.655117
4624,326.632329
4625,326.613444
4626,326.59786
4627,326.584977
4628,326.574303
4629,326.565458
4630,326.55816
4631,326.5522
4632,326.547433
4633,326.543765
4634,326.541146
4635,326.539569
4636,326.539067
4637,326.539713
4638,326.541624
4639,326.544969
4640,326.54997
4641,326.556914
4642,326.56616
4643,326.57814
4644,326.593333
4645,326.612154
4646,326.628936
4647,326.6415
4648,326.650586
4649,326.656698
4650,326.660202
4651,326.661357
4652,326.660339
4653,326.657245
4654,326.652096
4655,326.644845
4656,326.635368
4657,326.62346
4658,326.608824
4659,326.591043
4660,326.569517
4661,326.543261
4662,326.517723
4663,326.495558
4664,326.476373
4665,326.45971
4666,326.445155
4667,326.432361
4668,326.42105
4669,326.411004
4670,326.402057
4671,326.394088
4672,326.734328
4673,326.740652
4674,326.745183
4675,326.748181
4676,326.749811
4677,326.75017
4678,326.749301
4679,326.747204
4680,326.743831
4681,326.73909
4682,326.732833
4683,326.724857
4684,326.714881
4685,326.702529
4686,326.687289
4687,326.668425
4688,326.644754
4689,326.625005
4690,326.60864
4691,326.595082
4692,326.583837
4693,326.574513
4694,326.566807
4695,326.560497
4696,326.55542
4697,326.55147
4698,326.548586
4699,326.54675
4700,326.545987
4701,326.546363
4702,326.547989
4703,326.551027
4704,326.555695
4705,326.562276
4706,326.571131
4707,326.582694
4708,326.597452
4709,326.615832
4710,326.632191
4711,326.644359
4712,326.653082
4713,326.658872
4714,326.662096
4715,326.663016
4716,326.661808
4717,326.658569
4718,326.653322
4719,326.646017
4720,326.63653
4721,326.624656
4722,326.610096
4723,326.592429
4724,326.571045
4725,326.54495
4726,326.519578
4727,326.497566
4728,326.47851
4729,326.461946
4730,326.447453
4731,326.434687
4732,326.42337
4733,326.413287
4734,326.404274
4735,326.396211
4736,326.745892
4737,326.752759
4738,326.757744
4739,326.761115
4740,326.763041
4741,326.763623
4742,326.76291
4743,326.760902
4744,326.757551
4745,326.75276
4746,326.74638
4747,326.738198
4748,326.727928
4749,326.715189
4750,326.699473
4751,326.680056
4752,326.655778
4753,326.635425
4754,326.618496
4755,326.604432
4756,326.592744
4757,326.583032
4758,326.574986
4759,326.568371
4760,326.563014
4761,326.558798
4762,326.555653
4763,326.553551
4764,326.55251
4765,326.552588
4766,326.553888
4767,326.556564
4768,326.560828
4769,326.566962
4770,326.575321
4771,326.586346
4772,326.600536
4773,326.618336
4774,326.63414
4775,326.645793
4776,326.654053
4777,326.659439
4778,326.662322
4779,326.662967
4780,326.661548
4781,326.65816
4782,326.652828
4783,326.645501
4784,326.636057
4785,326.62429
4786,326.609899
4787,326.592456
4788,326.571342
4789,326.54555
4790,326.520487
4791,326.498765
4792,326.479961
4793,326.463599
4794,326.449258
4795,326.436592
4796,326.425326
4797,326.41525
4798,326.406204
4799,326.398071
4800,326.755311
4801,326.76263
4802,326.768
4803,326.771695
4804,326.773887
4805,326.77468
4806,326.774124
4807,326.772221
4808,326.768922
4809,326.76413
4810,326.757691
4811,326.74939
4812,326.738939
4813,326.725956
4814,326.709936
4815,326.690165
4816,326.665495
4817,326.644745
4818,326.627434
4819,326.613015
4820,326.601003
4821,326.590996
4822,326.58268
4823,326.57581
4824,326.570208
4825,326.565746
4826,326.562347
4827,326.559978
4828,326.558645
4829,326.558398
4830,326.559331
4831,326.56159
4832,326.565378
4833,326.570967
4834,326.578711
4835,326.589055
4836,326.602511
4837,326.619556
4838,326.634638
4839,326.645631
4840,326.653307
4841,326.658195
4842,326.66067
4843,326.660994
4844,326.65934
4845,326.6558
4846,326.650398
4847,326.643086
4848,326.633741
4849,326.622161
4850,326.608045
4851,326.59096
4852,326.570275
4853,326.544963
4854,326.52039
4855,326.499122
4856,326.480713
4857,326.464674
4858,326.450581
4859,326.43809
4860,326.426936
4861,326.416911
4862,326.407865
4863,326.399685
4864,326.76276
4865,326.770442
4866,326.776131
4867,326.780103
4868,326.78253
4869,326.783519
4870,326.783122
4871,326.781339
4872,326.778123
4873,326.773376
4874,326.766943
4875,326.758609
4876,326.748083
4877,326.734985
4878,326.718812
4879,326.698857
4880,326.673975
4881,326.653002
4882,326.635468
4883,326.620832
4884,326.608609
4885,326.5984
4886,326.589883
4887,326.582812
4888,326.577001
4889,326.572318
4890,326.568679
4891,326.566041
4892,326.564405
4893,326.56381
4894,326.56434
4895,326.566126
4896,326.56936
4897,326.5743
4898,326.58129
4899,326.590775
4900,326.603287
4901,326.619346
4902,326.633487
4903,326.643633
4904,326.65058
4905,326.654862
4906,326.656853
4907,326.656808
4908,326.654893
4909,326.651198
4910,326.645742
4911,326.63848
4912,326.629296
4913,326.617994
4914,326.604277
4915,326.587716
4916,326.567663
4917,326.543062
4918,326.519212
4919,326.498608
4920,326.480767
4921,326.465186
4922,326.451444
4923,326.439208
4924,326.428223
4925,326.418295
4926,326.40928
4927,326.401075
4928,326.768337
4929,326.776299
4930,326.782243
4931,326.786444
4932,326.789076
4933,326.790247
4934,326.790007
4935,326.78836
4936,326.785257
4937,326.780601
4938,326.774238
4939,326.765952
4940,326.755454
4941,326.742363
4942,326.726177
4943,326.706191
4944,326.68126
4945,326.660225
4946,326.642614
4947,326.62789
4948,326.615568
4949,326.605245
4950,326.5966
4951,326.589383
4952,326.583404
4953,326.578527
4954,326.574662
4955,326.571761
4956,326.569814
4957,326.568852
4958,326.568944
4959,326.570206
4960,326.572808
4961,326.576988
4962,326.583067
4963,326.591477
4964,326.602762
4965,326.617511
4966,326.630409
4967,326.639467
4968,326.645508
4969,326.649063
4970,326.65049
4971,326.650027
4972,326.647827
4973,326.643971
4974,326.638477
4975,326.631304
4976,326.622344
4977,326.611416
4978,326.598241
4979,326.582402
4980,326.563249
4981,326.539682
4982,326.516877
4983,326.497207
4984,326.480139
4985,326.465168
4986,326.451886
4987,326.439983
4988,326.429224
4989,326.419432
4990,326.410477
4991,326.402266
4992,326.772077
4993,326.780237
4994,326.78637
4995,326.790753
4996,326.793559
4997,326.794895
4998,326.794813
4999,326.793316
5000,326.790356
5001,326.785837
5002,326.779606
5003,326.77145
5004,326.76108
5005,326.748117
5006,326.732055
5007,326.712188
5008,326.687369
5009,326.666427
5010,326.648886
5011,326.634202
5012,326.62189
5013,326.611545
5014,326.602844
5015,326.595536
5016,326.589431
5017,326.58439
5018,326.580318
5019,326.577162
5020,326.574903
5021,326.57356
5022,326.573188
5023,326.57388
5024,326.575781
5025,326.579092
5026,326.584091
5027,326.591165
5028,326.600842
5029,326.613789
5030,326.625002
5031,326.632659
5032,326.63759
5033,326.640291
5034,326.641075
5035,326.640148
5036,326.637641
5037,326.633621
5038,326.628105
5039,326.621054
5040,326.612378
5041,326.601919
5042,326.589437
5043,326.574557
5044,326.556666
5045,326.53462
5046,326.513329
5047,326.494943
5048,326.478887
5049,326.464682
5050,326.451966
5051,326.440467
5052,326.429984
5053,326.420364
5054,326.411493
5055,326.403292
5056,326.773947
5057,326.78222
5058,326.788477
5059,326.792995
5060,326.795944
5061,326.79743
5062,326.797504
5063,326.796169
5064,326.79338
5065,326.789043
5066,326.783009
5067,326.775065
5068,326.764926
5069,326.752213
5070,326.73642
5071,326.716832
5072,326.692293
5073,326.671609
5074,326.65429
5075,326.639781
5076,326.627591
5077,326.617317
5078,326.608634
5079,326.601295
5080,326.595107
5081,326.589934
5082,326.585676
5083,326.582277
5084,326.579709
5085,326.57798
5086,326.577126
5087,326.577219
5088,326.578367
5089,326.58072
5090,326.584485
5091,326.589946
5092,326.597504
5093,326.607798
5094,326.616623
5095,326.622489
5096,326.626105
5097,326.627836
5098,326.627912
5099,326.626485
5100,326.623653
5101,326.619468
5102,326.61394
5103,326.607039
5104,326.598695
5105,326.588787
5106,326.577134
5107,326.563464
5108,326.547308
5109,326.527634
5110,326.508599
5111,326.491932
5112,326.477131
5113,326.463833
5114,326.451768
5115,326.44073
5116,326.43056
5117,326.421136
5118,326.412368
5119,326.404189
5120,326.773843
5121,326.782143
5122,326.788458
5123,326.793061
5124,326.796121
5125,326.79774
5126,326.797969
5127,326.79681
5128,326.79422
5129,326.790109
5130,326.784333
5131,326.776685
5132,326.766886
5133,326.754557
5134,326.739191
5135,326.720062
5136,326.695999
5137,326.675762
5138,326.658833
5139,326.644644
5140,326.632697
5141,326.622588
5142,326.614
5143,326.606686
5144,326.600461
5145,326.595188
5146,326.59077
5147,326.587143
5148,326.584276
5149,326.582164
5150,326.580827
5151,326.580309
5152,326.580682
5153,326.582037
5154,326.584486
5155,326.588138
5156,326.59303
5157,326.598868
5158,326.604071
5159,326.607778
5160,326.609929
5161,326.610614
5162,326.609938
5163,326.607985
5164,326.604816
5165,326.600463
5166,326.594932
5167,326.5882
5168,326.580219
5169,326.570912
5170,326.560176
5171,326.54789
5172,326.533955
5173,326.518502
5174,326.502997
5175,326.488472
5176,326.475089
5177,326.462776
5178,326.451405
5179,326.440854
5180,326.431016
5181,326.421803
5182,326.413148
5183,326.404998
5184,326.771588
5185,326.779822
5186,326.786126
5187,326.790766
5188,326.793905
5189,326.795641
5190,326.796022
5191,326.79505
5192,326.792686
5193,326.788844
5194,326.783389
5195,326.776123
5196,326.766776
5197,326.75498
5198,326.740225
5199,326.721773
5200,326.698426
5201,326.678864
5202,326.662524
5203,326.648817
5204,326.63724
5205,326.627396
5206,326.618977
5207,326.611748
5208,326.60553
5209,326.600191
5210,326.595636
5211,326.591802
5212,326.588652
5213,326.586169
5214,326.58436
5215,326.583245
5216,326.582861
5217,326.583248
5218,326.584441
5219,326.586437
5220,326.589131
5221,326.592183
5222,326.594886
5223,326.596728
5224,326.597512
5225,326.597194
5226,326.595788
5227,326.593323
5228,326.589825
5229,326.585309
5230,326.579777
5231,326.573213
5232,326.565589
5233,326.556868
5234,326.547011
5235,326.536001
5236,326.523899
5237,326.510964
5238,326.497853
5239,326.485136
5240,326.473064
5241,326.461693
5242,326.451
5243,326.440929
5244,326.431421
5245,326.42242
5246,326.413879
5247,326.40576
5248,326.766915
5249,326.774983
5250,326.781205
5251,326.785833
5252,326.789021
5253,326.790858
5254,326.791389
5255,326.790615
5256,326.7885
5257,326.784967
5258,326.779892
5259,326.773092
5260,326.764317
5261,326.753217
5262,326.739294
5263,326.721801
5264,326.699491
5265,326.6809
5266,326.665388
5267,326.652343
5268,326.641271
5269,326.631791
5270,326.623616
5271,326.616525
5272,326.610355
5273,326.604982
5274,326.600317
5275,326.596298
5276,326.592883
5277,326.590052
5278,326.587795
5279,326.586117
5280,326.585025
5281,326.584526
5282,326.584606
5283,326.585214
5284,326.586217
5285,326.587359
5286,326.588264
5287,326.588615
5288,326.588227
5289,326.587011
5290,326.584936
5291,326.581994
5292,326.578187
5293,326.573518
5294,326.567982
5295,326.561572
5296,326.554275
5297,326.54608
5298,326.536989
5299,326.527035
5300,326.516318
5301,326.505054
5302,326.493593
5303,326.48227
5304,326.47129
5305,326.460748
5306,326.450668
5307,326.441042
5308,326.431843
5309,326.423041
5310,326.414608
5311,326.406518
5312,326.759437
5313,326.767234
5314,326.773305
5315,326.777878
5316,326.781087
5317,326.783012
5318,326.783689
5319,326.783121
5320,326.781277
5321,326.778088
5322,326.773445
5323,326.767192
5324,326.759106
5325,326.748876
5326,326.736046
5327,326.71989
5328,326.6991
5329,326.68188
5330,326.667482
5331,326.655296
5332,326.644863
5333,326.635841
5334,326.627975
5335,326.621072
5336,326.614986
5337,326.609608
5338,326.604857
5339,326.600675
5340,326.597019
5341,326.593865
5342,326.591195
5343,326.589
5344,326.58727
5345,326.585988
5346,326.585121
5347,326.584601
5348,326.584309
5349,326.584062
5350,326.583633
5351,326.582814
5352,326.581458
5353,326.579472
5354,326.576807
5355,326.573437
5356,326.569349
5357,326.564536
5358,326.558993
5359,326.552714
5360,326.545698
5361,326.53795
5362,326.529489
5363,326.520368
5364,326.51068
5365,326.500585
5366,326.490295
5367,326.480018
5368,326.469907
5369,326.460053
5370,326.450502
5371,326.441266
5372,326.432342
5373,326.423718
5374,326.41538
5375,326.407312
5376,326.748592
5377,326.756016
5378,326.761876
5379,326.766358
5380,326.769569
5381,326.77157
5382,326.772393
5383,326.772039
5384,326.770481
5385,326.767663
5386,326.763497
5387,326.757854
5388,326.75056
5389,326.741368
5390,326.72992
5391,326.715616
5392,326.697195
5393,326.681897
5394,326.668936
5395,326.657799
5396,326.648121
5397,326.639633
5398,326.632127
5399,326.625449
5400,326.619476
5401,326.614117
5402,326.609301
5403,326.604976
5404,326.601103
5405,326.597655
5406,326.594611
5407,326.591951
5408,326.589657
5409,326.587702
5410,326.586044
5411,326.584615
5412,326.583318
5413,326.582023
5414,326.580577
5415,326.57884
5416,326.576696
5417,326.574065
5418,326.570894
5419,326.56715
5420,326.562811
5421,326.557867
5422,326.552311
5423,326.546138
5424,326.539353
5425,326.531968
5426,326.52401
5427,326.515529
5428,326.506606
5429,326.497354
5430,326.487912
5431,326.478417
5432,326.468981
5433,326.459682
5434,326.450567
5435,326.44166
5436,326.43297
5437,326.424496
5438,326.416235
5439,326.408179
5440,326.733486
5441,326.740466
5442,326.746085
5443,326.750457
5444,326.753658
5445,326.755732
5446,326.756702
5447,326.756568
5448,326.75531
5449,326.752885
5450,326.749227
5451,326.744243
5452,326.737812
5453,326.729778
5454,326.719948
5455,326.708086
5456,326.693969
5457,326.681249
5458,326.669992
5459,326.660034
5460,326.651184
5461,326.643272
5462,326.636157
5463,326.629724
5464,326.623882
5465,326.618557
5466,326.613692
5467,326.609243
5468,326.605176
5469,326.601463
5470,326.598082
5471,326.595011
5472,326.592226
5473,326.589697
5474,326.58738
5475,326.585218
5476,326.58313
5477,326.581022
5478,326.578787
5479,326.576323
5480,326.573543
5481,326.570378
5482,326.566779
5483,326.562713
5484,326.558156
5485,326.553094
5486,326.547518
5487,326.541427
5488,326.534826
5489,326.527728
5490,326.520162
5491,326.51217
5492,326.503815
5493,326.495181
5494,326.486362
5495,326.477453
5496,326.468535
5497,326.459672
5498,326.450907
5499,326.442267
5500,326.433767
5501,326.425413
5502,326.417209
5503,326.409152
5504,326.719463
5505,326.725997
5506,326.731367
5507,326.735626
5508,326.738815
5509,326.740961
5510,326.742079
5511,326.742169
5512,326.741215
5513,326.739187
5514,326.736043
5515,326.731725
5516,326.726164
5517,326.719293
5518,326.71106
5519,326.7015
5520,326.690921
5521,326.680619
5522,326.671029
5523,326.662238
5524,326.654212
5525,326.646877
5526,326.640154
5527,326.63397
5528,326.628262
5529,326.622978
5530,326.618074
5531,326.613515
5532,326.609272
5533,326.605321
5534,326.601639
5535,326.598206
5536,326.594996
5537,326.591978
5538,326.589114
5539,326.586354
5540,326.583635
5541,326.580885
5542,326.578026
5543,326.574982
5544,326.571686
5545,326.568082
5546,326.564126
5547,326.559787
5548,326.555041
5549,326.549873
5550,326.544275
5551,326.538244
5552,326.531785
5553,326.524912
5554,326.517646
5555,326.510025
5556,326.502096
5557,326.493919
5558,326.485562
5559,326.477091
5560,326.468568
5561,326.460043
5562,326.451551
5563,326.44312
5564,326.434767
5565,326.426503
5566,326.418334
5567,326.410262
5568,326.708931
5569,326.715087
5570,326.72024
5571,326.724401
5572,326.727587
5573,326.72981
5574,326.731077
5575,326.731385
5576,326.730726
5577,326.729081
5578,326.726426
5579,326.722734
5580,326.71798
5581,326.712153
5582,326.705285
5583,326.697493
5584,326.689074
5585,326.680594
5586,326.672398
5587,326.66464
5588,326.657364
5589,326.650563
5590,326.644206
5591,326.638255
5592,326.632674
5593,326.627428
5594,326.622487
5595,326.617826
5596,326.613422
5597,326.609255
5598,326.605305
5599,326.601551
5600,326.597972
5601,326.594539
5602,326.591217
5603,326.587966
5604,326.584735
5605,326.58147
5606,326.57811
5607,326.574599
5608,326.570884
5609,326.566919
5610,326.562666
5611,326.558098
5612,326.553191
5613,326.547931
5614,326.542309
5615,326.536321
5616,326.529971
5617,326.52327
5618,326.516236
5619,326.508895
5620,326.501285
5621,326.49345
5622,326.485437
5623,326.477295
5624,326.46907
5625,326.4608
5626,326.452517
5627,326.444244
5628,326.435999
5629,326.427795
5630,326.419639
5631,326.411537
5632,326.70144
5633,326.707316
5634,326.712307
5635,326.716404
5636,326.719606
5637,326.721915
5638,326.72333
5639,326.72385
5640,326.723468
5641,326.722179
5642,326.719971
5643,326.716841
5644,326.71279
5645,326.707843
5646,326.702063
5647,326.695575
5648,326.688598
5649,326.681435
5650,326.674325
5651,326.667414
5652,326.660774
5653,326.654433
5654,326.648393
5655,326.642644
5656,326.637169
5657,326.63195
5658,326.626969
5659,326.622208
5660,326.617653
5661,326.613286
5662,326.609093
5663,326.605056
5664,326.601154
5665,326.597363
5666,326.593655
5667,326.589996
5668,326.586345
5669,326.58266
5670,326.578894
5671,326.575004
5672,326.570947
5673,326.566686
5674,326.562188
5675,326.557428
5676,326.552387
5677,326.547048
5678,326.541402
5679,326.535446
5680,326.52918
5681,326.522612
5682,326.515755
5683,326.508628
5684,326.50126
5685,326.49368
5686,326.485925
5687,326.478029
5688,326.470026
5689,326.461948
5690,326.453819
5691,326.44566
5692,326.437488
5693,326.429315
5694,326.421151
5695,326.413004
5696,326.696547
5697,326.702241
5698,326.707136
5699,326.711211
5700,326.714454
5701,326.71686
5702,326.718425
5703,326.719147
5704,326.719023
5705,326.718053
5706,326.71624
5707,326.713591
5708,326.710129
5709,326.705891
5710,326.700949
5711,326.695412
5712,326.689441
5713,326.683223
5714,326.676926
5715,326.670672
5716,326.664539
5717,326.65857
5718,326.652786
5719,326.647195
5720,326.641797
5721,326.636585
5722,326.631552
5723,326.626688
5724,326.621985
5725,326.617432
5726,326.613015
5727,326.608722
5728,326.604535
5729,326.600434
5730,326.596396
5731,326.592392
5732,326.588392
5733,326.584361
5734,326.580263
5735,326.576063
5736,326.571726
5737,326.567222
5738,326.562523
5739,326.557606
5740,326.552453
5741,326.54705
5742,326.541385
5743,326.535454
5744,326.529254
5745,326.522791
5746,326.516071
5747,326.50911
5748,326.501925
5749,326.49454
5750,326.486978
5751,326.479266
5752,326.471428
5753,326.463489
5754,326.45547
5755,326.447387
5756,326.439256
5757,326.431089
5758,326.422897
5759,326.414688
5760,326.693886
5761,326.699493
5762,326.704358
5763,326.708455
5764,326.711768
5765,326.714285
5766,326.716001
5767,326.716914
5768,326.717023
5769,326.716333
5770,326.714856
5771,326.712607
5772,326.709617
5773,326.705931
5774,326.701617
5775,326.696769
5776,326.691505
5777,326.685958
5778,326.680251
5779,326.674483
5780,326.668728
5781,326.663036
5782,326.657439
5783,326.651955
5784,326.646596
5785,326.641365
5786,326.636264
5787,326.631289
5788,326.626438
5789,326.621703
5790,326.617077
5791,326.612549
5792,326.608106
5793,326.603732
5794,326.599408
5795,326.595111
5796,326.590816
5797,326.586497
5798,326.582124
5799,326.577668
5800,326.573102
5801,326.5684
5802,326.563538
5803,326.558495
5804,326.553254
5805,326.5478
5806,326.542123
5807,326.536215
5808,326.530072
5809,326.523694
5810,326.517086
5811,326.510256
5812,326.503215
5813,326.495978
5814,326.488563
5815,326.480988
5816,326.473272
5817,326.465432
5818,326.457485
5819,326.449446
5820,326.441328
5821,326.433144
5822,326.424904
5823,326.416616
5824,326.693177
5825,326.698782
5826,326.703682
5827,326.707847
5828,326.711258
5829,326.713901
5830,326.715769
5831,326.71686
5832,326.717176
5833,326.716727
5834,326.715525
5835,326.713595
5836,326.710971
5837,326.707698
5838,326.70384
5839,326.699477
5840,326.694702
5841,326.689616
5842,326.684315
5843,326.678883
5844,326.673388
5845,326.66788
5846,326.662396
5847,326.656964
5848,326.651602
5849,326.646321
5850,326.641129
5851,326.63603
5852,326.631024
5853,326.626109
5854,326.621282
5855,326.616534
5856,326.611857
5857,326.607238
5858,326.602662
5859,326.598111
5860,326.593565
5861,326.589003
5862,326.5844
5863,326.579734
5864,326.574981
5865,326.570119
5866,326.565128
5867,326.559987
5868,326.55468
5869,326.549194
5870,326.543514
5871,326.537633
5872,326.531544
5873,326.525242
5874,326.518729
5875,326.512007
5876,326.505082
5877,326.497963
5878,326.490661
5879,326.48319
5880,326.475561
5881,326.467788
5882,326.459884
5883,326.451863
5884,326.443734
5885,326.435511
5886,326.427203
5887,326.41882
5888,326.694217
5889,326.699899
5890,326.704893
5891,326.70917
5892,326.712708
5893,326.715492
5894,326.717513
5895,326.71877
5896,326.719267
5897,326.719015
5898,326.718032
5899,326.716344
5900,326.713986
5901,326.711005
5902,326.70746
5903,326.70342
5904,326.698962
5905,326.694171
5906,326.689125
5907,326.683897
5908,326.678551
5909,326.673136
5910,326.667694
5911,326.662255
5912,326.656843
5913,326.651477
5914,326.646168
5915,326.640926
5916,326.635754
5917,326.630656
5918,326.62563
5919,326.620672
5920,326.615777
5921,326.610934
5922,326.606132
5923,326.601358
5924,326.596595
5925,326.591826
5926,326.587031
5927,326.582192
5928,326.577288
5929,326.572301
5930,326.56721
5931,326.561999
5932,326.55665
5933,326.551149
5934,326.545481
5935,326.539636
5936,326.533603
5937,326.527377
5938,326.520951
5939,326.514325
5940,326.5075
5941,326.500479
5942,326.493268
5943,326.485876
5944,326.47831
5945,326.47058
5946,326.462696
5947,326.454669
5948,326.446508
5949,326.438226
5950,326.429831
5951,326.421334
5952,326.696866
5953,326.702699
5954,326.707847
5955,326.712279
5956,326.715972
5957,326.71891
5958,326.721085
5959,326.722496
5960,326.723147
5961,326.723052
5962,326.72223
5963,326.72071
5964,326.718529
5965,326.715732
5966,326.712376
5967,326.708522
5968,326.704241
5969,326.699604
5970,326.694682
5971,326.689542
5972,326.684243
5973,326.678834
5974,326.673359
5975,326.667853
5976,326.662343
5977,326.656852
5978,326.651397
5979,326.645989
5980,326.640637
5981,326.635347
5982,326.630121
5983,326.624958
5984,326.619853
5985,326.614801
5986,326.609794
5987,326.60482
5988,326.599868
5989,326.594921
5990,326.589966
5991,326.584986
5992,326.579963
5993,326.57488
5994,326.56972
5995,326.564465
5996,326.559099
5997,326.553605
5998,326.547968
5999,326.542173
6000,326.536208
6001,326.530062
6002,326.523726
6003,326.517193
6004,326.510461
6005,326.503527
6006,326.496394
6007,326.489065
6008,326.481544
6009,326.473839
6010,326.465956
6011,326.457904
6012,326.449693
6013,326.441331
6014,326.43283
6015,326.424199
6016,326.701046
6017,326.707101
6018,326.712458
6019,326.717087
6020,326.720964
6021,326.724071
6022,326.7264
6023,326.72795
6024,326.728728
6025,326.728749
6026,326.728033
6027,326.726611
6028,326.724522
6029,326.721811
6030,326.718532
6031,326.714746
6032,326.710517
6033,326.705912
6034,326.700998
6035,326.695836
6036,326.690487
6037,326.684999
6038,326.679418
6039,326.673783
6040,326.668123
6041,326.662464
6042,326.656827
6043,326.651228
6044,326.645677
6045,326.640184
6046,326.634751
6047,326.629381
6048,326.624074
6049,326.618823
6050,326.613625
6051,326.608471
6052,326.60335
6053,326.598252
6054,326.593163
6055,326.588069
6056,326.582956
6057,326.577807
6058,326.572606
6059,326.567336
6060,326.56198
6061,326.556519
6062,326.550936
6063,326.545213
6064,326.539333
6065,326.533282
6066,326.527045
6067,326.520612
6068,326.513974
6069,326.507126
6070,326.500065
6071,326.49279
6072,326.485304
6073,326.47761
6074,326.469713
6075,326.46162
6076,326.453339
6077,326.44488
6078,326.436253
6079,326.427467
6080,326.706731
6081,326.713077
6082,326.7187
6083,326.723568
6084,326.727656
6085,326.730945
6086,326.733429
6087,326.735105
6088,326.735983
6089,326.736077
6090,326.735412
6091,326.73402
6092,326.73194
6093,326.72922
6094,326.725916
6095,326.722085
6096,326.717794
6097,326.713106
6098,326.708088
6099,326.702803
6100,326.697307
6101,326.691656
6102,326.685894
6103,326.680064
6104,326.674198
6105,326.668326
6106,326.66247
6107,326.656649
6108,326.650877
6109,326.645163
6110,326.639515
6111,326.633935
6112,326.628425
6113,326.622983
6114,326.617604
6115,326.612284
6116,326.607013
6117,326.601783
6118,326.596584
6119,326.591403
6120,326.586227
6121,326.581041
6122,326.57583
6123,326.570575
6124,326.56526
6125,326.559863
6126,326.554364
6127,326.548741
6128,326.542973
6129,326.537039
6130,326.53092
6131,326.524601
6132,326.518068
6133,326.511312
6134,326.504324
6135,326.497102
6136,326.489644
6137,326.481952
6138,326.47403
6139,326.465881
6140,326.457515
6141,326.448938
6142,326.440163
6143,326.431199
6144,326.713944
6145,326.720653
6146,326.7266
6147,326.731751
6148,326.736078
6149,326.739564
6150,326.742202
6151,326.74399
6152,326.744937
6153,326.745062
6154,326.744391
6155,326.742957
6156,326.740804
6157,326.737982
6158,326.734549
6159,326.730566
6160,326.726099
6161,326.721216
6162,326.715985
6163,326.710471
6164,326.704734
6165,326.69883
6166,326.69281
6167,326.686715
6168,326.680585
6169,326.674448
6170,326.668332
6171,326.662256
6172,326.656235
6173,326.650282
6174,326.644405
6175,326.638608
6176,326.632894
6177,326.627262
6178,326.62171
6179,326.616235
6180,326.610829
6181,326.605487
6182,326.600199
6183,326.594954
6184,326.589742
6185,326.584549
6186,326.579359
6187,326.574155
6188,326.568916
6189,326.563621
6190,326.558243
6191,326.552758
6192,326.547137
6193,326.541353
6194,326.535382
6195,326.529201
6196,326.522792
6197,326.51614
6198,326.509234
6199,326.502068
6200,326.494638
6201,326.486943
6202,326.478986
6203,326.470769
6204,326.4623
6205,326.453587
6206,326.444641
6207,326.435472
6208,326.722763
6209,326.729911
6210,326.736242
6211,326.74172
6212,326.746316
6213,326.750014
6214,326.752805
6215,326.754688
6216,326.755675
6217,326.755784
6218,326.755045
6219,326.753496
6220,326.751183
6221,326.748161
6222,326.744492
6223,326.740243
6224,326.735485
6225,326.73029
6226,326.724732
6227,326.718881
6228,326.7128
6229,326.706552
6230,326.700188
6231,326.693756
6232,326.687296
6233,326.680841
6234,326.674418
6235,326.668049
6236,326.661751
6237,326.655536
6238,326.649413
6239,326.643388
6240,326.637464
6241,326.631643
6242,326.625923
6243,326.620301
6244,326.614773
6245,326.609335
6246,326.603978
6247,326.598694
6248,326.593474
6249,326.588304
6250,326.583171
6251,326.578055
6252,326.572936
6253,326.567787
6254,326.562579
6255,326.55728
6256,326.551853
6257,326.546264
6258,326.540481
6259,326.534472
6260,326.528215
6261,326.521689
6262,326.514881
6263,326.50778
6264,326.500381
6265,326.492682
6266,326.484682
6267,326.476386
6268,326.467799
6269,326.458928
6270,326.449784
6271,326.440379
6272,326.733317
6273,326.740984
6274,326.747765
6275,326.753619
6276,326.758518
6277,326.762443
6278,326.765385
6279,326.767346
6280,326.768337
6281,326.76838
6282,326.767507
6283,326.765761
6284,326.763193
6285,326.759864
6286,326.755843
6287,326.751205
6288,326.74603
6289,326.740398
6290,326.734389
6291,326.728082
6292,326.721548
6293,326.714853
6294,326.708055
6295,326.701205
6296,326.694345
6297,326.687511
6298,326.680731
6299,326.674027
6300,326.667417
6301,326.660914
6302,326.654526
6303,326.648261
6304,326.64212
6305,326.636107
6306,326.63022
6307,326.624459
6308,326.61882
6309,326.6133
6310,326.607894
6311,326.602594
6312,326.597394
6313,326.592282
6314,326.587244
6315,326.582262
6316,326.577313
6317,326.572367
6318,326.56739
6319,326.562338
6320,326.557169
6321,326.551834
6322,326.546291
6323,326.540502
6324,326.534436
6325,326.528066
6326,326.521377
6327,326.514356
6328,326.506996
6329,326.499293
6330,326.491247
6331,326.48286
6332,326.474137
6333,326.465085
6334,326.455715
6335,326.446039
6336,326.745793
6337,326.754071
6338,326.761373
6339,326.767657
6340,326.772894
6341,326.777063
6342,326.780155
6343,326.782173
6344,326.783129
6345,326.783049
6346,326.781967
6347,326.779932
6348,326.777002
6349,326.773246
6350,326.768743
6351,326.763578
6352,326.757843
6353,326.75163
6354,326.745032
6355,326.738136
6356,326.731025
6357,326.72377
6358,326.716437
6359,326.709079
6360,326.701743
6361,326.694463
6362,326.68727
6363,326.680186
6364,326.673227
6365,326.666406
6366,326.659732
6367,326.65321
6368,326.646843
6369,326.640633
6370,326.634581
6371,326.628685
6372,326.622945
6373,326.617357
6374,326.61192
6375,326.606629
6376,326.601478
6377,326.59646
6378,326.591561
6379,326.586765
6380,326.582047
6381,326.577374
6382,326.572703
6383,326.567981
6384,326.56315
6385,326.558148
6386,326.552918
6387,326.547409
6388,326.541582
6389,326.535409
6390,326.528868
6391,326.521946
6392,326.514636
6393,326.506934
6394,326.498837
6395,326.490349
6396,326.481472
6397,326.472214
6398,326.462584
6399,326.452595
6400,326.760447
6401,326.769436
6402,326.777341
6403,326.784117
6404,326.789731
6405,326.794163
6406,326.797403
6407,326.799454
6408,326.800331
6409,326.800061
6410,326.798685
6411,326.796255
6412,326.79284
6413,326.788517
6414,326.783378
6415,326.777525
6416,326.771064
6417,326.764105
6418,326.756756
6419,326.749119
6420,326.741288
6421,326.733346
6422,326.725363
6423,326.717397
6424,326.709497
6425,326.701699
6426,326.694032
6427,326.686516
6428,326.679169
6429,326.671999
6430,326.665013
6431,326.658217
6432,326.651612
6433,326.6452
6434,326.63898
6435,326.632954
6436,326.62712
6437,326.621478
6438,326.616029
6439,326.61077
6440,326.605701
6441,326.600815
6442,326.596104
6443,326.591554
6444,326.58714
6445,326.582826
6446,326.578559
6447,326.574274
6448,326.56989
6449,326.565324
6450,326.560497
6451,326.555346
6452,326.549823
6453,326.543894
6454,326.537538
6455,326.530741
6456,326.523495
6457,326.515799
6458,326.50765
6459,326.499049
6460,326.49
6461,326.480507
6462,326.470579
6463,326.460228
6464,326.777608
6465,326.787426
6466,326.796027
6467,326.803364
6468,326.809401
6469,326.814117
6470,326.817502
6471,326.819559
6472,326.820305
6473,326.81977
6474,326.817998
6475,326.81505
6476,326.811003
6477,326.805947
6478,326.799991
6479,326.793256
6480,326.785871
6481,326.777968
6482,326.769676
6483,326.761119
6484,326.752403
6485,326.743624
6486,326.73486
6487,326.726174
6488,326.717614
6489,326.709216
6490,326.701008
6491,326.693008
6492,326.685227
6493,326.677673
6494,326.67035
6495,326.663261
6496,326.656405
6497,326.649782
6498,326.643394
6499,326.637239
6500,326.631318
6501,326.625635
6502,326.620191
6503,326.614989
6504,326.610032
6505,326.605321
6506,326.600852
6507,326.596617
6508,326.592593
6509,326.588744
6510,326.585008
6511,326.581299
6512,326.577508
6513,326.573514
6514,326.569211
6515,326.564517
6516,326.559374
6517,326.553748
6518,326.547618
6519,326.540975
6520,326.533812
6521,326.52613
6522,326.517927
6523,326.509204
6524,326.499962
6525,326.490204
6526,326.479934
6527,326.469163
6528,326.797699
6529,326.808481
6530,326.817887
6531,326.825865
6532,326.832378
6533,326.837402
6534,326.840928
6535,326.84296
6536,326.843515
6537,326.842626
6538,326.840341
6539,326.836728
6540,326.831872
6541,326.825884
6542,326.81889
6543,326.811037
6544,326.802485
6545,326.793396
6546,326.783931
6547,326.774236
6548,326.764441
6549,326.754653
6550,326.744958
6551,326.735423
6552,326.726095
6553,326.717009
6554,326.708187
6555,326.699642
6556,326.691381
6557,326.683407
6558,326.675719
6559,326.668316
6560,326.661195
6561,326.654354
6562,326.647792
6563,326.64151
6564,326.63551
6565,326.629796
6566,326.624373
6567,326.619251
6568,326.614439
6569,326.609945
6570,326.605776
6571,326.601932
6572,326.598399
6573,326.595145
6574,326.592102
6575,326.58916
6576,326.58616
6577,326.582923
6578,326.579298
6579,326.575181
6580,326.570511
6581,326.565255
6582,326.5594
6583,326.552941
6584,326.545881
6585,326.538221
6586,326.529964
6587,326.521109
6588,326.511654
6589,326.501597
6590,326.490937
6591,326.479679
6592,326.821251
6593,326.833157
6594,326.843495
6595,326.852208
6596,326.859256
6597,326.864617
6598,326.868281
6599,326.870251
6600,326.870546
6601,326.869199
6602,326.866262
6603,326.861807
6604,326.855934
6605,326.848767
6606,326.840461
6607,326.831197
6608,326.821175
6609,326.810602
6610,326.799679
6611,326.788585
6612,326.777477
6613,326.766476
6614,326.755678
6615,326.74515
6616,326.734936
6617,326.725064
6618,326.71555
6619,326.706398
6620,326.697608
6621,326.689175
6622,326.681093
6623,326.673355
6624,326.665954
6625,326.658885
6626,326.652147
6627,326.645738
6628,326.639662
6629,326.633926
6630,326.62854
6631,326.62352
6632,326.618882
6633,326.614647
6634,326.610835
6635,326.607463
6636,326.604535
6637,326.602032
6638,326.59989
6639,326.597973
6640,326.596049
6641,326.59382
6642,326.59107
6643,326.587676
6644,326.583582
6645,326.578769
6646,326.573237
6647,326.566997
6648,326.560059
6649,326.552432
6650,326.544122
6651,326.535125
6652,326.525437
6653,326.515047
6654,326.503944
6655,326.492122
6656,326.848928
6657,326.862149
6658,326.873566
6659,326.883123
6660,326.890778
6661,326.896508
6662,326.900305
6663,326.902173
6664,326.902128
6665,326.900204
6666,326.896451
6667,326.890947
6668,326.883799
6669,326.875152
6670,326.865192
6671,326.854147
6672,326.842273
6673,326.829838
6674,326.817101
6675,326.804289
6676,326.791587
6677,326.779137
6678,326.767037
6679,326.755353
6680,326.744121
6681,326.733359
6682,326.72307
6683,326.713246
6684,326.703876
6685,326.694946
6686,326.686441
6687,326.678346
6688,326.67065
6689,326.663344
6690,326.656424
6691,326.649887
6692,326.643739
6693,326.637989
6694,326.632652
6695,326.62775
6696,326.623313
6697,326.619374
6698,326.615973
6699,326.613152
6700,326.610947
6701,326.609372
6702,326.608391
6703,326.60786
6704,326.607441
6705,326.606564
6706,326.604932
6707,326.602425
6708,326.599016
6709,326.594716
6710,326.589556
6711,326.583565
6712,326.576768
6713,326.569184
6714,326.560821
6715,326.551676
6716,326.541738
6717,326.530985
6718,326.519388
6719,326.506917
6720,326.88156
6721,326.89632
6722,326.908993
6723,326.919519
6724,326.927862
6725,326.934
6726,326.937927
6727,326.939646
6728,326.939172
6729,326.936533
6730,326.931776
6731,326.924974
6732,326.916241
6733,326.905741
6734,326.893697
6735,326.880396
6736,326.866175
6737,326.851396
6738,326.836398
6739,326.821471
6740,326.80684
6741,326.792661
6742,326.779035
6743,326.766015
6744,326.753625
6745,326.741861
6746,326.73071
6747,326.720148
6748,326.710148
6749,326.700683
6750,326.691725
6751,326.683254
6752,326.675249
6753,326.667696
6754,326.660588
6755,326.653922
6756,326.647704
6757,326.641944
6758,326.636664
6759,326.631895
6760,326.627677
6761,326.624062
6762,326.621115
6763,326.618911
6764,326.617534
6765,326.617062
6766,326.617539
6767,326.61889
6768,326.62069
6769,326.621631
6770,326.621391
6771,326.619932
6772,326.617305
6773,326.61358
6774,326.60883
6775,326.603112
6776,326.596473
6777,326.588939
6778,326.580526
6779,326.57123
6780,326.561032
6781,326.549895
6782,326.537762
6783,326.524562
6784,326.920181
6785,326.936748
6786,326.95088
6787,326.962522
6788,326.971643
6789,326.978231
6790,326.982285
6791,326.983807
6792,326.982806
6793,326.9793
6794,326.973321
6795,326.964933
6796,326.954244
6797,326.941428
6798,326.92675
6799,326.910575
6800,326.89336
6801,326.875605
6802,326.857776
6803,326.840246
6804,326.823284
6805,326.807055
6806,326.79165
6807,326.777101
6808,326.763401
6809,326.750522
6810,326.738423
6811,326.727058
6812,326.716379
6813,326.706342
6814,326.696906
6815,326.688039
6816,326.679711
6817,326.671904
6818,326.664603
6819,326.657806
6820,326.651516
6821,326.645749
6822,326.64053
6823,326.6359
6824,326.631911
6825,326.628635
6826,326.626165
6827,326.624617
6828,326.624134
6829,326.624891
6830,326.627086
6831,326.630899
6832,326.636293
6833,326.639592
6834,326.640982
6835,326.640687
6836,326.638904
6837,326.635792
6838,326.631473
6839,326.626044
6840,326.619569
6841,326.612093
6842,326.603634
6843,326.594188
6844,326.58373
6845,326.572205
6846,326.559528
6847,326.545556
6848,326.966079
6849,326.984771
6850,327.000597
6851,327.013516
6852,327.023517
6853,327.030603
6854,327.034781
6855,327.036054
6856,327.034422
6857,327.029883
6858,327.022445
6859,327.012142
6860,326.999056
6861,326.983357
6862,326.965342
6863,326.945475
6864,326.924391
6865,326.902824
6866,326.88143
6867,326.860696
6868,326.840928
6869,326.822287
6870,326.804829
6871,326.788545
6872,326.773384
6873,326.759277
6874,326.746147
6875,326.733918
6876,326.722515
6877,326.711874
6878,326.701938
6879,326.692658
6880,326.683997
6881,326.675927
6882,326.66843
6883,326.661498
6884,326.655136
6885,326.64936
6886,326.644202
6887,326.639709
6888,326.635948
6889,326.63301
6890,326.631015
6891,326.63012
6892,326.630531
6893,326.63252
6894,326.636459
6895,326.642868
6896,326.652561
6897,326.658347
6898,326.66138
6899,326.662242
6900,326.661293
6901,326.658783
6902,326.654891
6903,326.649746
6904,326.643436
6905,326.636019
6906,326.627518
6907,326.61793
6908,326.607223
6909,326.595328
6910,326.58213
6911,326.567412
6912,327.020859
6913,327.042048
6914,327.059832
6915,327.074205
6916,327.085191
6917,327.092823
6918,327.097123
6919,327.098096
6920,327.095727
6921,327.089986
6922,327.080837
6923,327.068259
6924,327.052274
6925,327.033008
6926,327.010757
6927,326.986093
6928,326.959926
6929,326.933409
6930,326.907504
6931,326.882832
6932,326.859716
6933,326.838267
6934,326.818472
6935,326.800249
6936,326.783481
6937,326.768042
6938,326.753807
6939,326.740659
6940,326.728496
6941,326.717225
6942,326.706769
6943,326.697066
6944,326.688064
6945,326.679726
6946,326.672028
6947,326.664958
6948,326.658521
6949,326.652733
6950,326.64763
6951,326.643267
6952,326.639722
6953,326.637104
6954,326.635556
6955,326.635271
6956,326.636503
6957,326.639593
6958,326.645
6959,326.653339
6960,326.665368
6961,326.673008
6962,326.677423
6963,326.679309
6964,326.679117
6965,326.677161
6966,326.673663
6967,326.668783
6968,326.662629
6969,326.655267
6970,326.646729
6971,326.63701
6972,326.626071
6973,326.613828
6974,326.600138
6975,326.584734
6976,327.086521
6977,327.110632
6978,327.130654
6979,327.146657
6980,327.15873
6981,327.166953
6982,327.171373
6983,327.171997
6984,327.168792
6985,327.161687
6986,327.150581
6987,327.13536
6988,327.115936
6989,327.092309
6990,327.064693
6991,327.033713
6992,327.000682
6993,326.967633
6994,326.936009
6995,326.906542
6996,326.879487
6997,326.854828
6998,326.832423
6999,326.812074
7000,326.793571
7001,326.776711
7002,326.76131
7003,326.747204
7004,326.734252
7005,326.722333
7006,326.711347
7007,326.701212
7008,326.691865
7009,326.683257
7010,326.675356
7011,326.668147
7012,326.661631
7013,326.655825
7014,326.650768
7015,326.64652
7016,326.643171
7017,326.64084
7018,326.639692
7019,326.639944
7020,326.641882
7021,326.645883
7022,326.65244
7023,326.662163
7024,326.675697
7025,326.684669
7026,326.690169
7027,326.692905
7028,326.693364
7029,326.691895
7030,326.68875
7031,326.684109
7032,326.678096
7033,326.670787
7034,326.662217
7035,326.65238
7036,326.641231
7037,326.628676
7038,326.614551
7039,326.598561
7040,327.165519
7041,327.19301
7042,327.215539
7043,327.233325
7044,327.246567
7045,327.255415
7046,327.259949
7047,327.260183
7048,327.25606
7049,327.247455
7050,327.234177
7051,327.215983
7052,327.192596
7053,327.163774
7054,327.129442
7055,327.090047
7056,327.047326
7057,327.005514
7058,326.966692
7059,326.931504
7060,326.899934
7061,326.871705
7062,326.846459
7063,326.823836
7064,326.803501
7065,326.785158
7066,326.768552
7067,326.753463
7068,326.739707
7069,326.727133
7070,326.715613
7071,326.705047
7072,326.695354
7073,326.686477
7074,326.678375
7075,326.671025
7076,326.664426
7077,326.658595
7078,326.653572
7079,326.649421
7080,326.646237
7081,326.644153
7082,326.643345
7083,326.644045
7084,326.64656
7085,326.651282
7086,326.658709
7087,326.669425
7088,326.684002
7089,326.693932
7090,326.700256
7091,326.703667
7092,326.70466
7093,326.703601
7094,326.700757
7095,326.696324
7096,326.690434
7097,326.683172
7098,326.674574
7099,326.664636
7100,326.653306
7101,326.640484
7102,326.625993
7103,326.609523
7104,327.260753
7105,327.292035
7106,327.317259
7107,327.336919
7108,327.351374
7109,327.360859
7110,327.365499
7111,327.365312
7112,327.360215
7113,327.350019
7114,327.334426
7115,327.313023
7116,327.28528
7117,327.25055
7118,327.208135
7119,327.157564
7120,327.100012
7121,327.046405
7122,326.998818
7123,326.957096
7124,326.920572
7125,326.888524
7126,326.860293
7127,326.83531
7128,326.813093
7129,326.79324
7130,326.775414
7131,326.759338
7132,326.74478
7133,326.731555
7134,326.719507
7135,326.708516
7136,326.698486
7137,326.689345
7138,326.681044
7139,326.673554
7140,326.66687
7141,326.661006
7142,326.656002
7143,326.651926
7144,326.648876
7145,326.646991
7146,326.646456
7147,326.647514
7148,326.650478
7149,326.655747
7150,326.663813
7151,326.67524
7152,326.690552
7153,326.701168
7154,326.7081
7155,326.712026
7156,326.713438
7157,326.712706
7158,326.710109
7159,326.705847
7160,326.700061
7161,326.692839
7162,326.68422
7163,326.674198
7164,326.66272
7165,326.64968
7166,326.634893
7167,326.618044
7168,327.375192
7169,327.410371
7170,327.438276
7171,327.459792
7172,327.475445
7173,327.485556
7174,327.490288
7175,327.489664
7176,327.483572
7177,327.471757
7178,327.453807
7179,327.429129
7180,327.396906
7181,327.356009
7182,327.304791
7183,327.240446
7184,327.156664
7185,327.088225
7186,327.030946
7187,326.982357
7188,326.940744
7189,326.90482
7190,326.873583
7191,326.846239
7192,326.82215
7193,326.800801
7194,326.781773
7195,326.764727
7196,326.749387
7197,326.735528
7198,326.72297
7199,326.711569
7200,326.701213
7201,326.691819
7202,326.683326
7203,326.6757
7204,326.668928
7205,326.663024
7206,326.658025
7207,326.654
7208,326.65105
7209,326.649315
7210,326.648986
7211,326.65031
7212,326.653604
7213,326.659268
7214,326.667785
7215,326.679705
7216,326.695524
7217,326.706618
7218,326.713981
7219,326.71828
7220,326.720003
7221,326.71952
7222,326.717112
7223,326.712984
7224,326.707281
7225,326.700093
7226,326.691459
7227,326.681373
7228,326.669781
7229,326.656572
7230,326.641561
7231,326.624425
7232,327.465279
7233,327.504017
7234,327.534439
7235,327.557698
7236,327.57447
7237,327.585157
7238,327.589964
7239,327.588917
7240,327.581879
7241,327.568532
7242,327.548362
7243,327.520617
7244,327.484234
7245,327.43771
7246,327.378812
7247,327.303917
7248,327.206357
7249,327.126738
7250,327.06104
7251,327.006133
7252,326.959717
7253,326.920094
7254,326.885973
7255,326.856358
7256,326.830468
7257,326.807682
7258,326.787502
7259,326.769529
7260,326.753442
7261,326.738981
7262,326.72594
7263,326.714153
7264,326.703492
7265,326.693859
7266,326.685185
7267,326.677428
7268,326.67057
7269,326.66462
7270,326.659612
7271,326.655615
7272,326.652729
7273,326.651096
7274,326.650906
7275,326.65241
7276,326.655925
7277,326.661848
7278,326.670658
7279,326.682894
7280,326.699038
7281,326.710439
7282,326.718084
7283,326.722631
7284,326.724565
7285,326.724255
7286,326.72198
7287,326.71795
7288,326.712309
7289,326.705147
7290,326.696506
7291,326.686377
7292,326.674705
7293,326.661378
7294,326.646208
7295,326.628871
7296,327.53707
7297,327.578831
7298,327.611475
7299,327.636297
7300,327.654077
7301,327.66528
7302,327.670141
7303,327.668692
7304,327.66077
7305,327.64601
7306,327.623811
7307,327.5933
7308,327.553244
7309,327.50192
7310,327.436851
7311,327.354276
7312,327.247909
7313,327.160204
7314,327.08779
7315,327.027513
7316,326.976858
7317,326.933891
7318,326.897126
7319,326.865414
7320,326.837851
7321,326.813727
7322,326.792475
7323,326.773641
7324,326.756862
7325,326.741847
7326,326.728361
7327,326.71622
7328,326.705279
7329,326.695429
7330,326.68659
7331,326.678711
7332,326.67177
7333,326.665769
7334,326.660741
7335,326.656749
7336,326.653893
7337,326.652313
7338,326.6522
7339,326.653801
7340,326.657434
7341,326.663493
7342,326.672456
7343,326.684855
7344,326.701165
7345,326.712725
7346,326.720519
7347,326.725202
7348,326.727253
7349,326.727043
7350,326.724849
7351,326.72088
7352,326.71528
7353,326.70814
7354,326.699498
7355,326.689347
7356,326.677631
7357,326.664235
7358,326.648972
7359,326.631515
7360,327.594146
7361,327.63839
7362,327.672907
7363,327.699071
7364,327.71772
7365,327.729363
7366,327.734256
7367,327.732433
7368,327.723713
7369,327.707689
7370,327.683704
7371,327.650797
7372,327.607637
7373,327.552396
7374,327.482528
7375,327.394325
7376,327.28179
7377,327.188177
7378,327.110566
7379,327.045928
7380,326.991702
7381,326.945847
7382,326.906759
7383,326.873181
7384,326.844121
7385,326.818796
7386,326.796579
7387,326.776972
7388,326.759572
7389,326.74406
7390,326.730179
7391,326.717724
7392,326.706537
7393,326.696496
7394,326.687511
7395,326.679524
7396,326.672506
7397,326.666452
7398,326.661393
7399,326.657386
7400,326.654528
7401,326.652956
7402,326.652857
7403,326.654476
7404,326.658129
7405,326.664208
7406,326.67319
7407,326.685608
7408,326.701937
7409,326.713518
7410,326.721336
7411,326.726044
7412,326.728125
7413,326.727945
7414,326.72578
7415,326.721838
7416,326.71626
7417,326.709136
7418,326.700502
7419,326.690352
7420,326.678625
7421,326.66521
7422,326.649916
7423,326.63242
7424,327.638949
7425,327.685175
7426,327.721214
7427,327.748481
7428,327.767847
7429,327.779847
7430,327.784749
7431,327.782587
7432,327.773167
7433,327.756055
7434,327.730551
7435,327.695646
7436,327.649956
7437,327.591611
7438,327.518072
7439,327.425711
7440,327.308697
7441,327.210729
7442,327.129157
7443,327.061079
7444,327.003954
7445,326.955699
7446,326.914648
7447,326.879476
7448,326.849128
7449,326.822764
7450,326.799712
7451,326.779435
7452,326.761501
7453,326.745563
7454,326.731345
7455,326.718625
7456,326.707232
7457,326.697031
7458,326.687925
7459,326.679847
7460,326.67276
7461,326.666657
7462,326.661558
7463,326.657518
7464,326.654628
7465,326.653019
7466,326.652874
7467,326.654434
7468,326.658009
7469,326.663991
7470,326.672858
7471,326.685148
7472,326.701346
7473,326.712807
7474,326.720521
7475,326.725148
7476,326.72717
7477,326.72695
7478,326.724765
7479,326.720816
7480,326.715243
7481,326.708131
7482,326.699516
7483,326.689387
7484,326.677686
7485,326.664301
7486,326.649041
7487,326.631585
7488,327.67326
7489,327.721019
7490,327.758246
7491,327.786378
7492,327.806305
7493,327.818574
7494,327.823462
7495,327.821002
7496,327.81099
7497,327.792973
7498,327.766226
7499,327.729713
7500,327.682026
7501,327.621289
7502,327.544987
7503,327.449562
7504,327.329276
7505,327.228104
7506,327.143561
7507,327.072843
7508,327.013444
7509,326.963274
7510,326.920633
7511,326.884157
7512,326.852748
7513,326.825527
7514,326.801786
7515,326.780959
7516,326.762587
7517,326.746305
7518,326.731816
7519,326.718888
7520,326.707333
7521,326.69701
7522,326.687812
7523,326.679664
7524,326.672523
7525,326.666373
7526,326.661231
7527,326.657143
7528,326.654194
7529,326.652508
7530,326.652259
7531,326.65368
7532,326.657076
7533,326.662838
7534,326.671444
7535,326.683445
7536,326.699346
7537,326.710531
7538,326.718005
7539,326.722436
7540,326.724307
7541,326.72398
7542,326.721725
7543,326.717739
7544,326.712154
7545,326.705053
7546,326.696466
7547,326.686384
7548,326.674745
7549,326.661439
7550,326.646279
7551,326.628943
7552,327.698405
7553,327.747291
7554,327.785396
7555,327.814165
7556,327.834499
7557,327.846953
7558,327.851806
7559,327.849091
7560,327.838595
7561,327.819856
7562,327.792135
7563,327.754381
7564,327.705179
7565,327.642659
7566,327.564333
7567,327.466694
7568,327.344058
7569,327.240576
7570,327.153867
7571,327.081197
7572,327.020091
7573,326.968463
7574,326.924602
7575,326.887118
7576,326.854887
7577,326.827002
7578,326.80273
7579,326.781482
7580,326.762781
7581,326.746243
7582,326.731559
7583,326.718482
7584,326.706819
7585,326.696415
7586,326.687158
7587,326.678965
7588,326.671786
7589,326.6656
7590,326.660414
7591,326.656268
7592,326.653237
7593,326.651434
7594,326.651024
7595,326.652228
7596,326.655341
7597,326.660745
7598,326.668924
7599,326.680443
7600,326.695844
7601,326.706569
7602,326.713647
7603,326.717756
7604,326.719381
7605,326.718877
7606,326.716506
7607,326.712453
7608,326.706844
7609,326.699754
7610,326.691209
7611,326.681197
7612,326.669658
7613,326.656482
7614,326.641489
7615,326.624361
7616,327.715358
7617,327.765003
7618,327.803695
7619,327.832885
7620,327.85348
7621,327.866035
7622,327.870834
7623,327.867905
7624,327.857035
7625,327.837752
7626,327.809312
7627,327.770656
7628,327.720371
7629,327.656595
7630,327.576863
7631,327.477701
7632,327.353454
7633,327.248389
7634,327.160189
7635,327.086163
7636,327.023862
7637,326.971207
7638,326.926483
7639,326.888286
7640,326.855475
7641,326.827126
7642,326.802489
7643,326.780958
7644,326.762042
7645,326.745343
7646,326.730544
7647,326.717387
7648,326.70567
7649,326.695232
7650,326.685953
7651,326.677745
7652,326.670551
7653,326.664341
7654,326.659115
7655,326.654905
7656,326.651774
7657,326.649822
7658,326.649199
7659,326.650108
7660,326.652826
7661,326.65772
7662,326.66527
7663,326.676063
7664,326.6907
7665,326.700729
7666,326.707222
7667,326.710869
7668,326.712148
7669,326.7114
7670,326.708869
7671,326.704726
7672,326.699083
7673,326.692007
7674,326.683519
7675,326.673603
7676,326.662201
7677,326.649208
7678,326.634449
7679,326.61762
7680,327.724799
7681,327.774861
7682,327.813868
7683,327.843275
7684,327.863988
7685,327.876567
7686,327.881292
7687,327.878193
7688,327.867053
7689,327.847398
7690,327.818479
7691,327.779238
7692,327.728261
7693,327.663695
7694,327.58309
7695,327.482992
7696,327.357762
7697,327.251734
7698,327.162627
7699,327.087777
7700,327.024749
7701,326.971473
7702,326.926229
7703,326.887609
7704,326.854463
7705,326.825854
7706,326.801022
7707,326.779351
7708,326.760339
7709,326.743581
7710,326.728751
7711,326.715586
7712,326.703875
7713,326.693454
7714,326.684196
7715,326.676006
7716,326.668821
7717,326.662605
7718,326.65735
7719,326.653077
7720,326.649834
7721,326.647709
7722,326.646827
7723,326.647369
7724,326.64958
7725,326.653796
7726,326.660473
7727,326.670206
7728,326.683693
7729,326.69271
7730,326.698391
7731,326.701423
7732,326.702258
7733,326.701203
7734,326.698475
7735,326.694224
7736,326.688544
7737,326.68149
7738,326.673077
7739,326.663283
7740,326.652055
7741,326.639292
7742,326.624836
7743,326.608402
7744,327.727152
7745,327.777307
7746,327.81637
7747,327.845796
7748,327.866492
7749,327.879017
7750,327.883651
7751,327.880424
7752,327.869116
7753,327.849254
7754,327.820087
7755,327.780557
7756,327.729253
7757,327.664325
7758,327.583329
7759,327.482822
7760,327.35717
7761,327.250736
7762,327.161254
7763,327.086069
7764,327.022755
7765,326.969244
7766,326.923815
7767,326.885059
7768,326.851819
7769,326.823156
7770,326.798302
7771,326.776637
7772,326.757653
7773,326.740942
7774,326.72617
7775,326.713071
7776,326.70143
7777,326.691079
7778,326.681886
7779,326.673751
7780,326.666607
7781,326.660409
7782,326.655141
7783,326.650811
7784,326.647457
7785,326.645144
7786,326.643974
7787,326.644091
7788,326.645695
7789,326.649064
7790,326.654581
7791,326.66279
7792,326.674469
7793,326.68203
7794,326.686637
7795,326.688903
7796,326.689204
7797,326.687794
7798,326.684846
7799,326.680478
7800,326.674766
7801,326.667747
7802,326.659428
7803,326.649786
7804,326.638764
7805,326.626276
7806,326.612182
7807,326.596237
7808,327.722609
7809,327.772541
7810,327.811406
7811,327.840658
7812,327.861204
7813,327.873599
7814,327.878126
7815,327.874812
7816,327.863438
7817,327.84353
7818,327.814339
7819,327.774809
7820,327.723527
7821,327.658646
7822,327.577721
7823,327.477304
7824,327.351761
7825,327.24545
7826,327.156101
7827,327.081054
7828,327.01788
7829,326.964511
7830,326.919227
7831,326.880617
7832,326.847527
7833,326.819015
7834,326.794316
7835,326.772805
7836,326.753976
7837,326.737417
7838,326.722795
7839,326.70984
7840,326.698336
7841,326.688111
7842,326.679032
7843,326.670994
7844,326.663923
7845,326.657772
7846,326.652513
7847,326.648146
7848,326.64469
7849,326.642192
7850,326.640723
7851,326.640387
7852,326.641322
7853,326.643713
7854,326.647798
7855,326.653879
7856,326.662316
7857,326.667856
7858,326.67114
7859,326.67252
7860,326.672232
7861,326.67044
7862,326.667264
7863,326.662785
7864,326.657053
7865,326.650091
7866,326.641893
7867,326.63243
7868,326.621648
7869,326.609467
7870,326.595771
7871,326.580378
7872,327.711134
7873,327.760526
7874,327.79894
7875,327.827827
7876,327.848089
7877,327.860282
7878,327.864685
7879,327.861325
7880,327.849985
7881,327.830192
7882,327.8012
7883,327.761956
7884,327.711047
7885,327.646625
7886,327.566234
7887,327.466413
7888,327.341515
7889,327.235864
7890,327.14716
7891,327.072726
7892,327.010121
7893,326.957272
7894,326.912461
7895,326.874281
7896,326.841583
7897,326.81343
7898,326.789061
7899,326.767854
7900,326.749307
7901,326.73301
7902,326.718629
7903,326.705898
7904,326.694599
7905,326.68456
7906,326.675645
7907,326.667748
7908,326.66079
7909,326.654719
7910,326.6495
7911,326.645121
7912,326.641588
7913,326.638926
7914,326.637177
7915,326.6364
7916,326.636671
7917,326.638067
7918,326.640643
7919,326.644344
7920,326.64872
7921,326.652012
7922,326.6539
7923,326.654373
7924,326.653493
7925,326.651329
7926,326.647942
7927,326.643375
7928,326.637651
7929,326.630774
7930,326.622729
7931,326.61348
7932,326.602972
7933,326.591128
7934,326.577851
7935,326.563028
7936,327.692463
7937,327.740987
7938,327.778691
7939,327.807018
7940,327.826864
7941,327.83878
7942,327.843042
7943,327.839678
7944,327.828473
7945,327.808958
7946,327.780392
7947,327.741728
7948,327.691557
7949,327.628026
7950,327.548665
7951,327.449985
7952,327.326308
7953,327.221894
7954,327.134384
7955,327.061063
7956,326.99947
7957,326.947528
7958,326.903524
7959,326.86606
7960,326.833997
7961,326.806411
7962,326.782547
7963,326.761795
7964,326.743658
7965,326.727731
7966,326.713686
7967,326.701259
7968,326.690234
7969,326.680441
7970,326.671742
7971,326.664033
7972,326.65723
7973,326.651278
7974,326.646135
7975,326.64178
7976,326.638207
7977,326.635421
7978,326.63344
7979,326.632284
7980,326.631975
7981,326.632512
7982,326.633844
7983,326.635797
7984,326.637959
7985,326.639588
7986,326.640321
7987,326.640015
7988,326.638626
7989,326.636153
7990,326.632607
7991,326.627994
7992,326.622318
7993,326.615565
7994,326.60771
7995,326.598711
7996,326.588508
7997,326.57703
7998,326.564193
7999,326.549918
8000,327.666069
8001,327.71338
8002,327.750105
8003,327.777672
8004,327.796965
8005,327.808529
8006,327.812635
8007,327.80931
8008,327.798342
8009,327.779271
8010,327.751367
8011,327.713592
8012,327.664548
8013,327.602383
8014,327.524611
8015,327.427699
8016,327.305904
8017,327.203391
8018,327.117693
8019,327.046031
8020,326.985923
8021,326.935291
8022,326.892436
8023,326.855976
8024,326.824794
8025,326.797979
8026,326.774797
8027,326.754648
8028,326.737047
8029,326.721599
8030,326.707984
8031,326.69594
8032,326.68526
8033,326.675773
8034,326.667345
8035,326.659871
8036,326.653269
8037,326.647477
8038,326.642453
8039,326.638166
8040,326.634601
8041,326.631749
8042,326.629607
8043,326.62817
8044,326.62742
8045,326.627315
8046,326.627757
8047,326.628564
8048,326.62943
8049,326.629959
8050,326.629866
8051,326.628984
8052,326.627222
8053,326.624536
8054,326.620903
8055,326.616306
8056,326.610729
8057,326.604146
8058,326.596524
8059,326.587813
8060,326.577951
8061,326.566861
8062,326.554457
8063,326.540657
8064,327.631095
8065,327.676821
8066,327.712282
8067,327.738882
8068,327.757485
8069,327.768621
8070,327.772554
8071,327.769311
8072,327.758686
8073,327.74023
8074,327.71323
8075,327.676672
8076,327.629179
8077,327.568916
8078,327.493394
8079,327.399028
8080,327.279942
8081,327.180154
8082,327.096995
8083,327.027606
8084,326.969491
8085,326.92059
8086,326.879232
8087,326.844069
8088,326.81401
8089,326.788173
8090,326.765845
8091,326.746446
8092,326.729507
8093,326.714644
8094,326.701549
8095,326.689969
8096,326.679701
8097,326.670581
8098,326.662479
8099,326.65529
8100,326.648933
8101,326.643347
8102,326.638486
8103,326.634318
8104,326.630818
8105,326.627969
8106,326.625755
8107,326.624155
8108,326.62313
8109,326.622618
8110,326.62251
8111,326.622638
8112,326.622773
8113,326.622652
8114,326.622053
8115,326.620817
8116,326.618841
8117,326.616059
8118,326.612429
8119,326.607919
8120,326.6025
8121,326.596141
8122,326.588799
8123,326.580423
8124,326.570944
8125,326.560276
8126,326.548312
8127,326.534927
8128,327.586146
8129,327.629877
8130,327.663775
8131,327.689192
8132,327.706961
8133,327.717591
8134,327.721335
8135,327.718219
8136,327.708045
8137,327.690381
8138,327.664542
8139,327.629549
8140,327.584072
8141,327.526324
8142,327.453857
8143,327.363082
8144,327.247923
8145,327.151961
8146,327.072219
8147,327.005791
8148,326.950212
8149,326.903478
8150,326.863971
8151,326.830394
8152,326.801699
8153,326.777041
8154,326.755737
8155,326.737231
8156,326.721074
8157,326.706901
8158,326.694414
8159,326.683375
8160,326.673587
8161,326.664894
8162,326.65717
8163,326.650315
8164,326.644251
8165,326.638917
8166,326.634267
8167,326.630269
8168,326.626895
8169,326.624124
8170,326.621935
8171,326.620299
8172,326.619171
8173,326.618481
8174,326.618122
8175,326.617943
8176,326.617753
8177,326.617344
8178,326.616528
8179,326.61516
8180,326.613135
8181,326.610382
8182,326.606851
8183,326.602504
8184,326.59731
8185,326.59123
8186,326.584224
8187,326.576235
8188,326.567194
8189,326.557006
8190,326.545539
8191,326.532593
8192,326.506202
8193,326.503418
8194,326.501172
8195,326.499246
8196,326.497505
8197,326.495854
8198,326.49423
8199,326.492584
8200,326.490883
8201,326.489104
8202,326.487233
8203,326.485264
8204,326.483197
8205,326.48104
8206,326.478806
8207,326.476515
8208,326.47419
8209,326.471855
8210,326.469537
8211,326.467262
8212,326.465052
8213,326.462928
8214,326.460906
8215,326.459002
8216,326.457228
8217,326.455592
8218,326.454102
8219,326.452763
8220,326.451577
8221,326.450544
8222,326.449662
8223,326.448923
8224,326.448316
8225,326.447824
8226,326.447425
8227,326.447083
8228,326.446755
8229,326.446381
8230,326.445882
8231,326.445189
8232,326.44425
8233,326.443026
8234,326.441489
8235,326.439618
8236,326.437399
8237,326.434824
8238,326.431888
8239,326.428594
8240,326.424946
8241,326.420958
8242,326.416647
8243,326.41204
8244,326.407176
8245,326.402107
8246,326.396906
8247,326.391639
8248,326.386358
8249,326.381097
8250,326.375882
8251,326.370729
8252,326.365644
8253,326.360628
8254,326.355676
8255,326.350772
8256,326.517432
8257,326.514876
8258,326.512715
8259,326.510812
8260,326.509062
8261,326.507384
8262,326.505716
8263,326.504014
8264,326.502246
8265,326.500389
8266,326.498428
8267,326.496359
8268,326.494182
8269,326.491907
8270,326.489547
8271,326.487123
8272,326.48466
8273,326.482188
8274,326.479733
8275,326.477323
8276,326.474983
8277,326.472733
8278,326.470593
8279,326.468577
8280,326.466697
8281,326.464963
8282,326.463383
8283,326.461962
8284,326.460701
8285,326.459601
8286,326.458658
8287,326.457866
8288,326.457212
8289,326.456679
8290,326.456241
8291,326.455865
8292,326.455501
8293,326.455089
8294,326.454547
8295,326.453801
8296,326.452797
8297,326.451495
8298,326.449865
8299,326.447886
8300,326.445542
8301,326.442824
8302,326.439729
8303,326.436257
8304,326.432416
8305,326.428217
8306,326.42368
8307,326.418834
8308,326.413719
8309,326.408388
8310,326.402919
8311,326.397381
8312,326.391826
8313,326.386294
8314,326.380809
8315,326.375388
8316,326.37004
8317,326.364768
8318,326.359566
8319,326.354427
8320,326.527883
8321,326.525682
8322,326.523731
8323,326.521952
8324,326.52027
8325,326.518621
8326,326.516956
8327,326.515233
8328,326.513424
8329,326.511509
8330,326.509475
8331,326.507316
8332,326.505036
8333,326.502644
8334,326.500155
8335,326.497594
8336,326.494988
8337,326.492369
8338,326.489769
8339,326.487217
8340,326.48474
8341,326.482359
8342,326.480094
8343,326.477959
8344,326.475968
8345,326.47413
8346,326.472453
8347,326.47094
8348,326.469596
8349,326.468418
8350,326.467404
8351,326.466546
8352,326.465831
8353,326.465242
8354,326.464751
8355,326.464322
8356,326.463907
8357,326.46344
8358,326.462837
8359,326.462024
8360,326.460943
8361,326.459554
8362,326.457824
8363,326.455731
8364,326.45326
8365,326.450401
8366,326.44715
8367,326.443508
8368,326.439483
8369,326.435086
8370,326.430339
8371,326.425271
8372,326.419923
8373,326.414352
8374,326.408637
8375,326.402849
8376,326.397043
8377,326.391259
8378,326.385525
8379,326.379858
8380,326.374268
8381,326.368758
8382,326.363329
8383,326.357973
8384,326.537741
8385,326.53594
8386,326.534268
8387,326.53268
8388,326.531124
8389,326.529554
8390,326.527929
8391,326.526218
8392,326.524395
8393,326.522442
8394,326.520348
8395,326.518112
8396,326.515735
8397,326.513229
8398,326.510612
8399,326.507909
8400,326.505153
8401,326.502381
8402,326.499629
8403,326.49693
8404,326.49431
8405,326.491792
8406,326.489397
8407,326.487139
8408,326.485031
8409,326.483082
8410,326.4813
8411,326.479689
8412,326.478252
8413,326.476987
8414,326.47589
8415,326.474953
8416,326.474164
8417,326.473503
8418,326.472943
8419,326.472445
8420,326.471961
8421,326.471422
8422,326.470744
8423,326.469849
8424,326.46868
8425,326.467193
8426,326.465356
8427,326.463145
8428,326.460545
8429,326.457546
8430,326.454143
8431,326.450338
8432,326.446139
8433,326.441557
8434,326.436614
8435,326.431341
8436,326.42578
8437,326.41999
8438,326.41405
8439,326.408034
8440,326.401999
8441,326.395986
8442,326.390023
8443,326.384129
8444,326.378316
8445,326.372589
8446,326.366948
8447,326.361391
8448,326.547106
8449,326.545717
8450,326.544358
8451,326.543002
8452,326.541613
8453,326.540159
8454,326.538609
8455,326.536937
8456,326.535122
8457,326.53315
8458,326.531014
8459,326.528711
8460,326.526246
8461,326.523632
8462,326.520888
8463,326.518042
8464,326.515132
8465,326.512202
8466,326.509294
8467,326.506443
8468,326.503677
8469,326.501019
8470,326.49849
8471,326.496105
8472,326.493875
8473,326.49181
8474,326.489917
8475,326.4882
8476,326.486661
8477,326.485298
8478,326.484107
8479,326.48308
8480,326.482203
8481,326.481455
8482,326.48081
8483,326.480228
8484,326.479658
8485,326.479031
8486,326.478262
8487,326.477272
8488,326.476002
8489,326.474407
8490,326.472456
8491,326.470123
8492,326.467392
8493,326.464254
8494,326.460704
8495,326.456743
8496,326.452379
8497,326.447625
8498,326.442502
8499,326.437041
8500,326.431287
8501,326.425298
8502,326.419154
8503,326.412933
8504,326.40669
8505,326.400468
8506,326.394296
8507,326.388196
8508,326.382179
8509,326.376251
8510,326.370414
8511,326.364667
8512,326.556017
8513,326.555037
8514,326.554007
8515,326.552907
8516,326.551714
8517,326.550404
8518,326.548953
8519,326.547343
8520,326.545557
8521,326.543585
8522,326.541421
8523,326.539064
8524,326.536522
8525,326.533808
8526,326.530942
8527,326.527956
8528,326.52489
8529,326.521803
8530,326.518739
8531,326.515736
8532,326.512824
8533,326.510026
8534,326.507362
8535,326.504846
8536,326.502491
8537,326.500306
8538,326.498296
8539,326.496466
8540,326.494817
8541,326.493347
8542,326.492051
8543,326.490921
8544,326.489942
8545,326.489094
8546,326.488348
8547,326.487665
8548,326.486993
8549,326.486263
8550,326.485388
8551,326.484289
8552,326.482907
8553,326.481195
8554,326.479122
8555,326.476662
8556,326.4738
8557,326.470524
8558,326.466831
8559,326.462721
8560,326.458202
8561,326.453288
8562,326.447999
8563,326.442369
8564,326.43644
8565,326.430272
8566,326.423946
8567,326.41754
8568,326.41111
8569,326.404701
8570,326.398342
8571,326.392053
8572,326.385849
8573,326.379737
8574,326.373718
8575,326.367793
8576,326.56447
8577,326.563891
8578,326.563193
8579,326.562362
8580,326.561381
8581,326.560233
8582,326.558902
8583,326.557373
8584,326.555634
8585,326.553678
8586,326.551501
8587,326.549105
8588,326.546498
8589,326.543695
8590,326.540718
8591,326.537602
8592,326.534391
8593,326.531154
8594,326.52794
8595,326.52479
8596,326.521735
8597,326.518798
8598,326.515999
8599,326.513354
8600,326.510872
8601,326.508563
8602,326.506432
8603,326.504483
8604,326.502716
8605,326.50113
8606,326.499718
8607,326.498473
8608,326.497379
8609,326.496416
8610,326.495554
8611,326.494755
8612,326.493966
8613,326.493117
8614,326.492122
8615,326.490901
8616,326.489394
8617,326.487557
8618,326.485355
8619,326.482765
8620,326.479769
8621,326.476357
8622,326.472525
8623,326.468273
8624,326.46361
8625,326.458547
8626,326.453109
8627,326.447325
8628,326.441239
8629,326.434913
8630,326.428426
8631,326.421856
8632,326.415261
8633,326.408684
8634,326.402157
8635,326.395699
8636,326.389325
8637,326.383043
8638,326.376856
8639,326.370764
8640,326.572457
8641,326.572264
8642,326.571893
8643,326.571334
8644,326.570575
8645,326.569603
8646,326.568406
8647,326.566974
8648,326.565298
8649,326.563373
8650,326.561198
8651,326.558777
8652,326.55612
8653,326.553243
8654,326.55017
8655,326.546939
8656,326.5436
8657,326.540226
8658,326.536874
8659,326.533586
8660,326.530394
8661,326.527324
8662,326.524394
8663,326.521619
8664,326.51901
8665,326.516575
8666,326.514319
8667,326.512246
8668,326.510355
8669,326.508644
8670,326.507108
8671,326.505736
8672,326.504515
8673,326.503422
8674,326.50243
8675,326.501499
8676,326.500577
8677,326.499595
8678,326.498465
8679,326.497109
8680,326.495467
8681,326.493494
8682,326.491157
8683,326.488432
8684,326.485301
8685,326.481754
8686,326.477788
8687,326.473402
8688,326.468603
8689,326.463406
8690,326.457832
8691,326.451912
8692,326.445689
8693,326.439223
8694,326.432596
8695,326.425883
8696,326.419144
8697,326.41242
8698,326.405742
8699,326.399133
8700,326.392607
8701,326.38617
8702,326.379827
8703,326.373579
8704,326.579973
8705,326.580149
8706,326.580098
8707,326.57981
8708,326.579276
8709,326.578488
8710,326.577435
8711,326.576111
8712,326.574511
8713,326.572632
8714,326.570474
8715,326.568044
8716,326.565353
8717,326.562418
8718,326.559268
8719,326.55594
8720,326.552491
8721,326.548998
8722,326.545523
8723,326.542108
8724,326.53879
8725,326.535593
8726,326.532537
8727,326.529636
8728,326.526901
8729,326.52434
8730,326.521957
8731,326.519756
8732,326.517735
8733,326.515892
8734,326.514221
8735,326.512712
8736,326.511351
8737,326.510116
8738,326.50898
8739,326.507902
8740,326.506831
8741,326.5057
8742,326.504422
8743,326.502918
8744,326.501129
8745,326.499012
8746,326.496533
8747,326.493669
8748,326.490402
8749,326.486722
8750,326.482625
8751,326.478112
8752,326.473189
8753,326.46787
8754,326.462175
8755,326.456135
8756,326.449793
8757,326.443209
8758,326.436461
8759,326.429626
8760,326.422762
8761,326.41591
8762,326.409102
8763,326.402359
8764,326.395695
8765,326.389118
8766,326.382632
8767,326.376238
8768,326.587022
8769,326.587548
8770,326.587805
8771,326.587783
8772,326.587474
8773,326.586873
8774,326.585972
8775,326.584767
8776,326.583254
8777,326.581433
8778,326.579307
8779,326.576884
8780,326.574175
8781,326.571201
8782,326.567991
8783,326.564587
8784,326.561048
8785,326.557455
8786,326.553872
8787,326.550346
8788,326.546913
8789,326.543599
8790,326.540423
8791,326.537401
8792,326.534543
8793,326.531857
8794,326.529346
8795,326.527013
8796,326.524857
8797,326.522875
8798,326.521061
8799,326.519405
8800,326.517893
8801,326.516503
8802,326.515208
8803,326.513969
8804,326.512735
8805,326.51144
8806,326.509999
8807,326.508334
8808,326.506389
8809,326.504118
8810,326.501491
8811,326.498483
8812,326.495079
8813,326.491268
8814,326.487045
8815,326.482412
8816,326.477374
8817,326.471945
8818,326.466144
8819,326.460002
8820,326.45356
8821,326.446876
8822,326.440028
8823,326.433092
8824,326.426123
8825,326.419164
8826,326.412243
8827,326.405383
8828,326.398597
8829,326.391893
8830,326.385276
8831,326.378746
8832,326.593609
8833,326.594467
8834,326.595018
8835,326.595254
8836,326.595168
8837,326.594755
8838,326.594011
8839,326.592931
8840,326.591516
8841,326.589766
8842,326.587686
8843,326.585284
8844,326.582574
8845,326.57958
8846,326.57633
8847,326.572871
8848,326.569262
8849,326.565588
8850,326.561915
8851,326.558293
8852,326.554758
8853,326.551337
8854,326.548051
8855,326.544915
8856,326.541938
8857,326.539128
8858,326.536488
8859,326.534022
8860,326.531727
8861,326.529601
8862,326.527636
8863,326.525824
8864,326.524149
8865,326.522592
8866,326.521124
8867,326.519709
8868,326.518298
8869,326.516825
8870,326.515206
8871,326.513368
8872,326.511254
8873,326.508822
8874,326.50604
8875,326.502885
8876,326.499343
8877,326.495402
8878,326.491058
8879,326.486312
8880,326.481169
8881,326.475643
8882,326.469751
8883,326.463523
8884,326.456999
8885,326.450236
8886,326.443309
8887,326.436291
8888,326.429238
8889,326.422189
8890,326.415173
8891,326.408212
8892,326.401318
8893,326.394501
8894,326.387764
8895,326.381108
8896,326.599747
8897,326.600916
8898,326.601747
8899,326.602232
8900,326.602364
8901,326.602138
8902,326.601553
8903,326.600606
8904,326.599297
8905,326.597628
8906,326.595607
8907,326.593242
8908,326.590549
8909,326.587552
8910,326.584282
8911,326.580787
8912,326.577128
8913,326.573394
8914,326.56965
8915,326.565947
8916,326.562325
8917,326.55881
8918,326.555422
8919,326.552178
8920,326.549088
8921,326.546157
8922,326.54339
8923,326.540789
8924,326.538352
8925,326.536077
8926,326.533955
8927,326.531978
8928,326.530131
8929,326.528394
8930,326.526741
8931,326.525136
8932,326.523532
8933,326.521866
8934,326.520057
8935,326.518033
8936,326.51574
8937,326.513137
8938,326.510194
8939,326.50689
8940,326.503208
8941,326.499139
8942,326.494679
8943,326.489827
8944,326.484589
8945,326.478977
8946,326.473009
8947,326.466713
8948,326.460126
8949,326.453302
8950,326.446316
8951,326.439237
8952,326.432118
8953,326.424998
8954,326.417905
8955,326.410858
8956,326.403871
8957,326.396952
8958,326.390106
8959,326.383333
8960,326.605448
8961,326.606909
8962,326.608005
8963,326.608728
8964,326.609072
8965,326.609033
8966,326.608608
8967,326.607797
8968,326.606602
8969,326.605026
8970,326.603075
8971,326.600761
8972,326.598102
8973,326.59512
8974,326.59185
8975,326.588339
8976,326.584651
8977,326.580874
8978,326.577077
8979,326.573312
8980,326.569616
8981,326.566019
8982,326.562541
8983,326.559198
8984,326.555999
8985,326.552952
8986,326.550059
8987,326.547324
8988,326.544743
8989,326.542314
8990,326.54003
8991,326.53788
8992,326.535852
8993,326.533925
8994,326.532075
8995,326.530267
8996,326.528456
8997,326.526582
8998,326.524569
8999,326.522347
9000,326.519864
9001,326.517082
9002,326.513973
9003,326.510515
9004,326.506694
9005,326.502499
9006,326.497926
9007,326.492976
9008,326.487653
9009,326.481967
9010,326.475938
9011,326.469589
9012,326.462957
9013,326.456093
9014,326.449067
9015,326.441947
9016,326.434782
9017,326.427608
9018,326.420453
9019,326.413334
9020,326.406267
9021,326.399258
9022,326.392312
9023,326.385431
9024,326.61073
9025,326.612463
9026,326.61381
9027,326.61476
9028,326.615309
9029,326.615453
9030,326.61519
9031,326.614519
9032,326.613444
9033,326.611969
9034,326.610101
9035,326.607853
9036,326.605242
9037,326.602293
9038,326.599041
9039,326.595534
9040,326.591837
9041,326.588038
9042,326.584206
9043,326.580394
9044,326.57664
9045,326.572974
9046,326.569417
9047,326.565982
9048,326.562682
9049,326.559522
9050,326.556507
9051,326.553637
9052,326.550912
9053,326.548326
9054,326.545875
9055,326.543547
9056,326.54133
9057,326.539204
9058,326.537145
9059,326.535121
9060,326.53309
9061,326.530995
9062,326.528764
9063,326.526332
9064,326.52365
9065,326.520683
9066,326.517403
9067,326.513789
9068,326.509827
9069,326.505509
9070,326.500828
9071,326.495785
9072,326.490386
9073,326.484639
9074,326.47856
9075,326.472175
9076,326.465516
9077,326.458631
9078,326.451586
9079,326.444443
9080,326.437248
9081,326.430037
9082,326.422834
9083,326.415658
9084,326.408521
9085,326.401432
9086,326.394396
9087,326.387414
9088,326.615612
9089,326.6176
9090,326.619182
9091,326.620349
9092,326.621096
9093,326.62142
9094,326.621317
9095,326.62079
9096,326.619841
9097,326.618475
9098,326.616701
9099,326.614532
9100,326.611985
9101,326.609086
9102,326.60587
9103,326.602386
9104,326.598698
9105,326.594896
9106,326.591047
9107,326.587205
9108,326.583408
9109,326.579686
9110,326.576059
9111,326.572543
9112,326.569148
9113,326.565881
9114,326.562746
9115,326.559744
9116,326.556873
9117,326.55413
9118,326.551508
9119,326.548998
9120,326.546585
9121,326.544253
9122,326.541976
9123,326.539726
9124,326.537462
9125,326.535133
9126,326.532672
9127,326.530019
9128,326.527131
9129,326.523972
9130,326.520517
9131,326.516746
9132,326.512644
9133,326.508204
9134,326.50342
9135,326.498291
9136,326.492823
9137,326.487024
9138,326.48091
9139,326.474503
9140,326.467834
9141,326.460945
9142,326.453899
9143,326.44675
9144,326.439543
9145,326.432308
9146,326.42507
9147,326.417847
9148,326.410651
9149,326.403491
9150,326.396372
9151,326.389296
9152,326.620118
9153,326.622342
9154,326.624146
9155,326.625521
9156,326.626459
9157,326.626957
9158,326.627015
9159,326.626634
9160,326.625816
9161,326.624567
9162,326.622897
9163,326.620818
9164,326.618349
9165,326.615516
9166,326.612355
9167,326.608912
9168,326.605252
9169,326.601465
9170,326.597617
9171,326.593761
9172,326.589936
9173,326.58617
9174,326.582485
9175,326.578895
9176,326.575413
9177,326.572044
9178,326.568792
9179,326.56566
9180,326.562645
9181,326.559744
9182,326.55695
9183,326.554253
9184,326.551642
9185,326.549097
9186,326.546596
9187,326.544111
9188,326.541605
9189,326.539031
9190,326.53633
9191,326.53345
9192,326.530348
9193,326.526994
9194,326.523362
9195,326.519433
9196,326.515193
9197,326.510634
9198,326.50575
9199,326.500541
9200,326.495011
9201,326.489169
9202,326.483029
9203,326.476612
9204,326.469947
9205,326.463072
9206,326.456039
9207,326.4489
9208,326.441692
9209,326.434446
9210,326.427184
9211,326.419923
9212,326.412676
9213,326.405452
9214,326.398256
9215,326.391092
9216,326.624276
9217,326.626721
9218,326.628733
9219,326.630304
9220,326.631427
9221,326.632097
9222,326.632315
9223,326.63208
9224,326.631397
9225,326.630272
9226,326.628715
9227,326.626738
9228,326.624361
9229,326.621609
9230,326.618518
9231,326.615134
9232,326.611521
9233,326.607766
9234,326.603936
9235,326.600081
9236,326.596241
9237,326.592444
9238,326.58871
9239,326.585056
9240,326.581493
9241,326.578027
9242,326.574663
9243,326.571403
9244,326.568245
9245,326.565186
9246,326.56222
9247,326.559337
9248,326.556524
9249,326.553765
9250,326.551038
9251,326.548314
9252,326.545561
9253,326.542735
9254,326.539789
9255,326.536677
9256,326.533361
9257,326.52981
9258,326.526001
9259,326.521915
9260,326.517539
9261,326.512863
9262,326.507883
9263,326.502598
9264,326.497012
9265,326.491133
9266,326.484975
9267,326.478557
9268,326.471905
9269,326.465055
9270,326.458049
9271,326.450929
9272,326.44373
9273,326.436479
9274,326.4292
9275,326.421908
9276,326.414616
9277,326.407334
9278,326.400067
9279,326.392818
9280,326.628118
9281,326.630769
9282,326.632979
9283,326.634737
9284,326.636037
9285,326.636876
9286,326.637251
9287,326.637165
9288,326.636621
9289,326.635626
9290,326.634189
9291,326.632324
9292,326.630051
9293,326.627394
9294,326.624389
9295,326.621081
9296,326.617531
9297,326.613826
9298,326.610029
9299,326.606191
9300,326.602348
9301,326.59853
9302,326.594758
9303,326.591047
9304,326.587408
9305,326.583851
9306,326.580378
9307,326.576993
9308,326.573695
9309,326.57048
9310,326.567342
9311,326.564273
9312,326.56126
9313,326.558288
9314,326.555334
9315,326.552374
9316,326.549376
9317,326.546303
9318,326.543116
9319,326.539775
9320,326.536247
9321,326.532502
9322,326.528518
9323,326.524278
9324,326.519768
9325,326.51498
9326,326.509907
9327,326.50455
9328,326.498912
9329,326.493
9330,326.486827
9331,326.480411
9332,326.473776
9333,326.466951
9334,326.459973
9335,326.452875
9336,326.445687
9337,326.438437
9338,326.431145
9339,326.423826
9340,326.416493
9341,326.409156
9342,326.40182
9343,326.394491
9344,326.631685
9345,326.634528
9346,326.636924
9347,326.638862
9348,326.640335
9349,326.641338
9350,326.641871
9351,326.641934
9352,326.641531
9353,326.64067
9354,326.63936
9355,326.637616
9356,326.635457
9357,326.632908
9358,326.630002
9359,326.626785
9360,326.623315
9361,326.619675
9362,326.615926
9363,326.612116
9364,326.608283
9365,326.604454
9366,326.60065
9367,326.596888
9368,326.593181
9369,326.589535
9370,326.585958
9371,326.582451
9372,326.579014
9373,326.575645
9374,326.572339
9375,326.569086
9376,326.565876
9377,326.562693
9378,326.559518
9379,326.556327
9380,326.553092
9381,326.549783
9382,326.546363
9383,326.542801
9384,326.539066
9385,326.535132
9386,326.530979
9387,326.526589
9388,326.521949
9389,326.517051
9390,326.511889
9391,326.506463
9392,326.500775
9393,326.494831
9394,326.488645
9395,326.48223
9396,326.475609
9397,326.468807
9398,326.461852
9399,326.454774
9400,326.447598
9401,326.440348
9402,326.433043
9403,326.425699
9404,326.418327
9405,326.410937
9406,326.403536
9407,326.396127
9408,326.635024
9409,326.638049
9410,326.640623
9411,326.642734
9412,326.644375
9413,326.64554
9414,326.646228
9415,326.64644
9416,326.646181
9417,326.645457
9418,326.64428
9419,326.642663
9420,326.640626
9421,326.638194
9422,326.635401
9423,326.632288
9424,326.628912
9425,326.62535
9426,326.621661
9427,326.617891
9428,326.614075
9429,326.610242
9430,326.606413
9431,326.602606
9432,326.598833
9433,326.595103
9434,326.591423
9435,326.587797
9436,326.584225
9437,326.580705
9438,326.577232
9439,326.5738
9440,326.570397
9441,326.567009
9442,326.563619
9443,326.560206
9444,326.556745
9445,326.553209
9446,326.549569
9447,326.545795
9448,326.541863
9449,326.537748
9450,326.533431
9451,326.528897
9452,326.524132
9453,326.519128
9454,326.51388
9455,326.508386
9456,326.502649
9457,326.496675
9458,326.490473
9459,326.484057
9460,326.477446
9461,326.47066
9462,326.463723
9463,326.456659
9464,326.449492
9465,326.44224
9466,326.434921
9467,326.42755
9468,326.420139
9469,326.412697
9470,326.40523
9471,326.397744
9472,326.638193
9473,326.641393
9474,326.644139
9475,326.646419
9476,326.648223
9477,326.649548
9478,326.65039
9479,326.650752
9480,326.650637
9481,326.650053
9482,326.64901
9483,326.647525
9484,326.645616
9485,326.643309
9486,326.640636
9487,326.637638
9488,326.634367
9489,326.630895
9490,326.627274
9491,326.62355
9492,326.619758
9493,326.615925
9494,326.612075
9495,326.608225
9496,326.604388
9497,326.600577
9498,326.596797
9499,326.593053
9500,326.589348
9501,326.585679
9502,326.582044
9503,326.578436
9504,326.574846
9505,326.57126
9506,326.567664
9507,326.564039
9508,326.560363
9509,326.556612
9510,326.552763
9511,326.54879
9512,326.54467
9513,326.540383
9514,326.53591
9515,326.531237
9516,326.526352
9517,326.521246
9518,326.515915
9519,326.510356
9520,326.504571
9521,326.498565
9522,326.492345
9523,326.485924
9524,326.479317
9525,326.47254
9526,326.465615
9527,326.45856
9528,326.451394
9529,326.444136
9530,326.436801
9531,326.429402
9532,326.42195
9533,326.414454
9534,326.406922
9535,326.399357
9536,326.641267
9537,326.644637
9538,326.647551
9539,326.649996
9540,326.651963
9541,326.653446
9542,326.654441
9543,326.654952
9544,326.654981
9545,326.654537
9546,326.653631
9547,326.652278
9548,326.650499
9549,326.648319
9550,326.64577
9551,326.642893
9552,326.639735
9553,326.636356
9554,326.632808
9555,326.629133
9556,326.625366
9557,326.621535
9558,326.617664
9559,326.613771
9560,326.609873
9561,326.60598
9562,326.6021
9563,326.598241
9564,326.594404
9565,326.590589
9566,326.586795
9567,326.583016
9568,326.579244
9569,326.575467
9570,326.571674
9571,326.567847
9572,326.563967
9573,326.560015
9574,326.555969
9575,326.551808
9576,326.547511
9577,326.543061
9578,326.53844
9579,326.533636
9580,326.528636
9581,326.523434
9582,326.518022
9583,326.5124
9584,326.506567
9585,326.500527
9586,326.494287
9587,326.487856
9588,326.481247
9589,326.474473
9590,326.467552
9591,326.460498
9592,326.453329
9593,326.44606
9594,326.438703
9595,326.431272
9596,326.423777
9597,326.416226
9598,326.408626
9599,326.400983
9600,326.644338
9601,326.647878
9602,326.650961
9603,326.653571
9604,326.655699
9605,326.657339
9606,326.658487
9607,326.659146
9608,326.659318
9609,326.659012
9610,326.658241
9611,326.657019
9612,326.655368
9613,326.653313
9614,326.650886
9615,326.648125
9616,326.645076
9617,326.641789
9618,326.63831
9619,326.634681
9620,326.630936
9621,326.627104
9622,326.62321
9623,326.619273
9624,326.61531
9625,326.611334
9626,326.607355
9627,326.603379
9628,326.599412
9629,326.595453
9630,326.591503
9631,326.587557
9632,326.583609
9633,326.57965
9634,326.575667
9635,326.571648
9636,326.567576
9637,326.563434
9638,326.559203
9639,326.554866
9640,326.550403
9641,326.545799
9642,326.54104
9643,326.536111
9644,326.531003
9645,326.525708
9646,326.52022
9647,326.514536
9648,326.508655
9649,326.502581
9650,326.496317
9651,326.489872
9652,326.483255
9653,326.476478
9654,326.469554
9655,326.462495
9656,326.455316
9657,326.44803
9658,326.440648
9659,326.433181
9660,326.425639
9661,326.418029
9662,326.41036
9663,326.402635
9664,326.647496
9665,326.65121
9666,326.654462
9667,326.657239
9668,326.65953
9669,326.661327
9670,326.662627
9671,326.663432
9672,326.663745
9673,326.663575
9674,326.662934
9675,326.661839
9676,326.66031
9677,326.658373
9678,326.656059
9679,326.653405
9680,326.650452
9681,326.647245
9682,326.643826
9683,326.640234
9684,326.636504
9685,326.632665
9686,326.628741
9687,326.624755
9688,326.620724
9689,326.616662
9690,326.612581
9691,326.608488
9692,326.60439
9693,326.600288
9694,326.596185
9695,326.592076
9696,326.587957
9697,326.583821
9698,326.579659
9699,326.575457
9700,326.571203
9701,326.566882
9702,326.562478
9703,326.557975
9704,326.553357
9705,326.54861
9706,326.54372
9707,326.538675
9708,326.533465
9709,326.528082
9710,326.52252
9711,326.516777
9712,326.510849
9713,326.504739
9714,326.49845
9715,326.491987
9716,326.485358
9717,326.478571
9718,326.471637
9719,326.464567
9720,326.457372
9721,326.450063
9722,326.44265
9723,326.435143
9724,326.42755
9725,326.419879
9726,326.412136
9727,326.404328
9728,326.650812
9729,326.654706
9730,326.658135
9731,326.661082
9732,326.663537
9733,326.665493
9734,326.666945
9735,326.667894
9736,326.668345
9737,326.668306
9738,326.667789
9739,326.666812
9740,326.665396
9741,326.663565
9742,326.661351
9743,326.658789
9744,326.655915
9745,326.652772
9746,326.649398
9747,326.645831
9748,326.642105
9749,326.638248
9750,326.634287
9751,326.630244
9752,326.626138
9753,326.621985
9754,326.617797
9755,326.613585
9756,326.609354
9757,326.60511
9758,326.600855
9759,326.596586
9760,326.592301
9761,326.587995
9762,326.583659
9763,326.579284
9764,326.574858
9765,326.570369
9766,326.565802
9767,326.561144
9768,326.556381
9769,326.5515
9770,326.546488
9771,326.541334
9772,326.536028
9773,326.530563
9774,326.524932
9775,326.519131
9776,326.513157
9777,326.507012
9778,326.500695
9779,326.494211
9780,326.487565
9781,326.480764
9782,326.473816
9783,326.466729
9784,326.459513
9785,326.452175
9786,326.444726
9787,326.437173
9788,326.429525
9789,326.421788
9790,326.413969
9791,326.406074
9792,326.654345
9793,326.658429
9794,326.662042
9795,326.665166
9796,326.667789
9797,326.669904
9798,326.671507
9799,326.672598
9800,326.673183
9801,326.673269
9802,326.672869
9803,326.672
9804,326.670684
9805,326.668946
9806,326.666815
9807,326.664325
9808,326.661512
9809,326.658414
9810,326.655067
9811,326.651508
9812,326.64777
9813,326.643883
9814,326.639872
9815,326.635762
9816,326.631573
9817,326.627322
9818,326.623022
9819,326.618685
9820,326.61432
9821,326.609932
9822,326.605525
9823,326.601099
9824,326.596652
9825,326.59218
9826,326.587678
9827,326.583137
9828,326.578548
9829,326.5739
9830,326.56918
9831,326.564378
9832,326.559479
9833,326.554473
9834,326.549347
9835,326.544092
9836,326.538697
9837,326.533155
9838,326.527459
9839,326.521603
9840,326.515586
9841,326.509405
9842,326.50306
9843,326.496553
9844,326.489888
9845,326.483069
9846,326.476101
9847,326.468992
9848,326.461749
9849,326.454379
9850,326.446888
9851,326.439286
9852,326.431578
9853,326.423771
9854,326.415871
9855,326.407885
9856,326.658145
9857,326.662432
9858,326.666238
9859,326.669545
9860,326.672341
9861,326.674618
9862,326.676372
9863,326.677603
9864,326.678316
9865,326.678519
9866,326.678226
9867,326.677454
9868,326.676223
9869,326.67456
9870,326.672494
9871,326.670056
9872,326.667282
9873,326.664207
9874,326.660867
9875,326.657297
9876,326.65353
9877,326.649595
9878,326.645521
9879,326.641332
9880,326.637048
9881,326.632689
9882,326.62827
9883,326.623803
9884,326.6193
9885,326.614765
9886,326.610206
9887,326.605623
9888,326.601017
9889,326.596384
9890,326.591721
9891,326.587021
9892,326.582277
9893,326.577478
9894,326.572615
9895,326.567677
9896,326.562652
9897,326.55753
9898,326.552299
9899,326.54695
9900,326.541473
9901,326.535859
9902,326.530103
9903,326.524197
9904,326.518138
9905,326.511923
9906,326.50555
9907,326.499019
9908,326.492332
9909,326.485492
9910,326.478502
9911,326.471367
9912,326.464093
9913,326.456684
9914,326.449148
9915,326.441491
9916,326.433719
9917,326.425837
9918,326.417853
9919,326.409772
9920,326.662253
9921,326.666758
9922,326.670768
9923,326.674267
9924,326.677242
9925,326.679684
9926,326.681588
9927,326.682956
9928,326.683791
9929,326.684103
9930,326.683906
9931,326.683216
9932,326.682055
9933,326.680449
9934,326.678426
9935,326.676018
9936,326.673259
9937,326.670184
9938,326.666828
9939,326.663225
9940,326.659409
9941,326.655409
9942,326.651255
9943,326.646971
9944,326.64258
9945,326.638102
9946,326.633554
9947,326.628951
9948,326.624302
9949,326.619619
9950,326.614905
9951,326.610165
9952,326.605401
9953,326.600611
9954,326.595792
9955,326.590939
9956,326.586046
9957,326.581104
9958,326.576106
9959,326.571041
9960,326.565899
9961,326.560669
9962,326.555342
9963,326.549906
9964,326.544354
9965,326.538676
9966,326.532865
9967,326.526913
9968,326.520816
9969,326.514568
9970,326.508168
9971,326.501613
9972,326.494904
9973,326.488041
9974,326.481026
9975,326.473862
9976,326.466553
9977,326.459103
9978,326.451517
9979,326.443801
9980,326.435959
9981,326.427999
9982,326.419925
9983,326.411744
9984,326.666706
9985,326.671444
9986,326.675672
9987,326.679373
9988,326.682533
9989,326.685142
9990,326.687197
9991,326.688698
9992,326.68965
9993,326.690062
9994,326.689947
9995,326.689324
9996,326.688215
9997,326.686645
9998,326.684643
9999,326.682242
10000,326.679473
10001,326.676373
10002,326.672977
10003,326.669318
10004,326.66543
10005,326.661344
10006,326.657091
10007,326.652695
10008,326.648182
10009,326.643573
10010,326.638886
10011,326.634136
10012,326.629337
10013,326.624498
10014,326.619627
10015,326.61473
10016,326.609808
10017,326.604862
10018,326.59989
10019,326.59489
10020,326.589854
10021,326.584777
10022,326.579651
10023,326.574468
10024,326.569216
10025,326.563888
10026,326.558472
10027,326.552958
10028,326.547338
10029,326.541602
10030,326.535742
10031,326.529749
10032,326.523618
10033,326.517341
10034,326.510916
10035,326.504339
10036,326.497607
10037,326.49072
10038,326.483679
10039,326.476483
10040,326.469137
10041,326.461642
10042,326.454002
10043,326.446223
10044,326.438309
10045,326.430264
10046,326.422096
10047,326.413811
10048,326.671536
10049,326.676525
10050,326.680985
10051,326.684898
10052,326.688249
10053,326.69103
10054,326.693236
10055,326.694867
10056,326.695928
10057,326.696428
10058,326.696383
10059,326.695811
10060,326.694734
10061,326.693179
10062,326.691175
10063,326.688754
10064,326.68595
10065,326.682799
10066,326.679335
10067,326.675595
10068,326.671611
10069,326.667418
10070,326.663044
10071,326.658519
10072,326.653867
10073,326.649112
10074,326.644272
10075,326.639366
10076,326.634408
10077,326.629408
10078,326.624376
10079,326.619318
10080,326.614238
10081,326.609138
10082,326.604017
10083,326.598872
10084,326.593699
10085,326.588493
10086,326.583247
10087,326.577952
10088,326.5726
10089,326.56718
10090,326.561684
10091,326.556101
10092,326.550421
10093,326.544634
10094,326.538731
10095,326.532703
10096,326.526543
10097,326.520242
10098,326.513795
10099,326.507197
10100,326.500444
10101,326.493534
10102,326.486465
10103,326.479237
10104,326.471851
10105,326.464309
10106,326.456613
10107,326.448767
10108,326.440775
10109,326.432642
10110,326.424375
10111,326.415979
10112,326.676772
10113,326.68203
10114,326.686738
10115,326.690875
10116,326.694426
10117,326.697382
10118,326.699738
10119,326.701494
10120,326.702657
10121,326.703235
10122,326.703245
10123,326.702706
10124,326.701641
10125,326.700077
10126,326.698045
10127,326.695578
10128,326.692711
10129,326.68948
10130,326.685922
10131,326.682073
10132,326.677969
10133,326.673643
10134,326.669127
10135,326.664452
10136,326.659643
10137,326.654725
10138,326.649719
10139,326.644645
10140,326.639518
10141,326.634349
10142,326.629151
10143,326.62393
10144,326.61869
10145,326.613436
10146,326.608167
10147,326.602881
10148,326.597576
10149,326.592247
10150,326.586886
10151,326.581488
10152,326.576042
10153,326.57054
10154,326.564972
10155,326.559327
10156,326.553595
10157,326.547766
10158,326.541828
10159,326.535772
10160,326.529588
10161,326.523268
10162,326.516804
10163,326.510189
10164,326.503418
10165,326.496486
10166,326.48939
10167,326.482129
10168,326.474702
10169,326.46711
10170,326.459355
10171,326.451439
10172,326.443366
10173,326.43514
10174,326.426769
10175,326.418257
10176,326.682441
10177,326.68799
10178,326.692961
10179,326.697333
10180,326.701092
10181,326.704227
10182,326.706733
10183,326.708611
10184,326.709867
10185,326.710512
10186,326.710561
10187,326.710035
10188,326.70896
10189,326.707363
10190,326.705276
10191,326.702735
10192,326.699776
10193,326.696436
10194,326.692754
10195,326.688768
10196,326.684514
10197,326.68003
10198,326.675348
10199,326.6705
10200,326.665514
10201,326.660416
10202,326.655229
10203,326.649974
10204,326.644667
10205,326.639322
10206,326.63395
10207,326.628561
10208,326.62316
10209,326.617751
10210,326.612335
10211,326.606911
10212,326.601478
10213,326.59603
10214,326.590562
10215,326.585066
10216,326.579535
10217,326.573959
10218,326.568327
10219,326.56263
10220,326.556855
10221,326.550991
10222,326.545026
10223,326.538949
10224,326.53275
10225,326.526417
10226,326.519941
10227,326.513313
10228,326.506527
10229,326.499576
10230,326.492455
10231,326.485162
10232,326.477694
10233,326.470051
10234,326.462234
10235,326.454245
10236,326.446087
10237,326.437764
10238,326.429283
10239,326.42065
10240,326.688569
10241,326.694429
10242,326.699681
10243,326.704302
10244,326.708277
10245,326.711595
10246,326.714251
10247,326.716245
10248,326.717586
10249,326.718283
10250,326.718354
10251,326.717822
10252,326.716713
10253,326.715056
10254,326.712887
10255,326.710242
10256,326.707159
10257,326.703678
10258,326.699841
10259,326.695687
10260,326.691256
10261,326.686585
10262,326.681711
10263,326.676667
10264,326.671482
10265,326.666185
10266,326.660801
10267,326.65535
10268,326.649852
10269,326.64432
10270,326.638769
10271,326.633207
10272,326.627641
10273,326.622076
10274,326.616513
10275,326.610954
10276,326.605395
10277,326.599834
10278,326.594264
10279,326.588678
10280,326.583069
10281,326.577426
10282,326.57174
10283,326.565998
10284,326.560189
10285,326.5543
10286,326.548318
10287,326.54223
10288,326.536022
10289,326.529684
10290,326.523203
10291,326.516568
10292,326.509772
10293,326.502805
10294,326.495662
10295,326.488338
10296,326.480829
10297,326.473135
10298,326.465255
10299,326.45719
10300,326.448943
10301,326.440519
10302,326.431924
10303,326.423163
10304,326.695179
10305,326.701374
10306,326.706925
10307,326.711808
10308,326.716008
10309,326.719512
10310,326.722317
10311,326.724423
10312,326.725838
10313,326.726574
10314,326.726649
10315,326.726089
10316,326.72492
10317,326.723176
10318,326.720894
10319,326.718112
10320,326.714873
10321,326.711219
10322,326.707193
10323,326.702839
10324,326.698199
10325,326.693312
10326,326.688218
10327,326.682952
10328,326.677546
10329,326.67203
10330,326.666431
10331,326.660769
10332,326.655067
10333,326.649339
10334,326.643599
10335,326.637858
10336,326.632124
10337,326.626401
10338,326.620692
10339,326.614998
10340,326.609318
10341,326.603647
10342,326.59798
10343,326.592312
10344,326.586632
10345,326.580931
10346,326.575199
10347,326.569423
10348,326.56359
10349,326.557685
10350,326.551695
10351,326.545605
10352,326.539399
10353,326.533063
10354,326.526585
10355,326.519951
10356,326.51315
10357,326.506172
10358,326.49901
10359,326.491657
10360,326.484109
10361,326.476363
10362,326.468419
10363,326.460277
10364,326.451939
10365,326.443409
10366,326.434693
10367,326.425799
10368,326.702295
10369,326.708848
10370,326.714716
10371,326.719876
10372,326.724309
10373,326.728005
10374,326.730957
10375,326.733169
10376,326.734647
10377,326.735406
10378,326.735466
10379,326.734853
10380,326.733599
10381,326.731738
10382,326.72931
10383,326.726358
10384,326.722927
10385,326.719063
10386,326.714814
10387,326.710225
10388,326.705343
10389,326.700209
10390,326.694867
10391,326.689352
10392,326.683701
10393,326.677945
10394,326.672111
10395,326.666223
10396,326.660303
10397,326.654367
10398,326.648431
10399,326.642505
10400,326.636598
10401,326.630715
10402,326.62486
10403,326.619033
10404,326.613233
10405,326.607457
10406,326.601699
10407,326.595953
10408,326.59021
10409,326.58446
10410,326.578691
10411,326.57289
10412,326.567043
10413,326.561134
10414,326.555147
10415,326.549065
10416,326.542871
10417,326.536549
10418,326.530082
10419,326.523456
10420,326.516657
10421,326.509674
10422,326.502497
10423,326.495119
10424,326.487533
10425,326.479737
10426,326.471728
10427,326.463506
10428,326.455074
10429,326.446435
10430,326.437595
10431,326.428561
10432,326.709938
10433,326.716873
10434,326.723078
10435,326.728528
10436,326.733204
10437,326.737094
10438,326.740193
10439,326.742503
10440,326.744033
10441,326.744799
10442,326.744823
10443,326.744133
10444,326.742763
10445,326.740753
10446,326.738145
10447,326.734987
10448,326.731326
10449,326.727215
10450,326.722705
10451,326.717845
10452,326.712685
10453,326.707272
10454,326.70165
10455,326.695859
10456,326.689938
10457,326.683918
10458,326.67783
10459,326.671699
10460,326.665548
10461,326.659394
10462,326.653252
10463,326.647134
10464,326.64105
10465,326.635004
10466,326.629001
10467,326.623042
10468,326.617125
10469,326.611248
10470,326.605404
10471,326.599587
10472,326.593789
10473,326.587997
10474,326.582201
10475,326.576385
10476,326.570535
10477,326.564633
10478,326.558661
10479,326.552599
10480,326.546429
10481,326.54013
10482,326.533685
10483,326.527076
10484,326.520287
10485,326.513305
10486,326.506119
10487,326.498719
10488,326.491099
10489,326.483253
10490,326.475179
10491,326.466877
10492,326.458348
10493,326.449596
10494,326.440626
10495,326.431447
10496,326.718125
10497,326.725468
10498,326.732031
10499,326.737786
10500,326.742714
10501,326.746801
10502,326.750045
10503,326.752446
10504,326.754015
10505,326.75477
10506,326.754734
10507,326.75394
10508,326.752425
10509,326.75023
10510,326.747405
10511,326.744001
10512,326.740072
10513,326.735673
10514,326.730861
10515,326.725691
10516,326.720217
10517,326.714489
10518,326.708556
10519,326.70246
10520,326.696241
10521,326.689936
10522,326.683574
10523,326.677183
10524,326.670786
10525,326.664401
10526,326.658045
10527,326.651729
10528,326.645463
10529,326.639252
10530,326.633101
10531,326.62701
10532,326.620979
10533,326.615003
10534,326.609079
10535,326.603198
10536,326.597351
10537,326.591527
10538,326.585712
10539,326.579892
10540,326.57405
10541,326.568167
10542,326.562222
10543,326.556193
10544,326.550059
10545,326.543796
10546,326.537383
10547,326.530801
10548,326.524031
10549,326.517058
10550,326.509868
10551,326.502451
10552,326.494799
10553,326.486905
10554,326.478768
10555,326.470384
10556,326.461757
10557,326.452889
10558,326.443785
10559,326.434455
10560,326.726873
10561,326.73465
10562,326.74159
10563,326.747665
10564,326.752853
10565,326.757142
10566,326.760527
10567,326.763011
10568,326.764606
10569,326.76533
10570,326.765211
10571,326.764284
10572,326.762589
10573,326.760174
10574,326.757092
10575,326.7534
10576,326.749159
10577,326.744429
10578,326.739273
10579,326.733752
10580,326.727925
10581,326.721847
10582,326.715568
10583,326.709137
10584,326.702595
10585,326.69598
10586,326.689324
10587,326.682656
10588,326.675999
10589,326.669372
10590,326.662792
10591,326.656271
10592,326.649819
10593,326.64344
10594,326.63714
10595,326.630918
10596,326.624774
10597,326.618705
10598,326.612704
10599,326.606765
10600,326.600877
10601,326.595028
10602,326.589206
10603,326.583392
10604,326.57757
10605,326.571718
10606,326.565813
10607,326.559831
10608,326.553745
10609,326.547531
10610,326.541163
10611,326.534619
10612,326.527877
10613,326.52092
10614,326.513733
10615,326.506303
10616,326.498623
10617,326.490684
10618,326.482484
10619,326.474019
10620,326.465292
10621,326.456305
10622,326.447064
10623,326.437577
10624,326.736193
10625,326.744429
10626,326.751767
10627,326.758176
10628,326.763634
10629,326.768127
10630,326.771651
10631,326.774208
10632,326.775813
10633,326.776486
10634,326.776258
10635,326.775166
10636,326.773256
10637,326.770581
10638,326.7672
10639,326.763176
10640,326.758577
10641,326.753471
10642,326.747926
10643,326.742011
10644,326.73579
10645,326.729323
10646,326.722666
10647,326.715868
10648,326.708976
10649,326.702028
10650,326.695058
10651,326.688095
10652,326.681164
10653,326.674284
10654,326.667472
10655,326.66074
10656,326.654096
10657,326.647548
10658,326.641097
10659,326.634746
10660,326.628492
10661,326.622333
10662,326.616261
10663,326.610269
10664,326.604346
10665,326.598482
10666,326.59266
10667,326.586863
10668,326.581072
10669,326.575264
10670,326.569413
10671,326.563491
10672,326.55747
10673,326.551318
10674,326.545007
10675,326.538511
10676,326.531807
10677,326.524874
10678,326.517696
10679,326.51026
10680,326.502555
10681,326.494574
10682,326.486312
10683,326.477767
10684,326.468939
10685,326.459831
10686,326.450449
10687,326.440802
10688,326.746087
10689,326.75481
10690,326.762567
10691,326.769325
10692,326.775061
10693,326.77976
10694,326.783417
10695,326.786038
10696,326.787637
10697,326.788238
10698,326.787872
10699,326.786583
10700,326.784421
10701,326.781444
10702,326.777718
10703,326.773315
10704,326.768309
10705,326.762777
10706,326.756797
10707,326.750442
10708,326.743785
10709,326.736891
10710,326.72982
10711,326.722625
10712,326.715355
10713,326.708051
10714,326.700747
10715,326.693474
10716,326.686256
10717,326.679113
10718,326.67206
10719,326.665111
10720,326.658273
10721,326.651552
10722,326.644952
10723,326.638472
10724,326.632111
10725,326.625864
10726,326.619725
10727,326.613686
10728,326.607737
10729,326.601864
10730,326.596051
10731,326.590282
10732,326.584533
10733,326.578781
10734,326.572998
10735,326.567151
10736,326.561207
10737,326.555132
10738,326.548891
10739,326.542454
10740,326.535797
10741,326.528897
10742,326.521735
10743,326.514297
10744,326.506573
10745,326.498553
10746,326.490231
10747,326.481606
10748,326.472678
10749,326.463448
10750,326.453923
10751,326.444112
10752,326.756553
10753,326.765788
10754,326.773983
10755,326.781104
10756,326.787125
10757,326.792031
10758,326.795819
10759,326.798492
10760,326.800068
10761,326.800572
10762,326.800041
10763,326.79852
10764,326.796066
10765,326.792743
10766,326.788625
10767,326.783791
10768,326.778327
10769,326.772319
10770,326.765853
10771,326.759012
10772,326.751876
10773,326.744515
10774,326.736995
10775,326.729373
10776,326.7217
10777,326.714017
10778,326.706361
10779,326.698762
10780,326.691245
10781,326.683829
10782,326.676529
10783,326.669358
10784,326.662323
10785,326.65543
10786,326.648679
10787,326.642072
10788,326.635606
10789,326.629276
10790,326.623075
10791,326.616995
10792,326.611024
10793,326.60515
10794,326.599355
10795,326.593621
10796,326.587925
10797,326.582241
10798,326.576538
10799,326.570781
10800,326.564929
10801,326.558943
10802,326.552784
10803,326.546418
10804,326.539817
10805,326.532956
10806,326.525817
10807,326.518383
10808,326.510643
10809,326.502586
10810,326.494209
10811,326.485506
10812,326.476478
10813,326.467126
10814,326.457458
10815,326.447481
10816,326.767572
10817,326.777344
10818,326.785997
10819,326.793493
10820,326.799806
10821,326.80492
10822,326.808831
10823,326.811546
10824,326.813081
10825,326.813466
10826,326.812739
10827,326.81095
10828,326.808163
10829,326.804448
10830,326.799887
10831,326.79457
10832,326.788594
10833,326.782055
10834,326.775052
10835,326.767678
10836,326.760018
10837,326.752152
10838,326.74415
10839,326.736071
10840,326.727969
10841,326.719887
10842,326.711862
10843,326.703924
10844,326.696098
10845,326.688401
10846,326.68085
10847,326.673454
10848,326.66622
10849,326.659153
10850,326.652254
10851,326.645522
10852,326.638953
10853,326.632544
10854,326.626285
10855,326.620169
10856,326.614183
10857,326.608313
10858,326.602543
10859,326.596852
10860,326.591218
10861,326.585612
10862,326.58
10863,326.574345
10864,326.568599
10865,326.562715
10866,326.556648
10867,326.550361
10868,326.543823
10869,326.537009
10870,326.529897
10871,326.522472
10872,326.51472
10873,326.506632
10874,326.498201
10875,326.489423
10876,326.480297
10877,326.470826
10878,326.461014
10879,326.450871
10880,326.779112
10881,326.789444
10882,326.798572
10883,326.806454
10884,326.813064
10885,326.818385
10886,326.822414
10887,326.825157
10888,326.826633
10889,326.826874
10890,326.825921
10891,326.82383
10892,326.820667
10893,326.816512
10894,326.811457
10895,326.805603
10896,326.799058
10897,326.791934
10898,326.784341
10899,326.776384
10900,326.768159
10901,326.75975
10902,326.751232
10903,326.74267
10904,326.734117
10905,326.725619
10906,326.717211
10907,326.708923
10908,326.700779
10909,326.692797
10910,326.68499
10911,326.677367
10912,326.669934
10913,326.662695
10914,326.655649
10915,326.648794
10916,326.642128
10917,326.635642
10918,326.62933
10919,326.623182
10920,326.617186
10921,326.611326
10922,326.605586
10923,326.599945
10924,326.594379
10925,326.588857
10926,326.583346
10927,326.577801
10928,326.572172
10929,326.566399
10930,326.560432
10931,326.55423
10932,326.547762
10933,326.540998
10934,326.533919
10935,326.526507
10936,326.518748
10937,326.510631
10938,326.50215
10939,326.493301
10940,326.484081
10941,326.474492
10942,326.46454
10943,326.454233
10944,326.791117
10945,326.802029
10946,326.811645
10947,326.819923
10948,326.826833
10949,326.832359
10950,326.836497
10951,326.839256
10952,326.840656
10953,326.84073
10954,326.839522
10955,326.837092
10956,326.833513
10957,326.828871
10958,326.82327
10959,326.816821
10960,326.809651
10961,326.801886
10962,326.793651
10963,326.785065
10964,326.776232
10965,326.767246
10966,326.758184
10967,326.749115
10968,326.740093
10969,326.731163
10970,326.722361
10971,326.713716
10972,326.70525
10973,326.696978
10974,326.688915
10975,326.681065
10976,326.673435
10977,326.666026
10978,326.658837
10979,326.651864
10980,326.645102
10981,326.638546
10982,326.632185
10983,326.626009
10984,326.620006
10985,326.614161
10986,326.608455
10987,326.602867
10988,326.597372
10989,326.591939
10990,326.586531
10991,326.581101
10992,326.575592
10993,326.569933
10994,326.564069
10995,326.557956
10996,326.551559
10997,326.54485
10998,326.537807
10999,326.530411
11000,326.522648
11001,326.514507
11002,326.505981
11003,326.497064
11004,326.487755
11005,326.478054
11006,326.467967
11007,326.457501
11008,326.803501
11009,326.81501
11010,326.825125
11011,326.833803
11012,326.841014
11013,326.846741
11014,326.850981
11015,326.853743
11016,326.855049
11017,326.854933
11018,326.853443
11019,326.850642
11020,326.846608
11021,326.841435
11022,326.835235
11023,326.828138
11024,326.820284
11025,326.811822
11026,326.802896
11027,326.793637
11028,326.78416
11029,326.774566
11030,326.764937
11031,326.755342
11032,326.745837
11033,326.736466
11034,326.727263
11035,326.718257
11036,326.709467
11037,326.700907
11038,326.692588
11039,326.684516
11040,326.676692
11041,326.669117
11042,326.661789
11043,326.654702
11044,326.647851
11045,326.641228
11046,326.634823
11047,326.628624
11048,326.622618
11049,326.61679
11050,326.611121
11051,326.605588
11052,326.600165
11053,326.594819
11054,326.589512
11055,326.584193
11056,326.5788
11057,326.573252
11058,326.567489
11059,326.561464
11060,326.555139
11061,326.548486
11062,326.54148
11063,326.534103
11064,326.52634
11065,326.518179
11066,326.509612
11067,326.500633
11068,326.49124
11069,326.481434
11070,326.471219
11071,326.460603
11072,326.816144
11073,326.828259
11074,326.838878
11075,326.847956
11076,326.855465
11077,326.861386
11078,326.865718
11079,326.868471
11080,326.869668
11081,326.869344
11082,326.867548
11083,326.864348
11084,326.859824
11085,326.854079
11086,326.847235
11087,326.839436
11088,326.830845
11089,326.821635
11090,326.811971
11091,326.802001
11092,326.791851
11093,326.781627
11094,326.771414
11095,326.761281
11096,326.751285
11097,326.741469
11098,326.731865
11099,326.722498
11100,326.713387
11101,326.704543
11102,326.695973
11103,326.687683
11104,326.679672
11105,326.671938
11106,326.664477
11107,326.657283
11108,326.650348
11109,326.643664
11110,326.637219
11111,326.631001
11112,326.624996
11113,326.619187
11114,326.613555
11115,326.608077
11116,326.602724
11117,326.597463
11118,326.592252
11119,326.587038
11120,326.581752
11121,326.576308
11122,326.570641
11123,326.5647
11124,326.558446
11125,326.551848
11126,326.544881
11127,326.537525
11128,326.529765
11129,326.521588
11130,326.512985
11131,326.503951
11132,326.494482
11133,326.484578
11134,326.474244
11135,326.463488
11136,326.828873
11137,326.841594
11138,326.852715
11139,326.862189
11140,326.869987
11141,326.876095
11142,326.880509
11143,326.883241
11144,326.884314
11145,326.883766
11146,326.881648
11147,326.878026
11148,326.872987
11149,326.866639
11150,326.859112
11151,326.850566
11152,326.84119
11153,326.831188
11154,326.820751
11155,326.810044
11156,326.799201
11157,326.788334
11158,326.777529
11159,326.766856
11160,326.756369
11161,326.74611
11162,326.736109
11163,326.726388
11164,326.716963
11165,326.707842
11166,326.699032
11167,326.690532
11168,326.682342
11169,326.674458
11170,326.666872
11171,326.659579
11172,326.652567
11173,326.645828
11174,326.639349
11175,326.633116
11176,326.627114
11177,326.621326
11178,326.615732
11179,326.610307
11180,326.605022
11181,326.599841
11182,326.594719
11183,326.589601
11184,326.584413
11185,326.579065
11186,326.573487
11187,326.567626
11188,326.561439
11189,326.554895
11190,326.547967
11191,326.540634
11192,326.53288
11193,326.524691
11194,326.516059
11195,326.506976
11196,326.497439
11197,326.487448
11198,326.477007
11199,326.466123
11200,326.841453
11201,326.85477
11202,326.86638
11203,326.876237
11204,326.884313
11205,326.890594
11206,326.895079
11207,326.897779
11208,326.898719
11209,326.897937
11210,326.895484
11211,326.89143
11212,326.885863
11213,326.878893
11214,326.870661
11215,326.861339
11216,326.85114
11217,326.840318
11218,326.829089
11219,326.817633
11220,326.806094
11221,326.794583
11222,326.783191
11223,326.771984
11224,326.761016
11225,326.750325
11226,326.739938
11227,326.729875
11228,326.720148
11229,326.710764
11230,326.701724
11231,326.693028
11232,326.684671
11233,326.676647
11234,326.668948
11235,326.661564
11236,326.654484
11237,326.647697
11238,326.641189
11239,326.634946
11240,326.628951
11241,326.623186
11242,326.617629
11243,326.612255
11244,326.607034
11245,326.601926
11246,326.596887
11247,326.591855
11248,326.586757
11249,326.581496
11250,326.576
11251,326.570213
11252,326.56409
11253,326.557599
11254,326.550709
11255,326.543401
11256,326.535656
11257,326.527461
11258,326.518805
11259,326.509682
11260,326.500086
11261,326.490018
11262,326.479481
11263,326.468484
11264,326.853569
11265,326.867456
11266,326.879531
11267,326.889751
11268,326.898086
11269,326.904525
11270,326.909067
11271,326.911726
11272,326.912526
11273,326.911505
11274,326.908717
11275,326.904231
11276,326.898136
11277,326.890548
11278,326.881611
11279,326.871509
11280,326.860478
11281,326.848834
11282,326.83682
11283,326.824627
11284,326.812404
11285,326.800267
11286,326.788304
11287,326.776582
11288,326.765151
11289,326.754046
11290,326.743292
11291,326.732906
11292,326.722896
11293,326.713265
11294,326.704013
11295,326.695136
11296,326.686627
11297,326.678477
11298,326.670676
11299,326.663213
11300,326.656075
11301,326.649249
11302,326.642719
11303,326.636471
11304,326.630487
11305,326.624746
11306,326.619227
11307,326.613902
11308,326.608739
11309,326.6037
11310,326.598735
11311,326.593782
11312,326.588764
11313,326.583581
11314,326.57816
11315,326.572442
11316,326.56638
11317,326.559938
11318,326.553088
11319,326.545807
11320,326.538075
11321,326.529878
11322,326.521206
11323,326.51205
11324,326.502406
11325,326.492272
11326,326.481653
11327,326.470557
11328,326.864802
11329,326.879218
11330,326.891723
11331,326.902274
11332,326.910844
11333,326.917422
11334,326.922008
11335,326.924617
11336,326.925274
11337,326.924018
11338,326.920901
11339,326.915996
11340,326.909393
11341,326.90121
11342,326.8916
11343,326.880761
11344,326.86895
11345,326.85653
11346,326.843771
11347,326.830877
11348,326.818006
11349,326.805274
11350,326.792772
11351,326.780564
11352,326.768699
11353,326.757208
11354,326.746114
11355,326.735429
11356,326.725159
11357,326.715305
11358,326.705861
11359,326.696822
11360,326.688179
11361,326.67992
11362,326.672032
11363,326.664504
11364,326.657319
11365,326.650463
11366,326.643921
11367,326.637674
11368,326.631704
11369,326.625989
11370,326.620507
11371,326.61523
11372,326.610123
11373,326.605146
11374,326.600248
11375,326.595366
11376,326.59042
11377,326.585309
11378,326.579956
11379,326.574301
11380,326.568296
11381,326.561903
11382,326.555092
11383,326.54784
11384,326.540125
11385,326.531934
11386,326.523253
11387,326.514074
11388,326.504392
11389,326.494205
11390,326.483517
11391,326.472336
11392,326.874849
11393,326.889737
11394,326.902625
11395,326.91347
11396,326.922244
11397,326.928938
11398,326.933555
11399,326.936107
11400,326.936621
11401,326.935137
11402,326.931709
11403,326.926409
11404,326.91933
11405,326.910597
11406,326.900369
11407,326.888857
11408,326.876343
11409,326.86322
11410,326.84978
11411,326.836243
11412,326.822775
11413,326.809498
11414,326.796501
11415,326.783849
11416,326.771587
11417,326.759747
11418,326.748346
11419,326.737394
11420,326.726894
11421,326.716842
11422,326.707232
11423,326.698055
11424,326.689299
11425,326.68095
11426,326.672993
11427,326.665414
11428,326.658196
11429,326.651323
11430,326.644776
11431,326.638538
11432,326.632587
11433,326.626903
11434,326.621459
11435,326.616227
11436,326.611173
11437,326.606253
11438,326.601417
11439,326.596599
11440,326.591718
11441,326.586671
11442,326.58138
11443,326.575784
11444,326.569833
11445,326.563488
11446,326.556718
11447,326.549497
11448,326.541806
11449,326.533626
11450,326.524944
11451,326.515752
11452,326.506044
11453,326.495817
11454,326.485074
11455,326.473824
11456,326.883483
11457,326.898776
11458,326.911991
11459,326.923083
11460,326.932027
11461,326.938813
11462,326.943443
11463,326.945932
11464,326.946308
11465,326.94461
11466,326.940894
11467,326.935232
11468,326.927724
11469,326.918496
11470,326.907718
11471,326.895614
11472,326.882485
11473,326.868743
11474,326.854703
11475,326.840597
11476,326.8266
11477,326.812838
11478,326.799402
11479,326.786357
11480,326.773748
11481,326.761602
11482,326.749934
11483,326.738753
11484,326.728057
11485,326.71784
11486,326.708094
11487,326.698805
11488,326.68996
11489,326.681543
11490,326.673537
11491,326.665925
11492,326.65869
11493,326.651812
11494,326.645272
11495,326.639051
11496,326.633126
11497,326.627476
11498,326.622072
11499,326.616886
11500,326.611882
11501,326.607016
11502,326.602236
11503,326.597475
11504,326.592652
11505,326.587664
11506,326.58243
11507,326.576889
11508,326.570991
11509,326.564694
11510,326.557967
11511,326.550783
11512,326.543119
11513,326.534959
11514,326.526287
11515,326.517093
11516,326.50737
11517,326.497115
11518,326.486332
11519,326.475028
11520,326.890533
11521,326.906154
11522,326.919632
11523,326.930922
11524,326.939996
11525,326.946845
11526,326.951473
11527,326.953896
11528,326.954139
11529,326.952245
11530,326.948269
11531,326.942288
11532,326.934403
11533,326.924746
11534,326.913496
11535,326.900887
11536,326.887234
11537,326.872969
11538,326.858418
11539,326.843828
11540,326.829379
11541,326.815204
11542,326.801395
11543,326.788019
11544,326.775117
11545,326.762716
11546,326.75083
11547,326.739462
11548,326.72861
11549,326.718265
11550,326.708415
11551,326.699045
11552,326.690139
11553,326.681679
11554,326.673646
11555,326.666022
11556,326.658785
11557,326.651917
11558,326.645397
11559,326.639203
11560,326.633313
11561,326.627701
11562,326.622341
11563,326.617202
11564,326.612246
11565,326.607431
11566,326.602703
11567,326.597995
11568,326.593225
11569,326.58829
11570,326.583111
11571,326.577623
11572,326.571776
11573,326.565529
11574,326.558848
11575,326.551705
11576,326.544078
11577,326.535946
11578,326.527293
11579,326.518108
11580,326.508384
11581,326.498115
11582,326.487305
11583,326.475962
11584,326.895869
11585,326.911738
11586,326.92541
11587,326.93684
11588,326.946002
11589,326.952886
11590,326.957495
11591,326.959846
11592,326.959966
11593,326.957896
11594,326.953696
11595,326.947442
11596,326.939238
11597,326.929224
11598,326.917583
11599,326.90456
11600,326.890481
11601,326.875789
11602,326.860823
11603,326.84584
11604,326.831026
11605,326.816518
11606,326.802411
11607,326.78877
11608,326.775638
11609,326.76304
11610,326.750988
11611,326.739482
11612,326.728518
11613,326.718085
11614,326.708168
11615,326.698751
11616,326.689815
11617,326.68134
11618,326.673305
11619,326.665689
11620,326.658471
11621,326.65163
11622,326.645144
11623,326.638989
11624,326.633141
11625,326.627576
11626,326.622264
11627,326.617173
11628,326.612267
11629,326.607501
11630,326.602821
11631,326.598163
11632,326.593442
11633,326.588557
11634,326.583428
11635,326.577993
11636,326.572199
11637,326.566004
11638,326.559375
11639,326.552281
11640,326.544698
11641,326.536605
11642,326.527984
11643,326.518821
11644,326.509108
11645,326.49884
11646,326.488017
11647,326.476649
11648,326.899396
11649,326.915424
11650,326.929218
11651,326.94073
11652,326.949935
11653,326.956822
11654,326.961395
11655,326.96367
11656,326.963676
11657,326.961456
11658,326.957066
11659,326.950589
11660,326.94213
11661,326.931833
11662,326.919886
11663,326.906542
11664,326.892135
11665,326.877117
11666,326.861837
11667,326.846557
11668,326.831469
11669,326.816713
11670,326.802387
11671,326.788557
11672,326.775264
11673,326.762531
11674,326.75037
11675,326.738779
11676,326.727752
11677,326.717275
11678,326.707332
11679,326.697905
11680,326.688971
11681,326.68051
11682,326.6725
11683,326.664917
11684,326.657739
11685,326.650944
11686,326.644506
11687,326.638404
11688,326.63261
11689,326.6271
11690,326.621842
11691,326.616804
11692,326.611949
11693,326.607232
11694,326.6026
11695,326.597987
11696,326.593313
11697,326.588476
11698,326.583398
11699,326.578015
11700,326.572276
11701,326.56614
11702,326.559569
11703,326.552533
11704,326.545005
11705,326.536963
11706,326.528386
11707,326.51926
11708,326.509574
11709,326.49932
11710,326.488498
11711,326.477117
11712,326.90104
11713,326.917137
11714,326.930975
11715,326.942508
11716,326.951709
11717,326.958567
11718,326.963086
11719,326.965284
11720,326.965187
11721,326.96284
11722,326.958302
11723,326.951654
11724,326.943005
11725,326.932501
11726,326.920335
11727,326.906764
11728,326.892129
11729,326.876888
11730,326.861394
11731,326.845916
11732,326.83065
11733,326.815737
11734,326.801276
11735,326.787334
11736,326.773953
11737,326.761153
11738,326.748945
11739,326.737326
11740,326.726287
11741,326.715814
11742,326.705888
11743,326.696489
11744,326.687593
11745,326.679179
11746,326.671222
11747,326.663698
11748,326.656584
11749,326.649854
11750,326.643484
11751,326.637449
11752,326.631722
11753,326.626276
11754,326.621081
11755,326.616102
11756,326.611301
11757,326.606635
11758,326.602051
11759,326.597483
11760,326.592854
11761,326.588064
11762,326.583037
11763,326.57771
11764,326.572033
11765,326.565961
11766,326.559458
11767,326.552491
11768,326.545032
11769,326.537055
11770,326.528539
11771,326.519465
11772,326.50982
11773,326.499595
11774,326.488789
11775,326.477407
11776,326.900746
11777,326.916818
11778,326.930623
11779,326.942113
11780,326.951261
11781,326.958058
11782,326.962506
11783,326.964623
11784,326.964436
11785,326.961989
11786,326.957342
11787,326.950577
11788,326.941804
11789,326.931171
11790,326.918874
11791,326.905172
11792,326.890409
11793,326.875047
11794,326.859444
11795,326.84387
11796,326.828523
11797,326.813546
11798,326.799039
11799,326.785068
11800,326.771674
11801,326.758878
11802,326.746688
11803,326.735101
11804,326.724105
11805,326.713686
11806,326.703822
11807,326.694492
11808,326.685673
11809,326.677339
11810,326.669466
11811,326.662029
11812,326.655002
11813,326.64836
11814,326.642076
11815,326.636126
11816,326.630481
11817,326.625113
11818,326.61999
11819,326.615077
11820,326.610338
11821,326.605727
11822,326.601192
11823,326.59667
11824,326.592087
11825,326.587346
11826,326.582373
11827,326.577108
11828,326.571499
11829,326.565502
11830,326.559079
11831,326.552196
11832,326.544821
11833,326.536926
11834,326.528488
11835,326.519485
11836,326.509899
11837,326.49972
11838,326.488941
11839,326.47757
11840,326.898473
11841,326.914424
11842,326.928116
11843,326.939499
11844,326.948546
11845,326.955248
11846,326.959608
11847,326.961641
11848,326.961377
11849,326.958858
11850,326.954144
11851,326.947317
11852,326.938488
11853,326.927805
11854,326.915465
11855,326.901727
11856,326.886938
11857,326.87156
11858,326.855952
11859,326.840384
11860,326.825056
11861,326.810111
11862,326.795648
11863,326.781733
11864,326.768406
11865,326.755687
11866,326.743582
11867,326.732088
11868,326.721193
11869,326.710879
11870,326.701125
11871,326.691908
11872,326.683204
11873,326.674986
11874,326.66723
11875,326.659908
11876,326.652995
11877,326.646464
11878,326.640289
11879,326.634442
11880,326.628895
11881,326.623618
11882,326.61858
11883,326.613746
11884,326.609076
11885,326.604527
11886,326.600046
11887,326.595575
11888,326.59104
11889,326.586352
11890,326.58144
11891,326.576245
11892,326.570716
11893,326.564808
11894,326.55848
11895,326.551697
11896,326.544426
11897,326.536635
11898,326.528296
11899,326.519384
11900,326.509878
11901,326.499761
11902,326.489025
11903,326.477672
11904,326.894191
11905,326.909925
11906,326.923422
11907,326.934633
11908,326.943531
11909,326.950106
11910,326.954359
11911,326.956308
11912,326.955979
11913,326.953415
11914,326.948677
11915,326.941844
11916,326.933028
11917,326.922375
11918,326.910081
11919,326.896405
11920,326.881691
11921,326.866402
11922,326.850894
11923,326.835437
11924,326.82023
11925,326.805413
11926,326.791087
11927,326.777314
11928,326.764134
11929,326.751567
11930,326.739618
11931,326.728281
11932,326.717544
11933,326.707388
11934,326.697793
11935,326.688734
11936,326.680185
11937,326.672121
11938,326.664514
11939,326.657338
11940,326.650566
11941,326.644171
11942,326.638126
11943,326.632403
11944,326.626973
11945,326.621806
11946,326.616868
11947,326.612125
11948,326.607537
11949,326.603061
11950,326.598645
11951,326.59423
11952,326.58975
11953,326.585124
11954,326.580284
11955,326.575172
11956,326.569738
11957,326.563935
11958,326.557723
11959,326.551062
11960,326.543916
11961,326.536252
11962,326.528038
11963,326.519243
11964,326.50984
11965,326.499806
11966,326.489127
11967,326.4778
11968,326.887879
11969,326.903299
11970,326.916521
11971,326.927495
11972,326.936195
11973,326.942609
11974,326.94674
11975,326.948602
11976,326.948223
11977,326.945644
11978,326.940924
11979,326.934143
11980,326.925408
11981,326.914865
11982,326.902707
11983,326.88919
11984,326.874656
11985,326.859561
11986,326.84426
11987,326.82902
11988,326.814036
11989,326.799446
11990,326.785349
11991,326.771806
11992,326.758856
11993,326.746516
11994,326.734792
11995,326.723677
11996,326.713157
11997,326.703215
11998,326.693828
11999,326.684972
12000,326.67662
12001,326.668746
12002,326.661323
12003,326.654324
12004,326.647722
12005,326.64149
12006,326.635599
12007,326.630022
12008,326.624729
12009,326.619689
12010,326.614869
12011,326.610235
12012,326.605745
12013,326.601357
12014,326.59702
12015,326.592678
12016,326.588267
12017,326.583717
12018,326.578966
12019,326.573956
12020,326.568636
12021,326.56296
12022,326.556885
12023,326.55037
12024,326.543378
12025,326.53587
12026,326.52781
12027,326.519162
12028,326.509892
12029,326.499967
12030,326.489363
12031,326.478068
12032,326.879526
12033,326.894535
12034,326.907401
12035,326.918075
12036,326.926529
12037,326.932751
12038,326.936743
12039,326.938518
12040,326.938103
12041,326.935538
12042,326.93088
12043,326.924207
12044,326.915624
12045,326.905273
12046,326.893343
12047,326.880084
12048,326.865832
12049,326.85104
12050,326.836054
12051,326.821136
12052,326.806478
12053,326.792214
12054,326.778439
12055,326.765214
12056,326.752575
12057,326.740539
12058,326.72911
12059,326.718282
12060,326.70804
12061,326.698365
12062,326.689236
12063,326.680628
12064,326.672515
12065,326.66487
12066,326.657666
12067,326.650876
12068,326.644473
12069,326.638429
12070,326.632717
12071,326.627309
12072,326.622174
12073,326.617283
12074,326.612602
12075,326.608096
12076,326.603724
12077,326.599444
12078,326.595208
12079,326.59096
12080,326.586643
12081,326.582195
12082,326.577555
12083,326.57267
12084,326.567488
12085,326.561964
12086,326.556052
12087,326.549713
12088,326.542904
12089,326.535586
12090,326.527716
12091,326.519253
12092,326.510153
12093,326.500372
12094,326.489869
12095,326.478615
12096,326.86913
12097,326.883633
12098,326.896066
12099,326.906377
12100,326.914539
12101,326.920538
12102,326.924375
12103,326.926064
12104,326.925628
12105,326.923107
12106,326.918555
12107,326.912047
12108,326.903686
12109,326.893609
12110,326.881998
12111,326.869098
12112,326.855235
12113,326.840852
12114,326.82629
12115,326.811802
12116,326.797572
12117,326.783732
12118,326.770373
12119,326.757553
12120,326.745307
12121,326.73365
12122,326.722586
12123,326.712109
12124,326.702203
12125,326.692851
12126,326.684029
12127,326.675715
12128,326.667881
12129,326.660503
12130,326.653552
12131,326.647003
12132,326.640828
12133,326.635001
12134,326.629493
12135,326.624278
12136,326.619325
12137,326.614605
12138,326.610084
12139,326.605728
12140,326.601497
12141,326.59735
12142,326.593239
12143,326.589114
12144,326.58492
12145,326.5806
12146,326.5761
12147,326.571366
12148,326.56635
12149,326.561005
12150,326.555288
12151,326.549155
12152,326.542565
12153,326.535474
12154,326.527838
12155,326.519606
12156,326.510726
12157,326.501137
12158,326.490776
12159,326.479581
12160,326.8567
12161,326.870606
12162,326.88253
12163,326.892421
12164,326.900246
12165,326.905994
12166,326.909662
12167,326.911264
12168,326.910822
12169,326.908374
12170,326.903972
12171,326.897688
12172,326.889619
12173,326.879898
12174,326.868699
12175,326.856258
12176,326.842891
12177,326.829028
12178,326.814998
12179,326.801045
12180,326.787346
12181,326.774028
12182,326.761176
12183,326.748847
12184,326.737073
12185,326.72587
12186,326.715241
12187,326.705177
12188,326.695666
12189,326.686689
12190,326.678224
12191,326.670247
12192,326.662735
12193,326.65566
12194,326.648997
12195,326.64272
12196,326.636803
12197,326.631219
12198,326.625942
12199,326.620943
12200,326.616196
12201,326.61167
12202,326.607333
12203,326.60315
12204,326.599085
12205,326.595096
12206,326.591139
12207,326.587166
12208,326.583125
12209,326.578965
12210,326.574633
12211,326.570081
12212,326.56526
12213,326.560125
12214,326.554633
12215,326.548742
12216,326.542409
12217,326.535589
12218,326.528234
12219,326.52029
12220,326.511694
12221,326.50237
12222,326.492221
12223,326.48113
12224,326.842257
12225,326.855482
12226,326.866831
12227,326.876246
12228,326.883695
12229,326.889164
12230,326.89265
12231,326.894166
12232,326.893734
12233,326.891388
12234,326.887179
12235,326.881174
12236,326.873467
12237,326.864183
12238,326.85349
12239,326.84161
12240,326.828847
12241,326.815613
12242,326.802224
12243,326.78891
12244,326.775843
12245,326.76314
12246,326.750885
12247,326.739131
12248,326.727908
12249,326.71723
12250,326.707101
12251,326.697513
12252,326.688452
12253,326.679902
12254,326.671841
12255,326.664246
12256,326.657093
12257,326.650359
12258,326.644017
12259,326.638043
12260,326.632412
12261,326.627098
12262,326.622076
12263,326.61732
12264,326.612801
12265,326.608492
12266,326.604362
12267,326.600377
12268,326.596503
12269,326.5927
12270,326.588925
12271,326.585133
12272,326.581277
12273,326.577308
12274,326.573176
12275,326.568835
12276,326.56424
12277,326.559347
12278,326.554114
12279,326.5485
12280,326.542463
12281,326.535959
12282,326.528939
12283,326.521348
12284,326.513119
12285,326.504161
12286,326.494352
12287,326.48349
12288,326.580509
12289,326.267033
12290,326.288019
12291,326.554432
12292,326.572896
12293,326.263043
12294,326.283848
12295,326.547335
12296,326.363826
12297,326.061663
12298,326.081952
12299,326.338899
