0,328.70326
1,328.714645
2,328.738657
3,328.791925
4,328.931964
5,328.956328
6,328.971083
7,328.985478
8,328.999123
9,329.010737
10,329.020128
11,329.027372
12,329.032573
13,329.035795
14,329.037045
15,329.036268
16,329.033353
17,329.028149
18,329.020548
19,329.010773
20,329.000364
21,328.986813
22,328.946786
23,328.826547
24,328.781942
25,328.762117
26,328.751186
27,328.744067
28,328.739049
29,328.735494
30,328.733136
31,328.731848
32,328.731581
33,328.732338
34,328.734178
35,328.737233
36,328.741779
37,328.748458
38,328.758986
39,328.778443
40,328.822699
41,328.942534
42,328.982484
43,328.995989
44,329.006377
45,329.016177
46,329.023865
47,329.029221
48,329.032355
49,329.033415
50,329.032511
51,329.029697
52,329.024962
53,329.018241
54,329.009424
55,328.998428
56,328.985423
57,328.971623
58,328.957364
59,328.933204
60,328.79489
61,328.742833
62,328.719855
63,328.70927
64,328.710174
65,328.721869
66,328.746324
67,328.800187
68,328.941218
69,328.965728
70,328.980848
71,328.99565
72,329.009693
73,329.021656
74,329.031338
75,329.038814
76,329.044191
77,329.047533
78,329.048846
79,329.048076
80,329.045109
81,329.03979
82,329.032014
83,329.022011
84,329.011363
85,328.997615
86,328.957408
87,328.836537
88,328.791561
89,328.771463
90,328.760316
91,328.753025
92,328.747872
93,328.744216
94,328.741787
95,328.740456
96,328.740175
97,328.740945
98,328.742828
99,328.745957
100,328.750612
101,328.757439
102,328.768161
103,328.787872
104,328.83248
105,328.952926
106,328.993052
107,329.006752
108,329.017377
109,329.027406
110,329.035273
111,329.04075
112,329.043946
113,329.045012
114,329.044061
115,329.041145
116,329.036255
117,329.029323
118,329.020239
119,329.00892
120,328.995542
121,328.98136
122,328.966756
123,328.942457
124,328.803207
125,328.750589
126,328.727192
127,328.71631
128,328.718717
129,328.730781
130,328.755762
131,328.810324
132,328.95247
133,328.977125
134,328.99262
135,329.007859
136,329.022348
137,329.034712
138,329.044737
139,329.052494
140,329.05809
141,329.061589
142,329.062998
143,329.06226
144,329.059261
145,329.053846
146,329.04591
147,329.035698
148,329.024842
149,329.010929
150,328.970566
151,328.849068
152,328.803709
153,328.783326
154,328.771951
155,328.764475
156,328.759174
157,328.755405
158,328.752894
159,328.751512
160,328.751207
161,328.751985
162,328.753906
163,328.757106
164,328.761868
165,328.768844
166,328.779761
167,328.799726
168,328.844687
169,328.965728
170,329.006004
171,329.019864
172,329.030696
173,329.040935
174,329.048967
175,329.054551
176,329.057793
177,329.058846
178,329.057822
179,329.054774
180,329.049695
181,329.042514
182,329.033121
183,329.021434
184,329.007646
185,328.993057
186,328.978104
187,328.95367
188,328.813372
189,328.760096
190,328.736199
191,328.724963
192,328.727266
193,328.739684
194,328.765167
195,328.820381
196,328.963542
197,328.988322
198,329.004142
199,329.019768
200,329.034661
201,329.047399
202,329.057751
203,329.065784
204,329.071602
205,329.075272
206,329.076798
207,329.076124
208,329.073133
209,329.067673
210,329.059642
211,329.049297
212,329.038304
213,329.024284
214,328.983813
215,328.861859
216,328.816212
217,328.795607
218,328.78405
219,328.776423
220,328.770999
221,328.767132
222,328.764547
223,328.763113
224,328.76278
225,328.763552
226,328.765491
227,328.768735
228,328.77357
229,328.780649
230,328.791705
231,328.811852
232,328.857066
233,328.97852
234,329.018895
235,329.032858
236,329.043824
237,329.054197
238,329.062331
239,329.067973
240,329.071224
241,329.072236
242,329.071122
243,329.067936
244,329.062668
245,329.055249
246,329.045568
247,329.033549
248,329.019395
249,329.004454
250,328.989203
251,328.964653
252,328.823413
253,328.769525
254,328.74515
255,328.733573
256,328.735334
257,328.748073
258,328.774005
259,328.829791
260,328.97382
261,328.998707
262,329.014798
263,329.030751
264,329.045991
265,329.059057
266,329.069702
267,329.077992
268,329.084027
269,329.087873
270,329.089535
271,329.088956
272,329.086019
273,329.080572
274,329.072516
275,329.062117
276,329.051059
277,329.036984
278,328.996455
279,328.874237
280,328.828414
281,328.807669
282,328.795991
283,328.78826
284,328.782746
285,328.778804
286,328.776157
287,328.774674
288,328.774306
289,328.775057
290,328.776989
291,328.780243
292,328.785106
293,328.792231
294,328.803356
295,328.823597
296,328.868941
297,328.990608
298,329.031032
299,329.045043
300,329.05607
301,329.0665
302,329.074667
303,329.08031
304,329.083529
305,329.084473
306,329.083256
307,329.079931
308,329.074487
309,329.066854
310,329.056924
311,329.044622
312,329.030165
313,329.014935
314,328.999441
315,328.974794
316,328.832758
317,328.77834
318,328.753541
319,328.741653
320,328.742785
321,328.75581
322,328.782133
323,328.838403
324,328.983158
325,329.008133
326,329.024447
327,329.04067
328,329.056201
329,329.069546
330,329.080451
331,329.088974
332,329.095218
333,329.099245
334,329.101061
335,329.100607
336,329.097768
337,329.092392
338,329.084379
339,329.074
340,329.062945
341,329.048862
342,329.008317
343,328.88602
344,328.840132
345,328.819327
346,328.80759
347,328.799803
348,328.794235
349,328.790242
350,328.787545
351,328.786017
352,328.785606
353,328.78632
354,328.788219
355,328.791447
356,328.79629
357,328.803404
358,328.814524
359,328.834769
360,328.880125
361,329.001811
362,329.042238
363,329.05625
364,329.067271
365,329.077683
366,329.085816
367,329.091407
368,329.094554
369,329.095404
370,329.094072
371,329.090608
372,329.085003
373,329.077186
374,329.067049
375,329.054517
376,329.039818
377,329.024359
378,329.008673
379,328.983949
380,328.841265
381,328.786404
382,328.761239
383,328.749078
384,328.749594
385,328.762867
386,328.789522
387,328.846192
388,328.991533
389,329.016578
390,329.033069
391,329.049509
392,329.065276
393,329.078855
394,329.089985
395,329.09872
396,329.105163
397,329.109375
398,329.111363
399,329.111067
400,329.108369
401,329.103119
402,329.095216
403,329.084927
404,329.073937
405,329.05989
406,329.019372
407,328.89717
408,328.851325
409,328.830537
410,328.818804
411,328.811007
412,328.80542
413,328.801397
414,328.798664
415,328.797093
416,328.796632
417,328.79729
418,328.79913
419,328.802293
420,328.807068
421,328.814111
422,328.825155
423,328.845316
424,328.890567
425,329.012088
426,329.052475
427,329.066443
428,329.077395
429,329.087719
430,329.095755
431,329.101242
432,329.104278
433,329.10501
434,329.103551
435,329.099953
436,329.094204
437,329.086232
438,329.075929
439,329.063221
440,329.04834
441,329.032711
442,329.016883
443,328.992099
444,328.848914
445,328.793697
446,328.768227
447,328.755831
448,328.755761
449,328.769247
450,328.796173
451,328.853158
452,328.998942
453,329.02404
454,329.040662
455,329.057264
456,329.073214
457,329.086982
458,329.098301
459,329.107227
460,329.11386
461,329.118264
462,329.120441
463,329.120333
464,329.117822
465,329.112754
466,329.105027
467,329.0949
468,329.084037
469,329.070072
470,329.029621
471,328.90769
472,328.861994
473,328.841302
474,328.829631
475,328.821871
476,328.816298
477,328.812269
478,328.809511
479,328.807896
480,328.807377
481,328.807961
482,328.809712
483,328.812773
484,328.817431
485,328.824342
486,328.835238
487,328.855226
488,328.900256
489,329.021424
490,329.061729
491,329.075606
492,329.086427
493,329.096594
494,329.10447
495,329.109802
496,329.112688
497,329.113278
498,329.111683
499,329.107955
500,329.10208
501,329.093986
502,329.083561
503,329.070733
504,329.055732
505,329.039993
506,329.024072
507,328.999247
508,328.855712
509,328.800231
510,328.774518
511,328.761925
512,328.7613
513,328.774958
514,328.802092
515,328.859297
516,329.005371
517,329.030503
518,329.047207
519,329.063914
520,329.079989
521,329.093896
522,329.105369
523,329.114463
524,329.121279
525,329.125878
526,329.128265
527,329.128379
528,329.126101
529,329.121275
530,329.113794
531,329.103905
532,329.093236
533,329.079399
534,329.03906
535,328.917586
536,328.872152
537,328.851637
538,328.840089
539,328.832413
540,328.826887
541,328.822873
542,328.820099
543,328.818442
544,328.817854
545,328.818343
546,328.819976
547,328.822894
548,328.827384
549,328.8341
550,328.844772
551,328.864494
552,328.909177
553,329.029796
554,329.069971
555,329.08371
556,329.094334
557,329.104272
558,329.111922
559,329.117045
560,329.119743
561,329.120168
562,329.118429
563,329.114576
564,329.108596
565,329.100413
566,329.089916
567,329.077027
568,329.061974
569,329.046191
570,329.030233
571,329.005388
572,328.861668
573,328.806023
574,328.780135
575,328.767384
576,328.766221
577,328.78001
578,328.807281
579,328.864599
580,329.010784
581,329.035928
582,329.052657
583,329.069402
584,329.085537
585,329.09953
586,329.111117
587,329.120356
588,329.127345
589,329.132147
590,329.134764
591,329.135136
592,329.133142
593,329.128623
594,329.121467
595,329.111899
596,329.101499
597,329.087845
598,329.047668
599,328.926862
600,328.881815
601,328.861564
602,328.850206
603,328.84266
604,328.837215
605,328.833236
606,328.830456
607,328.828753
608,328.828083
609,328.828457
610,328.829939
611,328.832671
612,328.836939
613,328.843394
614,328.853759
615,328.873112
616,328.917312
617,329.037158
618,329.077152
619,329.090697
620,329.101051
621,329.110677
622,329.11803
623,329.122888
624,329.125359
625,329.125594
626,329.123703
627,329.119734
628,329.113673
629,329.105441
630,329.094925
631,329.082043
632,329.067016
633,329.051266
634,329.035334
635,329.010494
636,328.866784
637,328.811088
638,328.7851
639,328.772236
640,328.770542
641,328.784414
642,328.811736
643,328.869039
644,329.015117
645,329.040246
646,329.056929
647,329.073633
648,329.089752
649,329.103769
650,329.115427
651,329.124784
652,329.131938
653,329.13695
654,329.139821
655,329.14049
656,329.138836
657,329.134698
658,329.127953
659,329.118806
660,329.108764
661,329.095358
662,329.055404
663,328.935514
664,328.891001
665,328.871113
666,328.860016
667,328.852651
668,328.84732
669,328.843394
670,328.840614
671,328.838861
672,328.838096
673,328.838329
674,328.839627
675,328.842128
676,328.846117
677,328.852238
678,328.862205
679,328.881073
680,328.92463
681,329.04344
682,329.083191
683,329.096477
684,329.106473
685,329.115695
686,329.12267
687,329.1272
688,329.1294
689,329.129421
690,329.127372
691,329.123299
692,329.117183
693,329.108947
694,329.098474
695,329.085679
696,329.070771
697,329.055145
698,329.03932
699,329.014514
700,328.871049
701,328.815442
702,328.789443
703,328.776515
704,328.774283
705,328.788181
706,328.815451
707,328.872577
708,329.018278
709,329.043357
710,329.059904
711,329.076469
712,329.09248
713,329.10645
714,329.11813
715,329.127578
716,329.134888
717,329.140119
718,329.14327
719,329.144279
720,329.143026
721,329.139349
722,329.133118
723,329.124508
724,329.114933
725,329.101858
726,329.062199
727,328.94353
728,328.899729
729,328.880322
730,328.869565
731,328.862435
732,328.85725
733,328.853394
734,328.850617
735,328.848808
736,328.847929
737,328.847996
738,328.849072
739,328.851295
740,328.854943
741,328.860651
742,328.870117
743,328.888364
744,328.931085
745,329.048543
746,329.087974
747,329.10092
748,329.110452
749,329.119159
750,329.125664
751,329.129798
752,329.131683
753,329.131467
754,329.129254
755,329.125089
756,329.118951
757,329.110762
758,329.100404
759,329.087787
760,329.073108
761,329.057722
762,329.042104
763,329.017369
764,328.874445
765,328.819098
766,328.793196
767,328.780263
768,328.777477
769,328.791329
770,328.818407
771,328.875146
772,329.020147
773,329.045133
774,329.061428
775,329.077729
776,329.093523
777,329.107366
778,329.119017
779,329.128528
780,329.135987
781,329.141447
782,329.144904
783,329.146297
784,329.145509
785,329.142381
786,329.136779
787,329.128844
788,329.119871
789,329.10723
790,329.067958
791,328.950878
792,328.908015
793,328.889238
794,328.878915
795,328.872075
796,328.867066
797,328.863293
798,328.860518
799,328.858641
800,328.857629
801,328.8575
802,328.858317
803,328.860212
804,328.863452
805,328.86866
806,328.877505
807,328.894961
808,328.936606
809,329.052341
810,329.09136
811,329.103862
812,329.112798
813,329.12086
814,329.126793
815,329.13046
816,329.131984
817,329.131509
818,329.129132
819,329.124891
820,329.118766
821,329.110679
822,329.100514
823,329.088182
824,329.073864
825,329.058859
826,329.043578
827,329.018962
828,328.876929
829,328.822064
830,328.796405
831,328.783541
832,328.780169
833,328.793868
834,328.820538
835,328.876578
836,329.020593
837,329.045445
838,329.061339
839,329.07723
840,329.092688
841,329.106322
842,329.117893
843,329.127443
844,329.135046
845,329.140743
846,329.14453
847,329.146345
848,329.14608
849,329.143584
850,329.138726
851,329.131615
852,329.123403
853,329.111322
854,329.072518
855,328.957423
856,328.915836
857,328.897907
858,328.88814
859,328.881651
860,328.876845
861,328.873161
862,328.870381
863,328.868419
864,328.86725
865,328.866893
866,328.867411
867,328.868926
868,328.871692
869,328.876301
870,328.884373
871,328.900797
872,328.941023
873,329.05466
874,329.09319
875,329.105124
876,329.113311
877,329.120588
878,329.125847
879,329.128981
880,329.130109
881,329.12936
882,329.126822
883,329.122526
884,329.116448
885,329.108517
886,329.098624
887,329.086686
888,329.072873
889,329.058417
890,329.043636
891,329.019185
892,328.878364
893,328.82431
894,328.799115
895,328.786425
896,328.782415
897,328.795778
898,328.821581
899,328.876192
900,329.019359
901,329.044261
902,329.059607
903,329.074947
904,329.089966
905,329.103331
906,329.11479
907,329.124361
908,329.1321
909,329.138036
910,329.142157
911,329.144408
912,329.144688
913,329.142866
914,329.138823
915,329.132652
916,329.125345
917,329.113904
918,329.075279
919,328.96256
920,328.923017
921,328.906361
922,328.89733
923,328.891262
924,328.886679
925,328.88308
926,328.88028
927,328.878209
928,328.876853
929,328.876235
930,328.876412
931,328.877498
932,328.879719
933,328.883614
934,328.890693
935,328.905642
936,328.9437
937,329.054975
938,329.093337
939,329.104628
940,329.111926
941,329.118309
942,329.122833
943,329.125407
944,329.126132
945,329.125117
946,329.122432
947,329.118101
948,329.112102
949,329.104366
950,329.094799
951,329.083336
952,329.070149
953,329.056398
954,329.042277
955,329.017819
956,328.878128
957,328.82562
958,328.801348
959,328.789017
960,328.7843
961,328.796972
962,328.820711
963,328.870833
964,329.012385
965,329.041969
966,329.056847
967,329.071633
968,329.086231
969,329.099346
970,329.110701
971,329.120287
972,329.128137
973,329.134269
974,329.138668
975,329.141279
976,329.142014
977,329.14076
978,329.137424
979,329.132103
980,329.125652
981,329.114403
982,329.070894
983,328.963672
984,328.928975
985,328.914596
986,328.906605
987,328.901035
988,328.896681
989,328.893149
990,328.8903
991,328.888088
992,328.886509
993,328.885591
994,328.885388
995,328.885997
996,328.887606
997,328.890655
998,328.896394
999,328.908834
1000,328.94197
1001,329.048172
1002,329.091693
1003,329.102812
1004,329.109269
1005,329.114847
1006,329.118738
1007,329.120847
1008,329.121247
1009,329.120024
1010,329.117234
1011,329.112891
1012,329.106971
1013,329.099416
1014,329.090146
1015,329.079117
1016,329.066521
1017,329.053465
1018,329.039919
1019,329.010928
1020,328.873182
1021,328.825244
1022,328.803079
1023,328.791453
1024,328.786008
1025,328.797495
1026,328.816576
1027,328.84828
1028,328.908878
1029,329.016035
1030,329.041444
1031,329.056693
1032,329.071234
1033,329.084301
1034,329.095641
1035,329.105238
1036,329.113122
1037,329.119309
1038,329.12378
1039,329.126482
1040,329.127329
1041,329.126213
1042,329.123046
1043,329.117888
1044,329.110608
1045,329.076914
1046,328.994996
1047,328.952398
1048,328.932935
1049,328.922753
1050,328.916159
1051,328.911132
1052,328.906985
1053,328.903479
1054,328.900536
1055,328.898138
1056,328.896294
1057,328.895036
1058,328.894414
1059,328.894508
1060,328.895453
1061,328.897542
1062,328.90152
1063,328.909469
1064,328.927204
1065,328.968974
1066,329.05269
1067,329.087119
1068,329.094436
1069,329.099864
1070,329.103611
1071,329.105615
1072,329.105945
1073,329.10468
1074,329.101872
1075,329.097533
1076,329.09164
1077,329.084134
1078,329.07494
1079,329.064016
1080,329.051535
1081,329.038093
1082,329.01424
1083,328.909732
1084,328.851641
1085,328.821932
1086,328.80442
1087,328.793986
1088,328.787966
1089,328.798495
1090,328.814206
1091,328.835277
1092,328.864479
1093,328.901134
1094,328.922754
1095,328.938823
1096,328.952918
1097,328.965559
1098,328.976784
1099,328.986582
1100,328.994938
1101,329.001829
1102,329.007221
1103,329.011064
1104,329.013302
1105,329.013865
1106,329.012672
1107,329.009523
1108,329.003445
1109,328.989529
1110,328.96612
1111,328.949357
1112,328.938892
1113,328.931809
1114,328.926354
1115,328.921763
1116,328.917743
1117,328.914193
1118,328.911092
1119,328.908448
1120,328.906287
1121,328.904645
1122,328.903568
1123,328.903118
1124,328.903388
1125,328.904542
1126,328.906936
1127,328.911401
1128,328.919775
1129,328.935128
1130,328.958044
1131,328.971744
1132,328.977859
1133,328.981466
1134,328.983571
1135,328.984357
1136,328.98387
1137,328.982131
1138,328.979142
1139,328.974891
1140,328.969349
1141,328.962473
1142,328.95421
1143,328.944507
1144,328.933255
1145,328.919864
1146,328.900761
1147,328.866649
1148,328.839781
1149,328.820701
1150,328.806588
1151,328.79712
1152,328.790465
1153,328.800447
1154,328.814413
1155,328.830939
1156,328.8499
1157,328.870165
1158,328.887344
1159,328.902367
1160,328.916021
1161,328.928494
1162,328.939781
1163,328.949837
1164,328.958614
1165,328.966065
1166,328.972141
1167,328.976792
1168,328.979974
1169,328.981644
1170,328.981762
1171,328.980238
1172,328.976764
1173,328.97052
1174,328.961821
1175,328.953985
1176,328.947605
1177,328.942241
1178,328.937487
1179,328.933135
1180,328.929116
1181,328.925423
1182,328.922078
1183,328.919114
1184,328.916571
1185,328.914493
1186,328.912924
1187,328.911914
1188,328.911523
1189,328.911834
1190,328.912993
1191,328.915274
1192,328.919154
1193,328.925143
1194,328.9327
1195,328.938398
1196,328.941901
1197,328.944045
1198,328.94513
1199,328.945209
1200,328.944272
1201,328.942297
1202,328.939257
1203,328.935122
1204,328.929856
1205,328.923424
1206,328.915789
1207,328.906915
1208,328.89673
1209,328.884981
1210,328.870843
1211,328.853375
1212,328.836894
1213,328.822468
1214,328.810162
1215,328.801253
1216,328.793638
1217,328.803391
1218,328.816617
1219,328.831433
1220,328.847192
1221,328.863244
1222,328.87851
1223,328.892859
1224,328.906319
1225,328.918851
1226,328.930378
1227,328.940815
1228,328.950085
1229,328.958117
1230,328.964849
1231,328.970226
1232,328.974205
1233,328.976761
1234,328.977884
1235,328.977573
1236,328.97581
1237,328.972571
1238,328.968167
1239,328.963447
1240,328.958781
1241,328.954228
1242,328.949779
1243,328.945447
1244,328.941272
1245,328.937306
1246,328.933606
1247,328.930229
1248,328.927228
1249,328.924654
1250,328.922552
1251,328.920965
1252,328.919934
1253,328.919497
1254,328.919705
1255,328.920624
1256,328.922332
1257,328.92483
1258,328.927785
1259,328.930342
1260,328.932181
1261,328.933314
1262,328.933727
1263,328.933371
1264,328.932189
1265,328.930126
1266,328.927132
1267,328.923162
1268,328.918174
1269,328.912132
1270,328.90501
1271,328.89679
1272,328.88746
1273,328.87698
1274,328.865256
1275,328.85237
1276,328.839351
1277,328.826804
1278,328.81532
1279,328.806651
1280,328.797535
1281,328.807263
1282,328.82028
1283,328.834571
1284,328.849419
1285,328.864399
1286,328.879102
1287,328.893317
1288,328.906909
1289,328.919751
1290,328.931721
1291,328.942705
1292,328.952596
1293,328.961301
1294,328.96874
1295,328.974847
1296,328.979578
1297,328.982909
1298,328.984844
1299,328.985413
1300,328.984677
1301,328.982742
1302,328.979818
1303,328.97623
1304,328.972212
1305,328.967912
1306,328.963441
1307,328.958899
1308,328.954383
1309,328.949987
1310,328.945796
1311,328.94189
1312,328.938336
1313,328.935193
1314,328.932511
1315,328.930327
1316,328.928671
1317,328.927562
1318,328.927009
1319,328.927008
1320,328.927534
1321,328.928504
1322,328.929727
1323,328.930899
1324,328.931805
1325,328.932319
1326,328.932337
1327,328.93176
1328,328.930503
1329,328.928484
1330,328.925637
1331,328.921899
1332,328.91722
1333,328.911561
1334,328.904897
1335,328.89722
1336,328.888539
1337,328.878881
1338,328.868301
1339,328.856944
1340,328.845166
1341,328.833353
1342,328.822174
1343,328.813538
1344,328.802171
1345,328.812008
1346,328.825108
1347,328.839405
1348,328.854183
1349,328.869101
1350,328.883909
1351,328.898418
1352,328.912461
1353,328.925883
1354,328.938532
1355,328.950264
1356,328.960946
1357,328.970458
1358,328.978699
1359,328.985588
1360,328.991069
1361,328.995115
1362,328.997727
1363,328.998941
1364,328.998828
1365,328.997499
1366,328.995112
1367,328.991862
1368,328.987935
1369,328.983499
1370,328.978708
1371,328.973706
1372,328.968632
1373,328.963614
1374,328.958767
1375,328.954191
1376,328.94997
1377,328.946171
1378,328.942847
1379,328.940037
1380,328.937764
1381,328.936037
1382,328.934849
1383,328.934174
1384,328.933962
1385,328.93413
1386,328.934546
1387,328.935046
1388,328.935469
1389,328.935677
1390,328.935544
1391,328.934952
1392,328.93379
1393,328.931961
1394,328.929374
1395,328.925956
1396,328.921641
1397,328.916385
1398,328.910157
1399,328.902947
1400,328.894767
1401,328.885652
1402,328.875667
1403,328.864926
1404,328.853619
1405,328.842048
1406,328.830892
1407,328.822148
1408,328.807542
1409,328.817584
1410,328.830955
1411,328.845553
1412,328.860666
1413,328.875985
1414,328.891308
1415,328.906462
1416,328.921274
1417,328.93557
1418,328.94917
1419,328.961897
1420,328.973585
1421,328.984081
1422,328.993258
1423,329.001014
1424,329.007279
1425,329.012013
1426,329.015211
1427,329.016902
1428,329.017151
1429,329.016058
1430,329.013757
1431,329.010408
1432,329.006187
1433,329.001275
1434,328.995855
1435,328.990111
1436,328.984222
1437,328.978351
1438,328.972644
1439,328.967226
1440,328.962196
1441,328.957634
1442,328.953596
1443,328.950119
1444,328.947225
1445,328.944916
1446,328.943179
1447,328.941984
1448,328.941276
1449,328.94098
1450,328.940993
1451,328.941192
1452,328.941444
1453,328.941613
1454,328.941567
1455,328.941171
1456,328.940296
1457,328.938821
1458,328.936636
1459,328.933647
1460,328.929776
1461,328.924965
1462,328.919177
1463,328.912394
1464,328.904623
1465,328.895889
1466,328.886244
1467,328.875771
1468,328.86461
1469,328.853028
1470,328.841716
1471,328.832754
1472,328.813624
1473,328.823951
1474,328.837739
1475,328.852848
1476,328.868567
1477,328.884603
1478,328.900772
1479,328.916906
1480,328.932825
1481,328.94833
1482,328.963206
1483,328.977234
1484,328.990199
1485,329.001909
1486,329.012202
1487,329.02095
1488,329.028064
1489,329.03349
1490,329.037213
1491,329.039255
1492,329.03967
1493,329.03855
1494,329.036017
1495,329.032227
1496,329.02736
1497,329.021619
1498,329.015222
1499,329.0084
1500,329.001379
1501,328.994368
1502,328.987552
1503,328.981082
1504,328.975075
1505,328.969619
1506,328.964774
1507,328.960577
1508,328.957045
1509,328.954178
1510,328.951958
1511,328.950352
1512,328.94931
1513,328.948764
1514,328.948623
1515,328.948783
1516,328.949122
1517,328.949507
1518,328.949794
1519,328.949831
1520,328.949465
1521,328.948545
1522,328.946934
1523,328.944516
1524,328.941194
1525,328.936898
1526,328.93158
1527,328.925216
1528,328.917802
1529,328.909354
1530,328.899909
1531,328.889531
1532,328.878335
1533,328.866579
1534,328.854973
1535,328.845696
1536,328.820377
1537,328.831059
1538,328.845393
1539,328.861195
1540,328.877753
1541,328.894788
1542,328.912124
1543,328.929596
1544,328.94701
1545,328.964133
1546,328.980698
1547,328.996418
1548,329.011013
1549,329.024236
1550,329.035881
1551,329.045791
1552,329.053855
1553,329.060006
1554,329.06422
1555,329.06651
1556,329.066922
1557,329.065542
1558,329.062488
1559,329.057918
1560,329.052028
1561,329.04505
1562,329.037252
1563,329.028926
1564,329.02037
1565,329.011858
1566,329.00362
1567,328.99584
1568,328.98865
1569,328.982144
1570,328.976383
1571,328.971398
1572,328.967201
1573,328.963785
1574,328.961131
1575,328.959205
1576,328.957959
1577,328.957329
1578,328.957239
1579,328.957589
1580,328.958266
1581,328.959132
1582,328.960031
1583,328.960785
1584,328.9612
1585,328.961086
1586,328.960268
1587,328.9586
1588,328.955966
1589,328.952283
1590,328.947493
1591,328.941565
1592,328.934488
1593,328.926272
1594,328.916941
1595,328.906546
1596,328.895191
1597,328.883131
1598,328.871106
1599,328.861415
1600,328.82774
1601,328.838845
1602,328.853844
1603,328.870512
1604,328.888139
1605,328.906459
1606,328.925313
1607,328.944542
1608,328.963936
1609,328.98322
1610,329.002039
1611,329.019988
1612,329.036687
1613,329.051817
1614,329.065125
1615,329.076421
1616,329.085577
1617,329.092517
1618,329.097208
1619,329.099658
1620,329.099907
1621,329.098034
1622,329.094154
1623,329.088429
1624,329.081072
1625,329.07235
1626,329.062591
1627,329.052179
1628,329.041537
1629,329.03104
1630,329.02098
1631,329.011569
1632,329.002948
1633,328.995208
1634,328.988401
1635,328.982546
1636,328.977645
1637,328.973683
1638,328.970635
1639,328.968465
1640,328.967128
1641,328.96657
1642,328.966719
1643,328.96749
1644,328.968772
1645,328.970427
1646,328.972281
1647,328.974118
1648,328.975683
1649,328.97671
1650,328.976969
1651,328.976282
1652,328.974515
1653,328.971573
1654,328.967395
1655,328.961945
1656,328.955211
1657,328.947197
1658,328.937922
1659,328.927427
1660,328.915809
1661,328.903328
1662,328.89076
1663,328.880554
1664,328.835633
1665,328.847223
1666,328.863004
1667,328.88071
1668,328.899642
1669,328.919561
1670,328.940344
1671,328.961862
1672,328.983919
1673,329.006189
1674,329.028156
1675,329.049159
1676,329.068643
1677,329.086215
1678,329.10159
1679,329.114562
1680,329.124997
1681,329.132818
1682,329.137993
1683,329.140525
1684,329.140451
1685,329.137837
1686,329.132792
1687,329.125471
1688,329.11609
1689,329.104936
1690,329.092387
1691,329.078972
1692,329.065386
1693,329.052198
1694,329.039772
1695,329.028321
1696,329.01797
1697,329.008781
1698,329.000779
1699,328.993962
1700,328.988311
1701,328.983797
1702,328.980386
1703,328.978042
1704,328.976722
1705,328.976382
1706,328.976965
1707,328.978402
1708,328.980599
1709,328.98343
1710,328.986716
1711,328.990192
1712,328.993479
1713,328.996137
1714,328.997865
1715,328.998462
1716,328.997789
1717,328.995752
1718,328.992295
1719,328.987387
1720,328.98102
1721,328.973198
1722,328.963937
1723,328.953275
1724,328.941302
1725,328.928284
1726,328.915046
1727,328.904212
1728,328.843953
1729,328.856088
1730,328.872762
1731,328.891678
1732,328.912164
1733,328.934039
1734,328.957267
1735,328.981839
1736,329.007682
1737,329.034486
1738,329.061389
1739,329.086951
1740,329.110296
1741,329.131065
1742,329.14904
1743,329.164057
1744,329.176006
1745,329.18483
1746,329.190511
1747,329.193054
1748,329.192489
1749,329.188865
1750,329.182263
1751,329.172806
1752,329.160666
1753,329.146055
1754,329.129273
1755,329.111016
1756,329.092847
1757,329.075766
1758,329.060159
1759,329.046128
1760,329.033682
1761,329.022799
1762,329.01344
1763,329.005559
1764,328.999105
1765,328.994029
1766,328.990283
1767,328.987828
1768,328.986629
1769,328.986655
1770,328.987875
1771,328.990255
1772,328.993754
1773,328.998314
1774,329.00382
1775,329.009977
1776,329.016118
1777,329.021253
1778,329.025029
1779,329.027313
1780,329.02802
1781,329.027089
1782,329.024488
1783,329.020205
1784,329.014244
1785,329.006618
1786,328.997343
1787,328.986454
1788,328.974038
1789,328.960367
1790,328.946319
1791,328.934728
1792,328.852572
1793,328.865304
1794,328.882976
1795,328.903271
1796,328.925574
1797,328.949823
1798,328.976202
1799,329.005083
1800,329.036963
1801,329.071988
1802,329.108518
1803,329.142034
1804,329.171118
1805,329.19618
1806,329.217461
1807,329.234988
1808,329.248746
1809,329.258732
1810,329.264959
1811,329.267446
1812,329.266209
1813,329.261266
1814,329.252644
1815,329.240377
1816,329.224466
1817,329.204728
1818,329.180673
1819,329.152704
1820,329.125972
1821,329.102535
1822,329.082371
1823,329.064992
1824,329.050003
1825,329.03715
1826,329.026264
1827,329.017218
1828,329.009911
1829,329.00426
1830,329.000204
1831,328.997698
1832,328.996717
1833,328.997255
1834,328.999326
1835,329.002976
1836,329.008306
1837,329.015504
1838,329.024811
1839,329.036161
1840,329.048156
1841,329.057487
1842,329.064228
1843,329.068749
1844,329.071199
1845,329.071622
1846,329.070041
1847,329.066486
1848,329.060987
1849,329.053571
1850,329.044263
1851,329.033092
1852,329.020142
1853,329.00569
1854,328.990674
1855,328.978175
1856,328.861339
1857,328.87471
1858,328.893469
1859,328.9153
1860,328.93969
1861,328.966817
1862,328.997385
1863,329.032891
1864,329.076005
1865,329.129699
1866,329.191294
1867,329.241783
1868,329.27994
1869,329.310831
1870,329.336353
1871,329.357013
1872,329.372977
1873,329.384343
1874,329.391185
1875,329.393544
1876,329.391421
1877,329.38478
1878,329.373548
1879,329.357598
1880,329.336547
1881,329.308967
1882,329.270494
1883,329.216426
1884,329.169634
1885,329.134064
1886,329.106759
1887,329.084877
1888,329.066789
1889,329.051673
1890,329.039093
1891,329.028788
1892,329.020582
1893,329.014349
1894,329.010004
1895,329.007501
1896,329.006828
1897,329.008018
1898,329.011164
1899,329.016477
1900,329.02441
1901,329.035921
1902,329.052712
1903,329.076509
1904,329.104536
1905,329.12181
1906,329.132932
1907,329.140423
1908,329.145088
1909,329.147186
1910,329.146844
1911,329.144157
1912,329.139199
1913,329.132023
1914,329.122665
1915,329.111154
1916,329.097562
1917,329.082171
1918,329.065983
1919,329.05238
1920,328.870076
1921,328.884115
1922,328.904028
1923,328.927523
1924,328.954257
1925,328.984846
1926,329.021123
1927,329.067586
1928,329.134303
1929,329.238399
1930,329.384237
1931,329.477129
1932,329.528362
1933,329.566753
1934,329.597835
1935,329.622617
1936,329.641453
1937,329.654586
1938,329.662185
1939,329.664328
1940,329.660992
1941,329.652056
1942,329.637307
1943,329.616419
1944,329.588604
1945,329.550219
1946,329.482205
1947,329.337053
1948,329.234664
1949,329.173062
1950,329.133743
1951,329.105645
1952,329.083803
1953,329.066136
1954,329.05172
1955,329.040085
1956,329.030949
1957,329.024131
1958,329.019519
1959,329.017064
1960,329.016774
1961,329.01874
1962,329.02318
1963,329.030608
1964,329.042268
1965,329.061212
1966,329.09431
1967,329.153045
1968,329.238032
1969,329.269354
1970,329.286262
1971,329.297623
1972,329.305208
1973,329.309506
1974,329.310774
1975,329.309202
1976,329.304931
1977,329.298057
1978,329.288634
1979,329.276688
1980,329.262279
1981,329.24568
1982,329.22797
1983,329.212917
1984,328.878588
1985,328.893303
1986,328.9144
1987,328.939635
1988,328.968903
1989,329.003498
1990,329.047322
1991,329.111553
1992,329.227674
1993,329.473988
1994,329.956895
1995,330.157507
1996,330.210852
1997,330.257401
1998,330.296699
1999,330.327871
2000,330.351157
2001,330.366998
2002,330.375728
2003,330.377491
2004,330.372224
2005,330.359662
2006,330.339376
2007,330.310942
2008,330.274489
2009,330.230754
2010,330.127775
2011,329.601187
2012,329.338998
2013,329.222252
2014,329.16326
2015,329.126879
2016,329.100666
2017,329.080233
2018,329.063896
2019,329.050895
2020,329.04082
2021,329.033425
2022,329.028568
2023,329.026196
2024,329.026344
2025,329.029172
2026,329.035075
2027,329.045042
2028,329.061765
2029,329.092998
2030,329.160787
2031,329.320454
2032,329.648643
2033,329.679914
2034,329.700734
2035,329.71734
2036,329.729392
2037,329.737108
2038,329.740866
2039,329.741009
2040,329.737793
2041,329.731382
2042,329.721863
2043,329.70926
2044,329.693603
2045,329.675136
2046,329.655013
2047,329.637563
2048,328.886665
2049,328.902041
2050,328.924307
2051,328.951273
2052,328.983098
2053,329.021858
2054,329.074098
2055,329.161125
2056,329.357516
2057,329.94319
2058,330.178065
2059,330.245014
2060,330.293062
2061,330.34028
2062,330.380293
2063,330.411996
2064,330.435646
2065,330.451708
2066,330.460528
2067,330.462259
2068,330.456834
2069,330.443974
2070,330.423229
2071,330.39415
2072,330.356944
2073,330.314733
2074,330.265412
2075,330.125999
2076,329.483342
2077,329.277324
2078,329.193177
2079,329.147574
2080,329.116817
2081,329.093589
2082,329.075335
2083,329.060984
2084,329.04999
2085,329.04204
2086,329.036959
2087,329.034692
2088,329.035301
2089,329.039021
2090,329.046435
2091,329.059075
2092,329.08146
2093,329.128372
2094,329.251958
2095,329.649711
2096,329.709075
2097,329.729483
2098,329.750444
2099,329.767517
2100,329.779944
2101,329.787941
2102,329.791903
2103,329.792185
2104,329.789055
2105,329.782682
2106,329.773155
2107,329.760499
2108,329.74474
2109,329.726119
2110,329.705786
2111,329.688093
2112,328.894096
2113,328.910094
2114,328.933461
2115,328.962053
2116,328.996227
2117,329.038563
2118,329.09692
2119,329.195888
2120,329.415445
2121,330.01798
2122,330.220565
2123,330.287704
2124,330.339724
2125,330.390777
2126,330.433786
2127,330.467668
2128,330.492802
2129,330.509755
2130,330.518938
2131,330.520526
2132,330.514439
2133,330.500348
2134,330.477709
2135,330.445951
2136,330.405196
2137,330.358889
2138,330.306194
2139,330.190457
2140,329.543809
2141,329.315075
2142,329.218393
2143,329.166224
2144,329.131592
2145,329.105798
2146,329.085741
2147,329.070114
2148,329.058252
2149,329.049781
2150,329.044499
2151,329.042346
2152,329.043406
2153,329.047977
2154,329.056785
2155,329.071694
2156,329.098067
2157,329.152625
2158,329.289613
2159,329.685708
2160,329.734112
2161,329.756982
2162,329.780478
2163,329.799602
2164,329.813591
2165,329.822749
2166,329.82755
2167,329.82841
2168,329.825636
2169,329.819425
2170,329.809872
2171,329.797003
2172,329.780831
2173,329.761581
2174,329.740406
2175,329.721821
2176,328.900675
2177,328.917235
2178,328.941594
2179,328.971637
2180,329.007848
2181,329.053077
2182,329.115717
2183,329.22125
2184,329.450154
2185,330.060537
2186,330.262955
2187,330.332962
2188,330.389102
2189,330.444278
2190,330.490643
2191,330.527028
2192,330.553892
2193,330.571891
2194,330.581499
2195,330.582913
2196,330.576041
2197,330.560502
2198,330.535669
2199,330.500878
2200,330.45625
2201,330.405668
2202,330.349016
2203,330.23318
2204,329.580375
2205,329.342513
2206,329.239018
2207,329.182287
2208,329.144528
2209,329.116508
2210,329.094837
2211,329.078053
2212,329.065403
2213,329.056462
2214,329.051002
2215,329.048959
2216,329.050434
2217,329.055772
2218,329.065786
2219,329.082514
2220,329.111636
2221,329.17033
2222,329.312746
2223,329.712153
2224,329.760666
2225,329.786048
2226,329.812246
2227,329.83366
2228,329.84945
2229,329.859971
2230,329.865772
2231,329.867326
2232,329.864985
2233,329.858971
2234,329.849394
2235,329.836277
2236,329.819623
2237,329.799643
2238,329.777519
2239,329.757983
2240,328.906219
2241,328.92326
2242,328.94847
2243,328.979746
2244,329.017652
2245,329.065182
2246,329.130963
2247,329.240819
2248,329.475635
2249,330.094385
2250,330.298814
2251,330.371333
2252,330.430801
2253,330.489435
2254,330.538711
2255,330.577323
2256,330.605751
2257,330.624705
2258,330.634699
2259,330.635949
2260,330.628352
2261,330.611491
2262,330.584688
2263,330.547236
2264,330.499318
2265,330.445241
2266,330.385424
2267,330.268493
2268,329.607467
2269,329.363636
2270,329.255633
2271,329.195555
2272,329.155309
2273,329.125431
2274,329.10238
2275,329.084595
2276,329.07126
2277,329.061911
2278,329.056299
2279,329.054353
2280,329.05619
2281,329.062182
2282,329.073197
2283,329.091362
2284,329.122487
2285,329.183914
2286,329.329923
2287,329.734191
2288,329.783145
2289,329.810525
2290,329.838976
2291,329.862379
2292,329.879779
2293,329.891548
2294,329.898276
2295,329.900484
2296,329.898555
2297,329.892734
2298,329.883144
2299,329.869805
2300,329.852715
2301,329.832081
2302,329.80912
2303,329.788769
2304,328.910566
2305,328.927994
2306,328.953891
2307,328.986158
2308,329.025408
2309,329.074716
2310,329.14283
2311,329.255775
2312,329.494866
2313,330.120501
2314,330.326608
2315,330.400976
2316,330.462911
2317,330.524178
2318,330.575729
2319,330.616117
2320,330.64581
2321,330.665542
2322,330.67585
2323,330.67696
2324,330.668763
2325,330.650822
2326,330.622431
2327,330.582878
2328,330.532426
2329,330.475731
2330,330.4136
2331,330.295792
2332,329.62789
2333,329.379688
2334,329.268447
2335,329.205875
2336,329.1637
2337,329.132341
2338,329.108169
2339,329.089564
2340,329.075665
2341,329.065979
2342,329.060241
2343,329.058376
2344,329.060509
2345,329.06703
2346,329.07884
2347,329.098112
2348,329.13072
2349,329.194103
2350,329.342744
2351,329.751085
2352,329.800387
2353,329.82924
2354,329.859406
2355,329.884369
2356,329.903068
2357,329.915863
2358,329.923368
2359,329.92613
2360,329.924557
2361,329.918911
2362,329.90932
2363,329.895809
2364,329.878371
2365,329.857212
2366,329.833587
2367,329.8126
2368,328.913584
2369,328.931297
2370,328.957702
2371,328.990704
2372,329.030943
2373,329.081543
2374,329.151322
2375,329.266433
2376,329.508528
2377,330.13911
2378,330.3464
2379,330.422039
2380,330.485689
2381,330.548817
2382,330.602004
2383,330.643689
2384,330.674316
2385,330.694625
2386,330.705164
2387,330.706164
2388,330.697513
2389,330.678763
2390,330.649198
2391,330.608115
2392,330.555851
2393,330.497319
2394,330.433589
2395,330.315164
2396,329.642302
2397,329.391009
2398,329.277485
2399,329.213123
2400,329.169532
2401,329.137066
2402,329.112048
2403,329.092817
2404,329.078487
2405,329.068543
2406,329.062708
2407,329.060906
2408,329.063262
2409,329.070181
2410,329.082583
2411,329.102663
2412,329.136332
2413,329.201089
2414,329.351589
2415,329.76287
2416,329.812416
2417,329.842298
2418,329.873686
2419,329.899786
2420,329.91945
2421,329.933022
2422,329.941125
2423,329.944322
2424,329.943036
2425,329.937537
2426,329.927963
2427,329.914336
2428,329.89665
2429,329.875113
2430,329.851011
2431,329.829571
2432,328.915174
2433,328.933063
2434,328.959788
2435,328.993259
2436,329.034135
2437,329.085563
2438,329.156402
2439,329.272882
2440,329.516873
2441,330.150576
2442,330.358606
2443,330.435033
2444,330.499754
2445,330.564057
2446,330.618289
2447,330.660809
2448,330.692042
2449,330.712725
2450,330.723411
2451,330.724332
2452,330.715375
2453,330.696087
2454,330.665751
2455,330.623676
2456,330.570251
2457,330.510554
2458,330.445821
2459,330.327007
2460,329.650984
2461,329.39772
2462,329.282732
2463,329.217209
2464,329.172688
2465,329.139487
2466,329.113901
2467,329.09425
2468,329.079628
2469,329.069509
2470,329.063609
2471,329.061848
2472,329.064355
2473,329.071541
2474,329.084334
2475,329.104945
2476,329.139302
2477,329.204941
2478,329.356629
2479,329.769793
2480,329.819493
2481,329.850031
2482,329.882207
2483,329.909051
2484,329.929359
2485,329.943459
2486,329.951977
2487,329.955482
2488,329.954406
2489,329.949027
2490,329.939484
2491,329.925802
2492,329.907972
2493,329.886208
2494,329.861814
2495,329.840093
2496,328.915268
2497,328.933219
2498,328.960074
2499,328.993746
2500,329.034905
2501,329.086712
2502,329.158042
2503,329.275162
2504,329.520041
2505,330.15521
2506,330.363587
2507,330.440383
2508,330.505608
2509,330.570466
2510,330.625193
2511,330.668111
2512,330.69963
2513,330.720488
2514,330.731237
2515,330.73211
2516,330.722994
2517,330.703434
2518,330.672712
2519,330.630147
2520,330.576152
2521,330.515889
2522,330.450669
2523,330.331667
2524,329.654106
2525,329.399881
2526,329.284175
2527,329.218079
2528,329.173096
2529,329.139526
2530,329.113655
2531,329.093791
2532,329.079021
2533,329.068813
2534,329.062879
2535,329.06114
2536,329.063724
2537,329.071045
2538,329.084036
2539,329.104914
2540,329.139614
2541,329.205691
2542,329.357969
2543,329.772067
2544,329.821845
2545,329.85271
2546,329.885283
2547,329.912511
2548,329.933156
2549,329.94754
2550,329.956288
2551,329.959974
2552,329.959031
2553,329.953742
2554,329.944245
2555,329.930568
2556,329.912701
2557,329.890858
2558,329.866352
2559,329.844519
2560,328.913828
2561,328.931729
2562,328.958517
2563,328.992122
2564,329.033215
2565,329.084958
2566,329.156228
2567,329.273287
2568,329.5181
2569,330.153177
2570,330.361534
2571,330.43831
2572,330.503508
2573,330.568336
2574,330.623034
2575,330.665924
2576,330.69742
2577,330.718256
2578,330.728986
2579,330.729843
2580,330.720712
2581,330.70114
2582,330.670407
2583,330.627832
2584,330.573828
2585,330.513559
2586,330.448334
2587,330.32933
2588,329.651756
2589,329.397522
2590,329.28181
2591,329.215709
2592,329.170721
2593,329.137146
2594,329.111271
2595,329.091404
2596,329.076631
2597,329.066421
2598,329.060487
2599,329.058748
2600,329.061335
2601,329.06866
2602,329.081659
2603,329.102546
2604,329.13726
2605,329.203355
2606,329.35566
2607,329.769804
2608,329.819586
2609,329.850473
2610,329.883078
2611,329.910341
2612,329.931027
2613,329.945456
2614,329.954253
2615,329.957991
2616,329.957104
2617,329.951874
2618,329.94244
2619,329.928828
2620,329.911029
2621,329.889255
2622,329.864815
2623,329.843035
2624,328.910851
2625,328.928585
2626,328.955114
2627,328.988382
2628,329.029058
2629,329.080295
2630,329.150951
2631,329.26725
2632,329.511043
2633,330.144472
2634,330.352441
2635,330.428808
2636,330.493449
2637,330.557661
2638,330.611805
2639,330.654245
2640,330.685406
2641,330.706025
2642,330.716655
2643,330.717527
2644,330.708527
2645,330.689202
2646,330.658833
2647,330.61673
2648,330.563279
2649,330.503562
2650,330.438814
2651,330.319995
2652,329.643931
2653,329.390642
2654,329.275635
2655,329.210096
2656,329.16556
2657,329.132345
2658,329.106748
2659,329.087086
2660,329.072456
2661,329.062331
2662,329.056429
2663,329.05467
2664,329.057184
2665,329.064383
2666,329.077197
2667,329.097836
2668,329.132233
2669,329.197926
2670,329.349694
2671,329.762998
2672,329.812711
2673,329.843315
2674,329.875583
2675,329.902537
2676,329.922967
2677,329.937202
2678,329.945865
2679,329.949527
2680,329.948619
2681,329.943418
2682,329.934062
2683,329.920577
2684,329.902951
2685,329.881395
2686,329.8572
2687,329.835636
2688,328.906361
2689,328.923816
2690,328.949892
2691,328.982555
2692,329.022462
2693,329.072742
2694,329.142214
2695,329.257022
2696,329.49879
2697,330.128916
2698,330.336105
2699,330.411645
2700,330.475162
2701,330.538139
2702,330.591181
2703,330.632732
2704,330.663241
2705,330.683444
2706,330.693891
2707,330.694811
2708,330.686089
2709,330.667278
2710,330.63766
2711,330.596531
2712,330.544226
2713,330.48566
2714,330.421906
2715,330.303472
2716,329.630541
2717,329.379207
2718,329.26565
2719,329.20126
2720,329.157645
2721,329.125156
2722,329.100117
2723,329.080869
2724,329.066524
2725,329.056569
2726,329.050729
2727,329.048929
2728,329.051296
2729,329.058235
2730,329.070669
2731,329.090796
2732,329.12453
2733,329.189376
2734,329.340009
2735,329.751525
2736,329.801092
2737,329.831084
2738,329.862627
2739,329.888909
2740,329.908777
2741,329.922573
2742,329.93092
2743,329.934379
2744,329.933372
2745,329.928171
2746,329.91891
2747,329.905612
2748,329.888266
2749,329.867076
2750,329.843308
2751,329.82213
2752,328.900417
2753,328.917482
2754,328.942917
2755,328.974707
2756,329.01349
2757,329.062349
2758,329.130032
2759,329.242554
2760,329.481188
2761,330.106191
2762,330.312157
2763,330.386388
2764,330.448138
2765,330.509195
2766,330.560544
2767,330.600746
2768,330.630275
2769,330.649861
2770,330.660043
2771,330.661043
2772,330.652751
2773,330.634728
2774,330.606265
2775,330.566649
2776,330.516142
2777,330.459402
2778,330.397237
2779,330.279417
2780,329.611414
2781,329.36315
2782,329.251863
2783,329.189252
2784,329.147042
2785,329.115649
2786,329.091448
2787,329.072816
2788,329.058895
2789,329.049191
2790,329.043444
2791,329.041579
2792,329.043723
2793,329.050269
2794,329.062121
2795,329.081455
2796,329.114152
2797,329.177659
2798,329.326489
2799,329.735163
2800,329.784494
2801,329.813501
2802,329.843884
2803,329.869103
2804,329.888088
2805,329.901197
2806,329.909043
2807,329.912172
2808,329.910993
2809,329.905764
2810,329.896615
2811,329.883565
2812,329.866605
2813,329.845933
2814,329.822778
2815,329.80216
2816,328.893106
2817,328.909677
2818,328.93429
2819,328.964949
2820,329.002251
2821,329.049201
2822,329.114426
2823,329.22374
2824,329.457978
2825,330.075936
2826,330.280187
2827,330.35253
2828,330.411762
2829,330.470128
2830,330.519147
2831,330.557524
2832,330.585743
2833,330.604514
2834,330.614349
2835,330.615463
2836,330.607749
2837,330.590788
2838,330.563898
2839,330.52637
2840,330.478385
2841,330.424252
2842,330.364393
2843,330.247445
2844,329.586273
2845,329.342353
2846,329.234286
2847,329.174156
2848,329.133863
2849,329.103943
2850,329.080851
2851,329.063028
2852,329.049661
2853,329.040286
2854,329.034656
2855,329.032705
2856,329.03455
2857,329.040569
2858,329.051633
2859,329.069872
2860,329.101107
2861,329.162695
2862,329.308955
2863,329.71367
2864,329.762663
2865,329.790239
2866,329.81897
2867,329.842701
2868,329.860469
2869,329.872641
2870,329.879809
2871,329.88249
2872,329.881069
2873,329.875788
2874,329.866766
2875,329.854024
2876,329.837553
2877,329.817547
2878,329.795192
2879,329.775317
2880,328.884547
2881,328.900528
2882,328.924153
2883,328.953436
2884,328.988903
2885,329.033419
2886,329.095379
2887,329.200256
2888,329.42848
2889,330.037963
2890,330.240174
2891,330.30997
2892,330.365825
2893,330.420677
2894,330.466731
2895,330.502834
2896,330.529449
2897,330.547231
2898,330.556652
2899,330.557907
2900,330.550901
2901,330.535247
2902,330.510316
2903,330.47544
2904,330.430737
2905,330.380091
2906,330.323388
2907,330.207527
2908,329.554474
2909,329.316472
2910,329.212891
2911,329.156093
2912,329.118276
2913,329.090201
2914,329.068477
2915,329.051642
2916,329.038947
2917,329.029967
2918,329.024479
2919,329.022419
2920,329.023897
2921,329.029258
2922,329.039322
2923,329.056133
2924,329.085385
2925,329.14428
2926,329.287031
2927,329.687059
2928,329.735622
2929,329.761244
2930,329.787783
2931,329.809596
2932,329.825833
2933,329.836847
2934,329.843184
2935,329.845319
2936,329.843599
2937,329.838245
2938,329.829366
2939,329.81698
2940,329.801085
2941,329.781877
2942,329.760496
2943,329.741544
2944,328.874889
2945,328.890198
2946,328.912689
2947,328.940375
2948,328.973661
2949,329.015147
2950,329.0727
2951,329.170909
2952,329.389738
2953,329.991444
2954,330.193836
2955,330.260737
2956,330.312425
2957,330.363102
2958,330.405752
2959,330.439309
2960,330.464158
2961,330.480864
2962,330.489838
2963,330.49125
2964,330.485017
2965,330.470803
2966,330.44806
2967,330.416213
2968,330.375378
2969,330.329003
2970,330.276248
2971,330.160454
2972,329.513249
2973,329.284269
2974,329.187463
2975,329.135212
2976,329.100508
2977,329.074646
2978,329.054522
2979,329.038828
2980,329.026904
2981,329.018377
2982,329.01305
2983,329.010865
2984,329.011914
2985,329.016499
2986,329.025352
2987,329.040348
2988,329.066867
2989,329.121675
2990,329.259143
2991,329.656257
2992,329.704739
2993,329.72789
2994,329.751782
2995,329.771371
2996,329.785882
2997,329.795616
2998,329.801047
2999,329.802588
3000,329.800544
3001,329.795109
3002,329.786378
3003,329.774369
3004,329.75909
3005,329.740748
3006,329.720448
3007,329.702553
3008,328.864303
3009,328.878875
3010,328.900119
3011,328.926027
3012,328.956816
3013,328.994585
3014,329.045892
3015,329.132069
3016,329.327766
3017,329.913193
3018,330.148225
3019,330.21494
3020,330.262621
3021,330.309422
3022,330.349037
3023,330.380384
3024,330.403723
3025,330.419519
3026,330.428116
3027,330.429661
3028,330.424083
3029,330.411097
3030,330.390248
3031,330.361081
3032,330.323796
3033,330.281515
3034,330.232121
3035,330.092351
3036,329.448183
3037,329.241729
3038,329.157415
3039,329.111713
3040,329.080872
3041,329.057561
3042,329.039223
3043,329.024787
3044,329.013709
3045,329.005679
3046,329.00053
3047,328.998209
3048,328.998786
3049,329.002501
3050,329.009947
3051,329.022667
3052,329.045207
3053,329.092419
3054,329.216714
3055,329.616627
3056,329.676316
3057,329.697038
3058,329.718437
3059,329.736025
3060,329.749032
3061,329.75767
3062,329.762334
3063,329.763376
3064,329.76106
3065,329.755557
3066,329.746948
3067,329.735254
3068,329.720495
3069,329.702891
3070,329.68354
3071,329.666622
3072,328.852976
3073,328.866768
3074,328.886692
3075,328.91071
3076,328.938787
3077,328.972242
3078,329.014994
3079,329.078256
3080,329.193622
3081,329.439843
3082,329.925253
3083,330.126667
3084,330.179661
3085,330.225784
3086,330.264676
3087,330.295485
3088,330.318455
3089,330.334028
3090,330.342532
3091,330.344109
3092,330.33869
3093,330.326004
3094,330.305617
3095,330.277097
3096,330.240567
3097,330.196744
3098,330.093191
3099,329.562303
3100,329.298897
3101,329.181768
3102,329.122619
3103,329.086134
3104,329.059827
3105,329.039295
3106,329.022853
3107,329.009742
3108,328.999556
3109,328.992052
3110,328.987095
3111,328.984637
3112,328.984722
3113,328.987517
3114,328.993428
3115,329.003455
3116,329.020316
3117,329.051827
3118,329.120236
3119,329.281564
3120,329.614885
3121,329.64666
3122,329.667935
3123,329.685069
3124,329.697713
3125,329.706086
3126,329.710563
3127,329.711485
3128,329.709105
3129,329.703586
3130,329.695008
3131,329.683393
3132,329.668761
3133,329.651338
3134,329.632223
3135,329.615572
3136,328.841103
3137,328.854096
3138,328.872677
3139,328.89479
3140,328.920168
3141,328.949456
3142,328.984507
3143,329.029842
3144,329.095585
3145,329.199007
3146,329.344713
3147,329.437259
3148,329.487932
3149,329.525758
3150,329.556329
3151,329.580672
3152,329.599141
3153,329.611976
3154,329.61934
3155,329.621304
3156,329.617837
3157,329.608809
3158,329.593997
3159,329.573064
3160,329.545204
3161,329.506729
3162,329.438397
3163,329.292279
3164,329.189421
3165,329.127612
3166,329.088175
3167,329.059979
3168,329.038033
3169,329.020249
3170,329.005705
3171,328.993929
3172,328.984646
3173,328.977679
3174,328.972926
3175,328.970341
3176,328.969945
3177,328.971837
3178,328.976247
3179,328.9837
3180,328.995462
3181,329.014621
3182,329.048134
3183,329.107676
3184,329.194098
3185,329.226136
3186,329.243665
3187,329.2557
3188,329.264043
3189,329.269187
3190,329.271387
3191,329.270832
3192,329.267658
3193,329.261955
3194,329.253772
3195,329.243126
3196,329.230065
3197,329.214836
3198,329.198445
3199,329.184432
3200,328.828874
3201,328.841071
3202,328.858331
3203,328.878603
3204,328.90146
3205,328.927116
3206,328.95629
3207,328.990499
3208,329.032436
3209,329.085116
3210,329.145886
3211,329.195602
3212,329.233019
3213,329.263242
3214,329.288186
3215,329.308363
3216,329.323935
3217,329.334997
3218,329.341614
3219,329.343817
3220,329.341597
3221,329.334904
3222,329.323657
3223,329.307711
3224,329.286668
3225,329.259074
3226,329.220512
3227,329.166225
3228,329.119282
3229,329.083616
3230,329.056229
3231,329.034253
3232,329.016051
3233,329.000797
3234,328.988058
3235,328.977575
3236,328.969177
3237,328.962745
3238,328.958202
3239,328.955512
3240,328.954674
3241,328.955732
3242,328.958794
3243,328.964082
3244,328.972067
3245,328.98373
3246,329.000807
3247,329.025073
3248,329.053763
3249,329.071663
3250,329.083455
3251,329.091707
3252,329.097239
3253,329.100314
3254,329.101058
3255,329.099558
3256,329.095885
3257,329.090083
3258,329.082179
3259,329.072192
3260,329.06018
3261,329.04639
3262,329.031739
3263,329.01934
3264,328.816463
3265,328.827884
3266,328.843879
3267,328.862426
3268,328.883007
3269,328.9056
3270,328.930407
3271,328.957814
3272,328.988337
3273,329.022136
3274,329.057579
3275,329.090122
3276,329.118343
3277,329.142656
3278,329.163308
3279,329.180325
3280,329.193686
3281,329.203379
3282,329.209408
3283,329.21178
3284,329.210497
3285,329.205563
3286,329.196987
3287,329.184791
3288,329.168958
3289,329.149287
3290,329.125267
3291,329.09729
3292,329.070536
3293,329.047065
3294,329.026843
3295,329.009373
3296,328.994258
3297,328.981242
3298,328.97016
3299,328.960888
3300,328.953332
3301,328.947418
3302,328.943093
3303,328.940324
3304,328.9391
3305,328.939429
3306,328.94134
3307,328.944895
3308,328.950213
3309,328.9575
3310,328.967015
3311,328.978711
3312,328.991193
3313,329.001113
3314,329.008559
3315,329.013911
3316,329.017325
3317,329.018843
3318,329.018487
3319,329.016278
3320,329.012239
3321,329.006387
3322,328.998734
3323,328.989297
3324,328.978139
3325,328.965501
3326,328.952221
3327,328.941076
3328,328.804024
3329,328.814703
3330,328.829508
3331,328.846471
3332,328.865029
3333,328.885044
3334,328.906503
3335,328.929415
3336,328.953723
3337,328.979128
3338,329.004777
3339,329.029231
3340,329.051613
3341,329.071568
3342,329.088875
3343,329.103367
3344,329.114928
3345,329.12349
3346,329.129021
3347,329.131513
3348,329.130978
3349,329.127446
3350,329.120979
3351,329.111683
3352,329.099709
3353,329.085253
3354,329.068598
3355,329.050431
3356,329.032314
3357,329.015243
3358,328.999598
3359,328.985478
3360,328.972891
3361,328.961814
3362,328.952213
3363,328.944048
3364,328.937275
3365,328.931853
3366,328.927747
3367,328.924931
3368,328.923386
3369,328.9231
3370,328.924059
3371,328.92625
3372,328.929652
3373,328.934225
3374,328.939871
3375,328.946313
3376,328.952888
3377,328.958608
3378,328.963123
3379,328.966307
3380,328.968073
3381,328.96836
3382,328.967127
3383,328.964356
3384,328.960039
3385,328.954176
3386,328.946769
3387,328.937833
3388,328.927431
3389,328.915793
3390,328.903685
3391,328.893602
3392,328.791683
3393,328.80166
3394,328.815363
3395,328.83089
3396,328.847664
3397,328.865496
3398,328.884292
3399,328.903943
3400,328.924274
3401,328.944972
3402,328.965535
3403,328.985307
3404,329.003738
3405,329.020436
3406,329.035115
3407,329.047563
3408,329.057637
3409,329.065247
3410,329.070347
3411,329.07292
3412,329.072982
3413,329.070577
3414,329.065788
3415,329.058746
3416,329.049645
3417,329.038753
3418,329.026429
3419,329.013189
3420,328.999721
3421,328.986587
3422,328.974144
3423,328.962606
3424,328.952095
3425,328.942676
3426,328.934377
3427,328.927203
3428,328.921143
3429,328.916179
3430,328.912292
3431,328.90946
3432,328.907663
3433,328.906874
3434,328.907064
3435,328.908185
3436,328.91017
3437,328.912916
3438,328.916263
3439,328.919965
3440,328.923653
3441,328.926896
3442,328.929399
3443,328.930964
3444,328.931451
3445,328.930761
3446,328.928829
3447,328.925616
3448,328.921097
3449,328.91526
3450,328.908101
3451,328.899633
3452,328.889918
3453,328.879172
3454,328.868092
3455,328.858929
3456,328.779539
3457,328.788859
3458,328.80155
3459,328.815786
3460,328.830995
3461,328.846969
3462,328.863586
3463,328.880713
3464,328.898168
3465,328.915692
3466,328.932947
3467,328.94954
3468,328.965096
3469,328.979298
3470,328.99189
3471,329.002679
3472,329.011523
3473,329.018333
3474,329.023056
3475,329.025676
3476,329.026209
3477,329.0247
3478,329.021237
3479,329.01595
3480,329.009022
3481,329.000697
3482,328.991281
3483,328.981144
3484,328.970696
3485,328.960303
3486,328.950254
3487,328.940757
3488,328.931955
3489,328.923941
3490,328.916769
3491,328.910468
3492,328.905048
3493,328.900507
3494,328.896834
3495,328.894015
3496,328.892029
3497,328.890845
3498,328.890426
3499,328.890714
3500,328.891631
3501,328.893069
3502,328.894878
3503,328.896864
3504,328.898788
3505,328.900394
3506,328.90146
3507,328.901812
3508,328.901312
3509,328.899861
3510,328.897385
3511,328.893836
3512,328.889183
3513,328.883407
3514,328.8765
3515,328.868474
3516,328.859389
3517,328.849444
3518,328.839274
3519,328.830916
3520,328.767667
3521,328.776375
3522,328.788142
3523,328.801223
3524,328.815062
3525,328.829448
3526,328.844254
3527,328.859352
3528,328.874579
3529,328.889728
3530,328.904553
3531,328.91878
3532,328.932139
3533,328.944384
3534,328.955307
3535,328.964745
3536,328.972573
3537,328.978708
3538,328.983103
3539,328.985739
3540,328.986633
3541,328.985829
3542,328.983406
3543,328.979482
3544,328.974217
3545,328.967811
3546,328.960507
3547,328.952578
3548,328.944308
3549,328.935964
3550,328.92777
3551,328.919908
3552,328.912512
3553,328.905678
3554,328.899471
3555,328.89393
3556,328.889077
3557,328.884921
3558,328.881457
3559,328.878676
3560,328.876558
3561,328.875074
3562,328.874183
3563,328.87383
3564,328.87394
3565,328.874412
3566,328.875123
3567,328.87592
3568,328.876632
3569,328.877079
3570,328.877096
3571,328.876539
3572,328.87529
3573,328.873258
3574,328.870373
3575,328.866585
3576,328.86186
3577,328.856177
3578,328.849527
3579,328.841921
3580,328.833415
3581,328.824192
3582,328.814832
3583,328.807184
3584,328.756117
3585,328.764258
3586,328.775184
3587,328.787234
3588,328.799874
3589,328.812899
3590,328.826187
3591,328.839619
3592,328.853059
3593,328.86634
3594,328.879274
3595,328.891658
3596,328.903287
3597,328.913974
3598,328.923552
3599,328.931886
3600,328.938873
3601,328.944441
3602,328.948545
3603,328.951172
3604,328.952335
3605,328.952074
3606,328.95046
3607,328.947593
3608,328.943605
3609,328.938661
3610,328.93295
3611,328.926678
3612,328.920059
3613,328.913295
3614,328.906564
3615,328.900018
3616,328.893775
3617,328.887926
3618,328.882537
3619,328.877651
3620,328.873297
3621,328.869487
3622,328.866225
3623,328.863502
3624,328.861303
3625,328.8596
3626,328.858356
3627,328.857518
3628,328.85702
3629,328.856775
3630,328.856682
3631,328.856621
3632,328.856461
3633,328.856068
3634,328.855314
3635,328.854082
3636,328.852277
3637,328.849816
3638,328.846638
3639,328.842695
3640,328.837954
3641,328.832393
3642,328.826005
3643,328.818799
3644,328.810827
3645,328.802259
3646,328.793624
3647,328.786606
3648,328.744924
3649,328.752539
3650,328.762699
3651,328.77383
3652,328.785421
3653,328.797276
3654,328.809281
3655,328.821331
3656,328.83331
3657,328.845085
3658,328.856507
3659,328.867419
3660,328.877664
3661,328.887095
3662,328.89558
3663,328.90301
3664,328.909298
3665,328.914384
3666,328.918231
3667,328.920826
3668,328.922181
3669,328.922332
3670,328.921339
3671,328.919285
3672,328.916282
3673,328.912459
3674,328.907966
3675,328.902966
3676,328.897621
3677,328.892092
3678,328.886521
3679,328.881033
3680,328.875733
3681,328.870701
3682,328.866
3683,328.861675
3684,328.857755
3685,328.854256
3686,328.851185
3687,328.848538
3688,328.8463
3689,328.844448
3690,328.842948
3691,328.841753
3692,328.840806
3693,328.840034
3694,328.839354
3695,328.838669
3696,328.837877
3697,328.836874
3698,328.835559
3699,328.833838
3700,328.831631
3701,328.828868
3702,328.825496
3703,328.821471
3704,328.816762
3705,328.81135
3706,328.805227
3707,328.798403
3708,328.790927
3709,328.782955
3710,328.774972
3711,328.768516
3712,328.734106
3713,328.741234
3714,328.750698
3715,328.761008
3716,328.771679
3717,328.782525
3718,328.79344
3719,328.804334
3720,328.815107
3721,328.82565
3722,328.835844
3723,328.845565
3724,328.854689
3725,328.863099
3726,328.870691
3727,328.877375
3728,328.88308
3729,328.887755
3730,328.891371
3731,328.893916
3732,328.8954
3733,328.895855
3734,328.895331
3735,328.893898
3736,328.891647
3737,328.888683
3738,328.885127
3739,328.881107
3740,328.876752
3741,328.87219
3742,328.867538
3743,328.862901
3744,328.858366
3745,328.854008
3746,328.849882
3747,328.846032
3748,328.842487
3749,328.839266
3750,328.836377
3751,328.833817
3752,328.831575
3753,328.829632
3754,328.827957
3755,328.82651
3756,328.825241
3757,328.824091
3758,328.822988
3759,328.821857
3760,328.820615
3761,328.819179
3762,328.817467
3763,328.815403
3764,328.812921
3765,328.809962
3766,328.806478
3767,328.802433
3768,328.797798
3769,328.792556
3770,328.786701
3771,328.780243
3772,328.773228
3773,328.765802
3774,328.758409
3775,328.752456
3776,328.723681
3777,328.730358
3778,328.739188
3779,328.748764
3780,328.758627
3781,328.7686
3782,328.778588
3783,328.788509
3784,328.798278
3785,328.807806
3786,328.816994
3787,328.825742
3788,328.833951
3789,328.841526
3790,328.848382
3791,328.854448
3792,328.859663
3793,328.863986
3794,328.867391
3795,328.86987
3796,328.871432
3797,328.872103
3798,328.871925
3799,328.870958
3800,328.869276
3801,328.866967
3802,328.864127
3803,328.86086
3804,328.857271
3805,328.853465
3806,328.849538
3807,328.845578
3808,328.841661
3809,328.837852
3810,328.834203
3811,328.830753
3812,328.827532
3813,328.824557
3814,328.821838
3815,328.819374
3816,328.817158
3817,328.815171
3818,328.813387
3819,328.811774
3820,328.810287
3821,328.808875
3822,328.807482
3823,328.806043
3824,328.804492
3825,328.802761
3826,328.800782
3827,328.798494
3828,328.79584
3829,328.792771
3830,328.789246
3831,328.785232
3832,328.780706
3833,328.775652
3834,328.770065
3835,328.763957
3836,328.757373
3837,328.750446
3838,328.743588
3839,328.738091
3840,328.713682
3841,328.719941
3842,328.728196
3843,328.737117
3844,328.74627
3845,328.75549
3846,328.764687
3847,328.773788
3848,328.78272
3849,328.791407
3850,328.799768
3851,328.807718
3852,328.815177
3853,328.822067
3854,328.828317
3855,328.833868
3856,328.83867
3857,328.842688
3858,328.845901
3859,328.848302
3860,328.849899
3861,328.850713
3862,328.850782
3863,328.850156
3864,328.848897
3865,328.847076
3866,328.844776
3867,328.84208
3868,328.839078
3869,328.835855
3870,328.832493
3871,328.829067
3872,328.825643
3873,328.822278
3874,328.819019
3875,328.815902
3876,328.812956
3877,328.810198
3878,328.807638
3879,328.805277
3880,328.803108
3881,328.801116
3882,328.799279
3883,328.797568
3884,328.795946
3885,328.79437
3886,328.79279
3887,328.791155
3888,328.789407
3889,328.787491
3890,328.785351
3891,328.782934
3892,328.780193
3893,328.777085
3894,328.773575
3895,328.769636
3896,328.765246
3897,328.760392
3898,328.755072
3899,328.749298
3900,328.743113
3901,328.736644
3902,328.730272
3903,328.725186
3904,328.704221
3905,328.710097
3906,328.717834
3907,328.726177
3908,328.734714
3909,328.743288
3910,328.751816
3911,328.760232
3912,328.768471
3913,328.776468
3914,328.784152
3915,328.791452
3916,328.798301
3917,328.804631
3918,328.810384
3919,328.815509
3920,328.819964
3921,328.82372
3922,328.826757
3923,328.829071
3924,328.830668
3925,328.831568
3926,328.831802
3927,328.831413
3928,328.830454
3929,328.828988
3930,328.827082
3931,328.824809
3932,328.822244
3933,328.81946
3934,328.816528
3935,328.813512
3936,328.810472
3937,328.807457
3938,328.804512
3939,328.801668
3940,328.798953
3941,328.796383
3942,328.793969
3943,328.791712
3944,328.789606
3945,328.78764
3946,328.785794
3947,328.784043
3948,328.782353
3949,328.780689
3950,328.779008
3951,328.777265
3952,328.775411
3953,328.773399
3954,328.771181
3955,328.768713
3956,328.765952
3957,328.762863
3958,328.759415
3959,328.755582
3960,328.751348
3961,328.746701
3962,328.741641
3963,328.73618
3964,328.730361
3965,328.724305
3966,328.718368
3967,328.713651
3968,328.69568
3969,328.701218
3970,328.708509
3971,328.716363
3972,328.724386
3973,328.73243
3974,328.740415
3975,328.74828
3976,328.755968
3977,328.763419
3978,328.77057
3979,328.777361
3980,328.783731
3981,328.789622
3982,328.794982
3983,328.799768
3984,328.803942
3985,328.807479
3986,328.810362
3987,328.812586
3988,328.814159
3989,328.815096
3990,328.815427
3991,328.815188
3992,328.814428
3993,328.8132
3994,328.811564
3995,328.809584
3996,328.807325
3997,328.804852
3998,328.802228
3999,328.799511
4000,328.796753
4001,328.794001
4002,328.791294
4003,328.788662
4004,328.786132
4005,328.783718
4006,328.781432
4007,328.779274
4008,328.777241
4009,328.775321
4010,328.773499
4011,328.77175
4012,328.770046
4013,328.768355
4014,328.766638
4015,328.764857
4016,328.762968
4017,328.760929
4018,328.758699
4019,328.756238
4020,328.753509
4021,328.75048
4022,328.747123
4023,328.743416
4024,328.739343
4025,328.734896
4026,328.730075
4027,328.724894
4028,328.719394
4029,328.713694
4030,328.70813
4031,328.70373
4032,328.689333
4033,328.69462
4034,328.701591
4035,328.709102
4036,328.71677
4037,328.724452
4038,328.732069
4039,328.739566
4040,328.746886
4041,328.753976
4042,328.760778
4043,328.767235
4044,328.773291
4045,328.778893
4046,328.783995
4047,328.788554
4048,328.792538
4049,328.795923
4050,328.798693
4051,328.800845
4052,328.802383
4053,328.803325
4054,328.803696
4055,328.803532
4056,328.802875
4057,328.801775
4058,328.800289
4059,328.798473
4060,328.79639
4061,328.794098
4062,328.791655
4063,328.789117
4064,328.78653
4065,328.78394
4066,328.781383
4067,328.778889
4068,328.776481
4069,328.774175
4070,328.77198
4071,328.7699
4072,328.767929
4073,328.766059
4074,328.764273
4075,328.76255
4076,328.760863
4077,328.759183
4078,328.757474
4079,328.755699
4080,328.753821
4081,328.751798
4082,328.749594
4083,328.747171
4084,328.744495
4085,328.741536
4086,328.738268
4087,328.734672
4088,328.730733
4089,328.726442
4090,328.721802
4091,328.716826
4092,328.711556
4093,328.706107
4094,328.700806
4095,328.696635
4096,328.691548
4097,328.701941
4098,328.715026
4099,328.731103
4100,328.750593
4101,328.773943
4102,328.795374
4103,328.812783
4104,328.826991
4105,328.838505
4106,328.847661
4107,328.85469
4108,328.859737
4109,328.862878
4110,328.864122
4111,328.863414
4112,328.860628
4113,328.855565
4114,328.847934
4115,328.837321
4116,328.823118
4117,328.804334
4118,328.786389
4119,328.771749
4120,328.759926
4121,328.750443
4122,328.742903
4123,328.73699
4124,328.732464
4125,328.729147
4126,328.726914
4127,328.725685
4128,328.725425
4129,328.726137
4130,328.727865
4131,328.730696
4132,328.734761
4133,328.740246
4134,328.747399
4135,328.756538
4136,328.768068
4137,328.782469
4138,328.800232
4139,328.818896
4140,328.833048
4141,328.843676
4142,328.851389
4143,328.856599
4144,328.859597
4145,328.860582
4146,328.859676
4147,328.856932
4148,328.85234
4149,328.845822
4150,328.83723
4151,328.826332
4152,328.812788
4153,328.796098
4154,328.775445
4155,328.752943
4156,328.734362
4157,328.719259
4158,328.707229
4159,328.697989
4160,328.701645
4161,328.712624
4162,328.726369
4163,328.743201
4164,328.763529
4165,328.787742
4166,328.810004
4167,328.828166
4168,328.843024
4169,328.855081
4170,328.864681
4171,328.872059
4172,328.877366
4173,328.88068
4174,328.882009
4175,328.881296
4176,328.878412
4177,328.873152
4178,328.865217
4179,328.854188
4180,328.839464
4181,328.820103
4182,328.801551
4183,328.786339
4184,328.77402
4185,328.764124
4186,328.756245
4187,328.750062
4188,328.745327
4189,328.741853
4190,328.739511
4191,328.738219
4192,328.73794
4193,328.738677
4194,328.740477
4195,328.743429
4196,328.747671
4197,328.753395
4198,328.760858
4199,328.770386
4200,328.78239
4201,328.797346
4202,328.815703
4203,328.834938
4204,328.849607
4205,328.860651
4206,328.868673
4207,328.87409
4208,328.877199
4209,328.878206
4210,328.877236
4211,328.874345
4212,328.869521
4213,328.862685
4214,328.853682
4215,328.842276
4216,328.828121
4217,328.810717
4218,328.789275
4219,328.765955
4220,328.74658
4221,328.730766
4222,328.718113
4223,328.708315
4224,328.710993
4225,328.722518
4226,328.736852
4227,328.75432
4228,328.775319
4229,328.800199
4230,328.823104
4231,328.841865
4232,328.857259
4233,328.869779
4234,328.879768
4235,328.887461
4236,328.893012
4237,328.896499
4238,328.89793
4239,328.897247
4240,328.894319
4241,328.888938
4242,328.880804
4243,328.869502
4244,328.854443
4245,328.834718
4246,328.815774
4247,328.800172
4248,328.787499
4249,328.777294
4250,328.769157
4251,328.762763
4252,328.757859
4253,328.754256
4254,328.751822
4255,328.750472
4256,328.750169
4257,328.750917
4258,328.752762
4259,328.755799
4260,328.760167
4261,328.766064
4262,328.77375
4263,328.783555
4264,328.795888
4265,328.811212
4266,328.829946
4267,328.849534
4268,328.864533
4269,328.875851
4270,328.884077
4271,328.889626
4272,328.892795
4273,328.893792
4274,328.892744
4275,328.889708
4276,328.884672
4277,328.877554
4278,328.868199
4279,328.856368
4280,328.841718
4281,328.823754
4282,328.801711
4283,328.777765
4284,328.757758
4285,328.741344
4286,328.72813
4287,328.7178
4288,328.719627
4289,328.73165
4290,328.746503
4291,328.764511
4292,328.786062
4293,328.811487
4294,328.834913
4295,328.854164
4296,328.870003
4297,328.882918
4298,328.893247
4299,328.901227
4300,328.907008
4301,328.910669
4302,328.91222
4303,328.9116
4304,328.908679
4305,328.903247
4306,328.895005
4307,328.883544
4308,328.868284
4309,328.848334
4310,328.829142
4311,328.813288
4312,328.800376
4313,328.789958
4314,328.781635
4315,328.775085
4316,328.770053
4317,328.766348
4318,328.763837
4319,328.762435
4320,328.762102
4321,328.762845
4322,328.764711
4323,328.767794
4324,328.77224
4325,328.778245
4326,328.786073
4327,328.796054
4328,328.808593
4329,328.824143
4330,328.843105
4331,328.862907
4332,328.8781
4333,328.889578
4334,328.897918
4335,328.90353
4336,328.906711
4337,328.907668
4338,328.906528
4339,328.903349
4340,328.898118
4341,328.890753
4342,328.881098
4343,328.868914
4344,328.85386
4345,328.835449
4346,328.812926
4347,328.788476
4348,328.767953
4349,328.751029
4350,328.737319
4351,328.726502
4352,328.727575
4353,328.740046
4354,328.755355
4355,328.773824
4356,328.795837
4357,328.821714
4358,328.845569
4359,328.865222
4360,328.881434
4361,328.894686
4362,328.905314
4363,328.913552
4364,328.919551
4365,328.923391
4366,328.925078
4367,328.924554
4368,328.921686
4369,328.916266
4370,328.907996
4371,328.89647
4372,328.881116
4373,328.861049
4374,328.841723
4375,328.825726
4376,328.812674
4377,328.802124
4378,328.793683
4379,328.787028
4380,328.781906
4381,328.778126
4382,328.775553
4383,328.774101
4384,328.773734
4385,328.774455
4386,328.776315
4387,328.779409
4388,328.783883
4389,328.789935
4390,328.79783
4391,328.807897
4392,328.820537
4393,328.836199
4394,328.855272
4395,328.875175
4396,328.890455
4397,328.901998
4398,328.910374
4399,328.915989
4400,328.919138
4401,328.920026
4402,328.918782
4403,328.915462
4404,328.910053
4405,328.902473
4406,328.892564
4407,328.880089
4408,328.864708
4409,328.84594
4410,328.823031
4411,328.798169
4412,328.77722
4413,328.759865
4414,328.74572
4415,328.734465
4416,328.734861
4417,328.747734
4418,328.76344
4419,328.7823
4420,328.804698
4421,328.830947
4422,328.855154
4423,328.875138
4424,328.891659
4425,328.905197
4426,328.916085
4427,328.924558
4428,328.930766
4429,328.934787
4430,328.936629
4431,328.936231
4432,328.933461
4433,328.928111
4434,328.919885
4435,328.908377
4436,328.893019
4437,328.87293
4438,328.853567
4439,328.837522
4440,328.824415
4441,328.813808
4442,328.80531
4443,328.7986
4444,328.793423
4445,328.789592
4446,328.78697
4447,328.785473
4448,328.785063
4449,328.785747
4450,328.787575
4451,328.790642
4452,328.795096
4453,328.801137
4454,328.809027
4455,328.819098
4456,328.831747
4457,328.84742
4458,328.866502
4459,328.886408
4460,328.901683
4461,328.913209
4462,328.921551
4463,328.927113
4464,328.930189
4465,328.930984
4466,328.929624
4467,328.926166
4468,328.920595
4469,328.912829
4470,328.90271
4471,328.89
4472,328.874361
4473,328.855311
4474,328.832097
4475,328.806905
4476,328.785609
4477,328.767891
4478,328.753371
4479,328.741726
4480,328.741508
4481,328.754737
4482,328.770783
4483,328.789971
4484,328.812682
4485,328.83923
4486,328.863716
4487,328.883965
4488,328.900737
4489,328.914514
4490,328.925629
4491,328.934314
4492,328.940722
4493,328.944928
4494,328.946941
4495,328.9467
4496,328.944072
4497,328.938848
4498,328.930733
4499,328.91932
4500,328.904043
4501,328.884022
4502,328.864712
4503,328.848705
4504,328.835623
4505,328.825029
4506,328.816531
4507,328.80981
4508,328.804614
4509,328.800754
4510,328.798095
4511,328.796555
4512,328.796096
4513,328.796725
4514,328.798493
4515,328.801497
4516,328.805883
4517,328.811854
4518,328.819672
4519,328.829667
4520,328.842238
4521,328.857829
4522,328.876826
4523,328.896643
4524,328.911829
4525,328.92326
4526,328.931503
4527,328.936961
4528,328.939925
4529,328.940601
4530,328.939115
4531,328.935522
4532,328.929806
4533,328.921885
4534,328.911599
4535,328.898709
4536,328.882876
4537,328.863616
4538,328.840172
4539,328.814728
4540,328.793158
4541,328.775145
4542,328.760306
4543,328.748318
4544,328.747534
4545,328.761072
4546,328.777404
4547,328.796854
4548,328.819807
4549,328.84658
4550,328.871275
4551,328.891723
4552,328.908689
4553,328.922658
4554,328.933964
4555,328.942841
4556,328.94944
4557,328.953836
4558,328.956039
4559,328.955985
4560,328.953543
4561,328.948502
4562,328.940565
4563,328.929325
4564,328.914213
4565,328.894347
4566,328.87518
4567,328.859298
4568,328.846319
4569,328.835804
4570,328.827364
4571,328.820677
4572,328.815495
4573,328.811627
4574,328.808944
4575,328.807361
4576,328.806843
4577,328.807399
4578,328.809079
4579,328.811981
4580,328.816252
4581,328.822095
4582,328.829771
4583,328.839611
4584,328.852017
4585,328.867434
4586,328.886251
4587,328.905889
4588,328.920899
4589,328.932161
4590,328.940241
4591,328.945542
4592,328.948358
4593,328.948892
4594,328.94727
4595,328.943546
4596,328.937704
4597,328.929659
4598,328.91925
4599,328.906236
4600,328.890274
4601,328.870876
4602,328.847281
4603,328.821663
4604,328.799895
4605,328.781654
4606,328.766554
4607,328.754271
4608,328.752953
4609,328.766755
4610,328.783314
4611,328.802957
4612,328.826075
4613,328.852993
4614,328.877819
4615,328.898395
4616,328.915495
4617,328.929607
4618,328.941069
4619,328.950115
4620,328.956896
4621,328.961489
4622,328.9639
4623,328.964067
4624,328.961857
4625,328.957058
4626,328.94937
4627,328.938384
4628,328.923527
4629,328.903913
4630,328.884985
4631,328.869317
4632,328.856522
4633,328.846157
4634,328.837831
4635,328.831224
4636,328.826087
4637,328.822233
4638,328.819534
4639,328.817908
4640,328.817322
4641,328.817784
4642,328.819346
4643,328.822107
4644,328.826213
4645,328.831866
4646,328.839329
4647,328.848933
4648,328.861083
4649,328.876227
4650,328.894763
4651,328.914123
4652,328.928869
4653,328.939883
4654,328.947732
4655,328.952825
4656,328.955454
4657,328.955823
4658,328.954056
4659,328.950208
4660,328.94426
4661,328.936125
4662,328.925641
4663,328.912562
4664,328.896543
4665,328.877088
4666,328.853427
4667,328.827723
4668,328.805839
4669,328.787443
4670,328.772143
4671,328.759612
4672,328.757781
4673,328.771798
4674,328.788519
4675,328.808277
4676,328.83147
4677,328.858439
4678,328.883307
4679,328.903931
4680,328.921095
4681,328.935296
4682,328.946874
4683,328.956066
4684,328.963021
4685,328.967817
4686,328.970458
4687,328.970881
4688,328.968953
4689,328.964461
4690,328.957102
4691,328.946462
4692,328.93196
4693,328.912706
4694,328.894125
4695,328.878774
4696,328.866253
4697,328.856113
4698,328.847962
4699,328.84148
4700,328.83642
4701,328.8326
4702,328.829893
4703,328.828222
4704,328.827554
4705,328.827901
4706,328.829315
4707,328.831893
4708,328.835782
4709,328.84118
4710,328.848352
4711,328.857631
4712,328.869423
4713,328.884185
4714,328.902326
4715,328.921298
4716,328.935679
4717,328.946354
4718,328.953901
4719,328.958728
4720,328.96113
4721,328.96131
4722,328.959393
4723,328.955428
4724,328.949397
4725,328.941211
4726,328.930705
4727,328.917632
4728,328.901637
4729,328.882218
4730,328.85859
4731,328.832902
4732,328.810998
4733,328.792532
4734,328.7771
4735,328.76437
4736,328.762034
4737,328.776213
4738,328.793022
4739,328.812799
4740,328.83596
4741,328.862863
4742,328.887662
4743,328.908235
4744,328.925383
4745,328.93961
4746,328.951261
4747,328.960573
4748,328.967694
4749,328.9727
4750,328.975594
4751,328.976313
4752,328.974722
4753,328.97061
4754,328.96367
4755,328.953483
4756,328.939459
4757,328.920696
4758,328.902594
4759,328.887678
4760,328.875534
4761,328.865705
4762,328.857793
4763,328.851483
4764,328.846532
4765,328.842763
4766,328.840055
4767,328.838334
4768,328.837571
4769,328.83778
4770,328.839011
4771,328.841362
4772,328.844977
4773,328.850052
4774,328.856849
4775,328.865701
4776,328.877019
4777,328.89127
4778,328.908879
4779,328.92733
4780,328.941225
4781,328.951461
4782,328.958621
4783,328.96312
4784,328.965253
4785,328.965221
4786,328.963145
4787,328.959074
4788,328.952988
4789,328.944795
4790,328.934331
4791,328.921342
4792,328.90547
4793,328.886199
4794,328.862729
4795,328.837184
4796,328.815377
4797,328.796939
4798,328.781454
4799,328.76858
4800,328.765739
4801,328.78002
4802,328.796828
4803,328.816508
4804,328.839496
4805,328.866182
4806,328.890767
4807,328.911165
4808,328.928197
4809,328.942377
4810,328.954053
4811,328.963458
4812,328.970738
4813,328.975962
4814,328.979135
4815,328.980193
4816,328.979002
4817,328.975352
4818,328.968938
4819,328.959334
4820,328.945939
4821,328.927834
4822,328.910375
4823,328.896044
4824,328.884399
4825,328.874974
4826,328.867373
4827,328.861283
4828,328.856471
4829,328.852769
4830,328.850062
4831,328.848284
4832,328.84741
4833,328.847453
4834,328.848467
4835,328.850545
4836,328.853826
4837,328.858503
4838,328.864833
4839,328.873144
4840,328.88385
4841,328.897431
4842,328.914336
4843,328.932097
4844,328.945358
4845,328.95503
4846,328.961708
4847,328.96581
4848,328.967628
4849,328.967359
4850,328.965121
4851,328.960957
4852,328.954847
4853,328.946699
4854,328.936347
4855,328.923538
4856,328.907907
4857,328.888927
4858,328.865775
4859,328.840538
4860,328.818979
4861,328.800693
4862,328.785246
4863,328.772288
4864,328.768934
4865,328.783253
4866,328.799953
4867,328.819388
4868,328.842014
4869,328.868276
4870,328.892452
4871,328.912513
4872,328.929308
4873,328.943358
4874,328.955006
4875,328.964476
4876,328.971907
4877,328.977363
4878,328.980843
4879,328.982287
4880,328.981563
4881,328.978468
4882,328.972703
4883,328.963843
4884,328.951274
4885,328.934048
4886,328.917453
4887,328.903894
4888,328.892896
4889,328.883984
4890,328.876766
4891,328.870944
4892,328.866299
4893,328.862674
4894,328.859968
4895,328.858122
4896,328.857116
4897,328.856966
4898,328.857724
4899,328.85948
4900,328.862367
4901,328.866568
4902,328.872327
4903,328.879967
4904,328.889896
4905,328.902606
4906,328.918583
4907,328.935431
4908,328.947864
4909,328.95682
4910,328.962905
4911,328.966534
4912,328.96799
4913,328.967462
4914,328.965058
4915,328.960818
4916,328.954719
4917,328.946672
4918,328.936513
4919,328.923996
4920,328.908754
4921,328.890249
4922,328.867629
4923,328.842924
4924,328.821811
4925,328.803835
4926,328.788536
4927,328.775559
4928,328.771686
4929,328.78597
4930,328.802437
4931,328.821437
4932,328.843446
4933,328.86898
4934,328.892471
4935,328.911983
4936,328.928394
4937,328.942221
4938,328.953788
4939,328.963301
4940,328.970881
4941,328.976583
4942,328.980403
4943,328.982281
4944,328.982096
4945,328.979658
4946,328.974684
4947,328.966764
4948,328.955281
4949,328.939248
4950,328.92382
4951,328.911278
4952,328.901104
4953,328.892823
4954,328.886063
4955,328.880551
4956,328.876091
4957,328.872548
4958,328.869835
4959,328.867904
4960,328.866741
4961,328.866367
4962,328.866831
4963,328.868217
4964,328.870649
4965,328.874293
4966,328.879377
4967,328.886199
4968,328.895154
4969,328.906734
4970,328.92147
4971,328.937093
4972,328.948442
4973,328.956497
4974,328.961863
4975,328.964939
4976,328.965988
4977,328.96518
4978,328.962612
4979,328.958316
4980,328.952267
4981,328.944381
4982,328.934505
4983,328.922405
4984,328.907729
4985,328.88994
4986,328.868153
4987,328.8443
4988,328.823905
4989,328.806438
4990,328.791416
4991,328.778491
4992,328.774095
4993,328.788273
4994,328.804369
4995,328.822699
4996,328.84373
4997,328.868066
4998,328.890458
4999,328.909144
5000,328.925008
5001,328.938521
5002,328.949962
5003,328.959503
5004,328.967238
5005,328.973207
5006,328.977402
5007,328.979765
5008,328.980189
5009,328.978507
5010,328.974476
5011,328.967728
5012,328.957685
5013,328.943324
5014,328.929511
5015,328.918304
5016,328.909153
5017,328.90162
5018,328.895381
5019,328.890209
5020,328.885942
5021,328.882473
5022,328.879736
5023,328.877695
5024,328.876348
5025,328.875715
5026,328.875846
5027,328.876817
5028,328.878736
5029,328.88175
5030,328.886054
5031,328.891909
5032,328.899662
5033,328.909777
5034,328.922818
5035,328.936738
5036,328.946658
5037,328.95359
5038,328.958106
5039,328.960555
5040,328.96116
5041,328.960061
5042,328.957335
5043,328.953006
5044,328.947047
5045,328.939382
5046,328.929877
5047,328.918328
5048,328.904422
5049,328.887661
5050,328.86715
5051,328.844645
5052,328.825344
5053,328.808629
5054,328.794029
5055,328.781224
5056,328.776303
5057,328.790319
5058,328.805916
5059,328.823322
5060,328.842886
5061,328.86519
5062,328.885821
5063,328.903347
5064,328.918508
5065,328.931641
5066,328.942936
5067,328.952508
5068,328.960418
5069,328.966685
5070,328.971293
5071,328.97419
5072,328.975286
5073,328.974451
5074,328.971501
5075,328.966172
5076,328.958029
5077,328.946165
5078,328.934667
5079,328.925182
5080,328.917252
5081,328.910558
5082,328.904877
5083,328.900049
5084,328.895963
5085,328.892546
5086,328.889754
5087,328.887572
5088,328.886004
5089,328.885077
5090,328.884837
5091,328.885351
5092,328.88671
5093,328.889033
5094,328.892473
5095,328.897227
5096,328.90355
5097,328.911788
5098,328.922423
5099,328.933813
5100,328.941846
5101,328.947427
5102,328.950978
5103,328.952745
5104,328.952885
5105,328.951495
5106,328.948627
5107,328.944291
5108,328.938461
5109,328.931071
5110,328.922016
5111,328.911139
5112,328.89821
5113,328.882855
5114,328.864319
5115,328.844023
5116,328.826325
5117,328.81063
5118,328.796582
5119,328.783951
5120,328.778497
5121,328.79233
5122,328.807367
5123,328.823678
5124,328.841251
5125,328.859731
5126,328.877456
5127,328.893548
5128,328.907937
5129,328.920683
5130,328.931852
5131,328.941489
5132,328.949614
5133,328.956225
5134,328.961295
5135,328.964777
5136,328.966601
5137,328.966679
5138,328.964905
5139,328.961168
5140,328.955396
5141,328.947765
5142,328.939736
5143,328.932323
5144,328.925716
5145,328.919882
5146,328.914744
5147,328.910229
5148,328.906283
5149,328.902873
5150,328.899984
5151,328.897615
5152,328.895785
5153,328.894524
5154,328.893875
5155,328.893898
5156,328.894664
5157,328.896261
5158,328.898793
5159,328.902376
5160,328.907125
5161,328.913104
5162,328.920144
5163,328.927236
5164,328.932913
5165,328.936988
5166,328.939516
5167,328.940582
5168,328.940258
5169,328.938592
5170,328.935605
5171,328.931294
5172,328.925631
5173,328.918563
5174,328.910016
5175,328.899891
5176,328.888076
5177,328.874467
5178,328.859102
5179,328.842831
5180,328.827283
5181,328.812793
5182,328.799362
5183,328.786922
5184,328.780882
5185,328.794568
5186,328.809126
5187,328.824526
5188,328.840625
5189,328.857039
5190,328.873007
5191,328.887983
5192,328.901739
5193,328.914192
5194,328.925312
5195,328.935083
5196,328.943485
5197,328.950491
5198,328.956064
5199,328.96016
5200,328.962726
5201,328.963709
5202,328.963066
5203,328.960787
5204,328.956951
5205,328.951844
5206,328.946138
5207,328.940418
5208,328.934966
5209,328.929884
5210,328.925203
5211,328.920924
5212,328.917047
5213,328.913576
5214,328.910525
5215,328.907913
5216,328.905769
5217,328.904129
5218,328.903036
5219,328.90254
5220,328.902695
5221,328.903562
5222,328.9052
5223,328.907658
5224,328.910953
5225,328.915016
5226,328.91959
5227,328.924099
5228,328.927869
5229,328.9306
5230,328.932192
5231,328.932621
5232,328.931887
5233,328.929992
5234,328.926929
5235,328.922679
5236,328.917212
5237,328.910487
5238,328.902456
5239,328.89307
5240,328.8823
5241,328.870178
5242,328.856887
5243,328.842936
5244,328.829053
5245,328.815602
5246,328.802716
5247,328.790422
5248,328.783646
5249,328.797263
5250,328.811498
5251,328.826287
5252,328.841469
5253,328.856751
5254,328.871713
5255,328.885997
5256,328.899373
5257,328.911704
5258,328.922904
5259,328.932912
5260,328.941675
5261,328.949143
5262,328.955267
5263,328.960001
5264,328.963303
5265,328.965142
5266,328.965512
5267,328.96445
5268,328.962072
5269,328.958614
5270,328.954455
5271,328.949959
5272,328.945377
5273,328.940857
5274,328.936486
5275,328.932322
5276,328.928407
5277,328.924782
5278,328.921485
5279,328.918556
5280,328.916036
5281,328.913967
5282,328.912392
5283,328.911355
5284,328.910896
5285,328.911054
5286,328.911855
5287,328.913306
5288,328.915373
5289,328.917949
5290,328.920814
5291,328.923616
5292,328.925977
5293,328.927643
5294,328.928471
5295,328.928381
5296,328.927327
5297,328.925275
5298,328.922192
5299,328.918047
5300,328.912805
5301,328.90643
5302,328.898892
5303,328.890174
5304,328.880288
5305,328.869306
5306,328.857403
5307,328.844892
5308,328.832157
5309,328.819468
5310,328.806974
5311,328.794741
5312,328.786932
5313,328.800574
5314,328.814666
5315,328.829137
5316,328.843846
5317,328.858578
5318,328.873064
5319,328.887048
5320,328.900327
5321,328.912748
5322,328.924196
5323,328.934578
5324,328.943811
5325,328.951826
5326,328.95856
5327,328.963959
5328,328.967985
5329,328.970618
5330,328.971866
5331,328.97178
5332,328.97047
5333,328.968119
5334,328.964974
5335,328.961287
5336,328.957268
5337,328.953074
5338,328.948826
5339,328.944618
5340,328.940528
5341,328.936626
5342,328.932977
5343,328.929639
5344,328.926666
5345,328.924109
5346,328.922011
5347,328.920412
5348,328.919344
5349,328.918828
5350,328.918871
5351,328.919457
5352,328.920531
5353,328.921987
5354,328.923651
5355,328.925289
5356,328.926653
5357,328.927542
5358,328.92781
5359,328.927355
5360,328.926099
5361,328.923983
5362,328.920954
5363,328.916968
5364,328.911981
5365,328.905961
5366,328.898885
5367,328.890747
5368,328.881574
5369,328.871438
5370,328.860475
5371,328.848886
5372,328.8369
5373,328.824706
5374,328.812432
5375,328.80015
5376,328.790835
5377,328.8046
5378,328.818719
5379,328.833128
5380,328.847711
5381,328.862306
5382,328.876717
5383,328.890746
5384,328.904212
5385,328.916961
5386,328.928855
5387,328.939776
5388,328.949618
5389,328.958288
5390,328.965708
5391,328.971812
5392,328.976559
5393,328.979927
5394,328.981927
5395,328.982608
5396,328.982064
5397,328.980439
5398,328.977913
5399,328.974681
5400,328.970924
5401,328.966804
5402,328.96246
5403,328.958015
5404,328.953578
5405,328.949248
5406,328.945114
5407,328.941254
5408,328.937736
5409,328.934619
5410,328.93195
5411,328.929766
5412,328.928093
5413,328.926944
5414,328.926313
5415,328.926172
5416,328.926464
5417,328.927092
5418,328.927918
5419,328.928772
5420,328.929471
5421,328.929852
5422,328.929774
5423,328.929123
5424,328.927806
5425,328.92574
5426,328.922857
5427,328.919096
5428,328.914407
5429,328.908752
5430,328.902108
5431,328.894472
5432,328.885868
5433,328.876355
5434,328.866031
5435,328.855031
5436,328.843501
5437,328.831574
5438,328.819354
5439,328.806908
5440,328.795406
5441,328.809387
5442,328.823689
5443,328.838256
5444,328.852994
5445,328.867775
5446,328.882443
5447,328.896831
5448,328.910771
5449,328.924102
5450,328.936669
5451,328.948329
5452,328.95895
5453,328.968414
5454,328.97662
5455,328.98349
5456,328.988968
5457,328.993029
5458,328.995678
5459,328.996954
5460,328.996937
5461,328.995743
5462,328.993519
5463,328.990429
5464,328.986643
5465,328.982327
5466,328.977639
5467,328.972729
5468,328.967739
5469,328.962796
5470,328.958015
5471,328.953495
5472,328.949319
5473,328.945556
5474,328.942255
5475,328.939456
5476,328.93718
5477,328.935434
5478,328.934206
5479,328.933464
5480,328.933153
5481,328.933186
5482,328.933452
5483,328.933814
5484,328.934127
5485,328.934246
5486,328.934037
5487,328.933378
5488,328.932158
5489,328.930279
5490,328.927652
5491,328.924202
5492,328.919868
5493,328.914603
5494,328.908378
5495,328.901187
5496,328.893043
5497,328.883991
5498,328.874098
5499,328.863455
5500,328.852164
5501,328.840319
5502,328.828002
5503,328.815274
5504,328.80066
5505,328.814946
5506,328.829571
5507,328.844489
5508,328.859625
5509,328.874872
5510,328.890096
5511,328.905145
5512,328.919854
5513,328.934048
5514,328.947553
5515,328.960192
5516,328.971802
5517,328.982234
5518,328.991361
5519,328.999083
5520,329.00533
5521,329.010065
5522,329.013283
5523,329.015014
5524,329.015325
5525,329.014315
5526,329.012113
5527,329.008872
5528,329.00476
5529,328.999955
5530,328.994641
5531,328.989
5532,328.983207
5533,328.977425
5534,328.971799
5535,328.966451
5536,328.961481
5537,328.956965
5538,328.952961
5539,328.949506
5540,328.946619
5541,328.944305
5542,328.942547
5543,328.941314
5544,328.940552
5545,328.940185
5546,328.940118
5547,328.940234
5548,328.940405
5549,328.940499
5550,328.94038
5551,328.939914
5552,328.938975
5553,328.937442
5554,328.935208
5555,328.932178
5556,328.928276
5557,328.923445
5558,328.917648
5559,328.910868
5560,328.903112
5561,328.894406
5562,328.884797
5563,328.874347
5564,328.863128
5565,328.851209
5566,328.838656
5567,328.825524
5568,328.806586
5569,328.82126
5570,328.836337
5571,328.851785
5572,328.867541
5573,328.883515
5574,328.899586
5575,328.915606
5576,328.931404
5577,328.946784
5578,328.961538
5579,328.975451
5580,328.988314
5581,328.999938
5582,329.010161
5583,329.018858
5584,329.025939
5585,329.031353
5586,329.035086
5587,329.037157
5588,329.037623
5589,329.036573
5590,329.034128
5591,329.030439
5592,329.025683
5593,329.020062
5594,329.013791
5595,329.007096
5596,329.000197
5597,328.993301
5598,328.986588
5599,328.980208
5600,328.974276
5601,328.968882
5602,328.964084
5603,328.95992
5604,328.956406
5605,328.953542
5606,328.951312
5607,328.949681
5608,328.948601
5609,328.948002
5610,328.9478
5611,328.947891
5612,328.948155
5613,328.948461
5614,328.948666
5615,328.948622
5616,328.948176
5617,328.947183
5618,328.945509
5619,328.943036
5620,328.93967
5621,328.935342
5622,328.930003
5623,328.92363
5624,328.916218
5625,328.907782
5626,328.898352
5627,328.887971
5628,328.876691
5629,328.864563
5630,328.851643
5631,328.83798
5632,328.813149
5633,328.828289
5634,328.843942
5635,328.860089
5636,328.876682
5637,328.893643
5638,328.910862
5639,328.92819
5640,328.945441
5641,328.962389
5642,328.978777
5643,328.99433
5644,329.00878
5645,329.021882
5646,329.033431
5647,329.043268
5648,329.051283
5649,329.057411
5650,329.061625
5651,329.063939
5652,329.064401
5653,329.063092
5654,329.060132
5655,329.055677
5656,329.049922
5657,329.043099
5658,329.035473
5659,329.027329
5660,329.018949
5661,329.010598
5662,329.002501
5663,328.99484
5664,328.987749
5665,328.981324
5666,328.975624
5667,328.970684
5668,328.966515
5669,328.963112
5670,328.960455
5671,328.95851
5672,328.95723
5673,328.956553
5674,328.956402
5675,328.95668
5676,328.957273
5677,328.958044
5678,328.958837
5679,328.959477
5680,328.959781
5681,328.959565
5682,328.958658
5683,328.956915
5684,328.954221
5685,328.950491
5686,328.945668
5687,328.93972
5688,328.932635
5689,328.92442
5690,328.915095
5691,328.904687
5692,328.893233
5693,328.880775
5694,328.867357
5695,328.853025
5696,328.820293
5697,328.835973
5698,328.852321
5699,328.869334
5700,328.88698
5701,328.905201
5702,328.923896
5703,328.942915
5704,328.962051
5705,328.981034
5706,328.999538
5707,329.017203
5708,329.033671
5709,329.04862
5710,329.061789
5711,329.072983
5712,329.082069
5713,329.08897
5714,329.093653
5715,329.096126
5716,329.096428
5717,329.094639
5718,329.090873
5719,329.085295
5720,329.078122
5721,329.069631
5722,329.060155
5723,329.050062
5724,329.039728
5725,329.029495
5726,329.01965
5727,329.010407
5728,329.001921
5729,328.994286
5730,328.98756
5731,328.981764
5732,328.976903
5733,328.972961
5734,328.969915
5735,328.967729
5736,328.966359
5737,328.96575
5738,328.965832
5739,328.966515
5740,328.967687
5741,328.969205
5742,328.970892
5743,328.972538
5744,328.973909
5745,328.974765
5746,328.974888
5747,328.974095
5748,328.972243
5749,328.969236
5750,328.965009
5751,328.959527
5752,328.952776
5753,328.944756
5754,328.93548
5755,328.924967
5756,328.913242
5757,328.900336
5758,328.886285
5759,328.871131
5760,328.827941
5761,328.844231
5762,328.861389
5763,328.879433
5764,328.898358
5765,328.918128
5766,328.938663
5767,328.959818
5768,328.981364
5769,329.002972
5770,329.024218
5771,329.044612
5772,329.06366
5773,329.080933
5774,329.096097
5775,329.108921
5776,329.119254
5777,329.127017
5778,329.132174
5779,329.134729
5780,329.134719
5781,329.132211
5782,329.127316
5783,329.120201
5784,329.111108
5785,329.100368
5786,329.088405
5787,329.075719
5788,329.062821
5789,329.050169
5790,329.038126
5791,329.026944
5792,329.016784
5793,329.007738
5794,328.999841
5795,328.9931
5796,328.9875
5797,328.983015
5798,328.97961
5799,328.977251
5800,328.975896
5801,328.975497
5802,328.975995
5803,328.977313
5804,328.979342
5805,328.981935
5806,328.984887
5807,328.987939
5808,328.990782
5809,328.993093
5810,328.994578
5811,328.995006
5812,328.99421
5813,328.992081
5814,328.988555
5815,328.9836
5816,328.977204
5817,328.96937
5818,328.960104
5819,328.949421
5820,328.937334
5821,328.923864
5822,328.909037
5823,328.892888
5824,328.835994
5825,328.852958
5826,328.871035
5827,328.890274
5828,328.910707
5829,328.932337
5830,328.95512
5831,328.978933
5832,329.003536
5833,329.028532
5834,329.053355
5835,329.077305
5836,329.099676
5837,329.119884
5838,329.137513
5839,329.1523
5840,329.164097
5841,329.172833
5842,329.178482
5843,329.181052
5844,329.180571
5845,329.177091
5846,329.170707
5847,329.161573
5848,329.149945
5849,329.136211
5850,329.120927
5851,329.104787
5852,329.088526
5853,329.072773
5854,329.057981
5855,329.044437
5856,329.032293
5857,329.021608
5858,329.012389
5859,329.004606
5860,328.998217
5861,328.993178
5862,328.989442
5863,328.986972
5864,328.98573
5865,328.985682
5866,328.986785
5867,328.988982
5868,328.992181
5869,328.996234
5870,329.000914
5871,329.005893
5872,329.010745
5873,329.015008
5874,329.01828
5875,329.020267
5876,329.020781
5877,329.019714
5878,329.017014
5879,329.012662
5880,329.006658
5881,328.999011
5882,328.989729
5883,328.978819
5884,328.966285
5885,328.952134
5886,328.936375
5887,328.919033
5888,328.84433
5889,328.862021
5890,328.881118
5891,328.901708
5892,328.923875
5893,328.947685
5894,328.973163
5895,329.000242
5896,329.028704
5897,329.058091
5898,329.087632
5899,329.116284
5900,329.142974
5901,329.166897
5902,329.18756
5903,329.204701
5904,329.218207
5905,329.228044
5906,329.234216
5907,329.236737
5908,329.235626
5909,329.23091
5910,329.222641
5911,329.210931
5912,329.196016
5913,329.178328
5914,329.158588
5915,329.137811
5916,329.117119
5917,329.097395
5918,329.079196
5919,329.062809
5920,329.048339
5921,329.035783
5922,329.025084
5923,329.016162
5924,329.008936
5925,329.003332
5926,328.999289
5927,328.996765
5928,328.99573
5929,328.996169
5930,328.998067
5931,329.001402
5932,329.006117
5933,329.01209
5934,329.019082
5935,329.026682
5936,329.034282
5937,329.041167
5938,329.046767
5939,329.050723
5940,329.052843
5941,329.053043
5942,329.051305
5943,329.047641
5944,329.042073
5945,329.034623
5946,329.025305
5947,329.01412
5948,329.00106
5949,328.986109
5950,328.969252
5951,328.950491
5952,328.8528
5953,328.871262
5954,328.891462
5955,328.913539
5956,328.937649
5957,328.963953
5958,328.992588
5959,329.023614
5960,329.056909
5961,329.092011
5962,329.127895
5963,329.162895
5964,329.195245
5965,329.223854
5966,329.248209
5967,329.268129
5968,329.283601
5969,329.294672
5970,329.301399
5971,329.303814
5972,329.301924
5973,329.295708
5974,329.285142
5975,329.27024
5976,329.25114
5977,329.22825
5978,329.202466
5979,329.17535
5980,329.148775
5981,329.123995
5982,329.101628
5983,329.081882
5984,329.064742
5985,329.050088
5986,329.037766
5987,329.02762
5988,329.019514
5989,329.013337
5990,329.009008
5991,329.006482
5992,329.00574
5993,329.006791
5994,329.009665
5995,329.014396
5996,329.020999
5997,329.029421
5998,329.039462
5999,329.050642
6000,329.062064
6001,329.072486
6002,329.081096
6003,329.087496
6004,329.091542
6005,329.093222
6006,329.092585
6007,329.089692
6008,329.084605
6009,329.077368
6010,329.068001
6011,329.056502
6012,329.042845
6013,329.026982
6014,329.008856
6015,328.988421
6016,328.861236
6017,328.880494
6018,328.901854
6019,328.92552
6020,328.951741
6021,328.980806
6022,329.013028
6023,329.048691
6024,329.087932
6025,329.130476
6026,329.175106
6027,329.218968
6028,329.258777
6029,329.293207
6030,329.32194
6031,329.345048
6032,329.362719
6033,329.37514
6034,329.38245
6035,329.384712
6036,329.381912
6037,329.373964
6038,329.360717
6039,329.342002
6040,329.317718
6041,329.288041
6042,329.253905
6043,329.217839
6044,329.183405
6045,329.152278
6046,329.124941
6047,329.101342
6048,329.081227
6049,329.064288
6050,329.05023
6051,329.038797
6052,329.029783
6053,329.02303
6054,329.018438
6055,329.015953
6056,329.015573
6057,329.017342
6058,329.021346
6059,329.027707
6060,329.036557
6061,329.047997
6062,329.061982
6063,329.078083
6064,329.095025
6065,329.110249
6066,329.122681
6067,329.132027
6068,329.138311
6069,329.141665
6070,329.142248
6071,329.1402
6072,329.135634
6073,329.128623
6074,329.119201
6075,329.107361
6076,329.093053
6077,329.076185
6078,329.056633
6079,329.034255
6080,328.869449
6081,328.889505
6082,328.912049
6083,328.937356
6084,328.965782
6085,328.997779
6086,329.033893
6087,329.074755
6088,329.12101
6089,329.173057
6090,329.230124
6091,329.287095
6092,329.336621
6093,329.377991
6094,329.411673
6095,329.438269
6096,329.458297
6097,329.472142
6098,329.480049
6099,329.482121
6100,329.478324
6101,329.468479
6102,329.45227
6103,329.429243
6104,329.398841
6105,329.360546
6106,329.314558
6107,329.265139
6108,329.220309
6109,329.181523
6110,329.148534
6111,329.120716
6112,329.097423
6113,329.078086
6114,329.062232
6115,329.049484
6116,329.039553
6117,329.032235
6118,329.027399
6119,329.02499
6120,329.025021
6121,329.027577
6122,329.032818
6123,329.040974
6124,329.052351
6125,329.067306
6126,329.086179
6127,329.109018
6128,329.134553
6129,329.156244
6130,329.173329
6131,329.18605
6132,329.194806
6133,329.19997
6134,329.201853
6135,329.200697
6136,329.196677
6137,329.189904
6138,329.180428
6139,329.168235
6140,329.153249
6141,329.135327
6142,329.114245
6143,329.089691
6144,328.877238
6145,328.898071
6146,328.92178
6147,328.948713
6148,328.979342
6149,329.014291
6150,329.054364
6151,329.10061
6152,329.154397
6153,329.21756
6154,329.292671
6155,329.371273
6156,329.432502
6157,329.481362
6158,329.520182
6159,329.550341
6160,329.572754
6161,329.588026
6162,329.596521
6163,329.598385
6164,329.593558
6165,329.581767
6166,329.562509
6167,329.534996
6168,329.498043
6169,329.44974
6170,329.386328
6171,329.315113
6172,329.257575
6173,329.210412
6174,329.171517
6175,329.139383
6176,329.112879
6177,329.091139
6178,329.073498
6179,329.059451
6180,329.048625
6181,329.040761
6182,329.035704
6183,329.033391
6184,329.033856
6185,329.037227
6186,329.043737
6187,329.053742
6188,329.067739
6189,329.086419
6190,329.110742
6191,329.142132
6192,329.183057
6193,329.2128
6194,329.234983
6195,329.25124
6196,329.262539
6197,329.269548
6198,329.272751
6199,329.272496
6200,329.269029
6201,329.262499
6202,329.252973
6203,329.240434
6204,329.224782
6205,329.205825
6206,329.183239
6207,329.156476
6208,328.884401
6209,328.905962
6210,328.930771
6211,328.959247
6212,328.991968
6213,329.029711
6214,329.073506
6215,329.124726
6216,329.1852
6217,329.257344
6218,329.344079
6219,329.434904
6220,329.505271
6221,329.560668
6222,329.604142
6223,329.637574
6224,329.662187
6225,329.678776
6226,329.687808
6227,329.689467
6228,329.683671
6229,329.670066
6230,329.647986
6231,329.616375
6232,329.573622
6233,329.517175
6234,329.442655
6235,329.359004
6236,329.291641
6237,329.237162
6238,329.192842
6239,329.156657
6240,329.127111
6241,329.103087
6242,329.083746
6243,329.068465
6244,329.056792
6245,329.048418
6246,329.043161
6247,329.040955
6248,329.041848
6249,329.04601
6250,329.053743
6251,329.06551
6252,329.081973
6253,329.104061
6254,329.133079
6255,329.170848
6256,329.219744
6257,329.255579
6258,329.282167
6259,329.301624
6260,329.315268
6261,329.323991
6262,329.328424
6263,329.329014
6264,329.326066
6265,329.319768
6266,329.3102
6267,329.297343
6268,329.281074
6269,329.261148
6270,329.237152
6271,329.20837
6272,328.89074
6273,328.912957
6274,328.938762
6275,328.968633
6276,329.003239
6277,329.043476
6278,329.090539
6279,329.146001
6280,329.211912
6281,329.290829
6282,329.385467
6283,329.484236
6284,329.5613
6285,329.621925
6286,329.669321
6287,329.70559
6288,329.732139
6289,329.749895
6290,329.7594
6291,329.760868
6292,329.754202
6293,329.738982
6294,329.714431
6295,329.679325
6296,329.631839
6297,329.569229
6298,329.48717
6299,329.39542
6300,329.320876
6301,329.260558
6302,329.211657
6303,329.171933
6304,329.139674
6305,329.113588
6306,329.092704
6307,329.076301
6308,329.063857
6309,329.055022
6310,329.049589
6311,329.047486
6312,329.048778
6313,329.053665
6314,329.062506
6315,329.075843
6316,329.094448
6317,329.119384
6318,329.152085
6319,329.194383
6320,329.248271
6321,329.288461
6322,329.318532
6323,329.340678
6324,329.356361
6325,329.366607
6326,329.372148
6327,329.373505
6328,329.371034
6329,329.364952
6330,329.355354
6331,329.342218
6332,329.3254
6333,329.304616
6334,329.279392
6335,329.248921
6336,328.896079
6337,328.918857
6338,328.945518
6339,328.976589
6340,329.012804
6341,329.055147
6342,329.104916
6343,329.163796
6344,329.233917
6345,329.317821
6346,329.417988
6347,329.522233
6348,329.604138
6349,329.668755
6350,329.719275
6351,329.757868
6352,329.786033
6353,329.804771
6354,329.814673
6355,329.815973
6356,329.808563
6357,329.791983
6358,329.765385
6359,329.72746
6360,329.6763
6361,329.609143
6362,329.521804
6363,329.424468
6364,329.344731
6365,329.279952
6366,329.227393
6367,329.184749
6368,329.150202
6369,329.122351
6370,329.100133
6371,329.082753
6372,329.06964
6373,329.060403
6374,329.054818
6375,329.05281
6376,329.05445
6377,329.059966
6378,329.069754
6379,329.08441
6380,329.104769
6381,329.131955
6382,329.167426
6383,329.212942
6384,329.270228
6385,329.313527
6386,329.346239
6387,329.370525
6388,329.38789
6389,329.399421
6390,329.405913
6391,329.407938
6392,329.405888
6393,329.400003
6394,329.390389
6395,329.377021
6396,329.359744
6397,329.338246
6398,329.312014
6399,329.280194
6400,328.900262
6401,328.923491
6402,328.950844
6403,328.982884
6404,329.020393
6405,329.064412
6406,329.116299
6407,329.177792
6408,329.251042
6409,329.338533
6410,329.442571
6411,329.55063
6412,329.635979
6413,329.703531
6414,329.756416
6415,329.79681
6416,329.826246
6417,329.845762
6418,329.855979
6419,329.857139
6420,329.84913
6421,329.831466
6422,329.803266
6423,329.76318
6424,329.709284
6425,329.638849
6426,329.547805
6427,329.446569
6428,329.363128
6429,329.29506
6430,329.239715
6431,329.194788
6432,329.158417
6433,329.129138
6434,329.10583
6435,329.087649
6436,329.073982
6437,329.064415
6438,329.058705
6439,329.056775
6440,329.058702
6441,329.06473
6442,329.075281
6443,329.090983
6444,329.112703
6445,329.141586
6446,329.179079
6447,329.226868
6448,329.286519
6449,329.332021
6450,329.366672
6451,329.392586
6452,329.411267
6453,329.423828
6454,329.431097
6455,329.433675
6456,329.431979
6457,329.426267
6458,329.416652
6459,329.403109
6460,329.385472
6461,329.363417
6462,329.336406
6463,329.303561
6464,328.903162
6465,328.926719
6466,328.954584
6467,328.987344
6468,329.025812
6469,329.071064
6470,329.124493
6471,329.187856
6472,329.2633
6473,329.353259
6474,329.459922
6475,329.570561
6476,329.658265
6477,329.72786
6478,329.782426
6479,329.824121
6480,329.854486
6481,329.874575
6482,329.88502
6483,329.886072
6484,329.877612
6485,329.859145
6486,329.829772
6487,329.788132
6488,329.732306
6489,329.659606
6490,329.566038
6491,329.462152
6492,329.376164
6493,329.305789
6494,329.248448
6495,329.201853
6496,329.164126
6497,329.133774
6498,329.10964
6499,329.090847
6500,329.076757
6501,329.066935
6502,329.06113
6503,329.05926
6504,329.061405
6505,329.06782
6506,329.078943
6507,329.095418
6508,329.118128
6509,329.14822
6510,329.187124
6511,329.236469
6512,329.297728
6513,329.344743
6514,329.380756
6515,329.407841
6516,329.427491
6517,329.440824
6518,329.448685
6519,329.451693
6520,329.45028
6521,329.444714
6522,329.435114
6523,329.421455
6524,329.403566
6525,329.381112
6526,329.353546
6527,329.319975
6528,328.904683
6529,328.928437
6530,328.956624
6531,328.989845
6532,329.02893
6533,329.074976
6534,329.129393
6535,329.193945
6536,329.27077
6537,329.362264
6538,329.470548
6539,329.582779
6540,329.671944
6541,329.742822
6542,329.798455
6543,329.840984
6544,329.871949
6545,329.892406
6546,329.902995
6547,329.903969
6548,329.895208
6549,329.87621
6550,329.846069
6551,329.803425
6552,329.74637
6553,329.672244
6554,329.5771
6555,329.471562
6556,329.383976
6557,329.312135
6558,329.253508
6559,329.205825
6560,329.167203
6561,329.136136
6562,329.111447
6563,329.092242
6564,329.077865
6565,329.067872
6566,329.062002
6567,329.060172
6568,329.062464
6569,329.069139
6570,329.080642
6571,329.097628
6572,329.120983
6573,329.151854
6574,329.191653
6575,329.241977
6576,329.304247
6577,329.352218
6578,329.389103
6579,329.416951
6580,329.437243
6581,329.4511
6582,329.45937
6583,329.462682
6584,329.461477
6585,329.456028
6586,329.446459
6587,329.432744
6588,329.41471
6589,329.392017
6590,329.364111
6591,329.330093
6592,328.904759
6593,328.928576
6594,328.956888
6595,328.990305
6596,329.029666
6597,329.076075
6598,329.130949
6599,329.196055
6600,329.273525
6601,329.365735
6602,329.474775
6603,329.58775
6604,329.677599
6605,329.749081
6606,329.805219
6607,329.848144
6608,329.879392
6609,329.900021
6610,329.910672
6611,329.911599
6612,329.902681
6613,329.883413
6614,329.85289
6615,329.80975
6616,329.752093
6617,329.677275
6618,329.58137
6619,329.475034
6620,329.386675
6621,329.314121
6622,329.254863
6623,329.20664
6624,329.167573
6625,329.136147
6626,329.111179
6627,329.091764
6628,329.077243
6629,329.067162
6630,329.06126
6631,329.059449
6632,329.061817
6633,329.068624
6634,329.08032
6635,329.097562
6636,329.12124
6637,329.152498
6638,329.19274
6639,329.243547
6640,329.306315
6641,329.354762
6642,329.392086
6643,329.420325
6644,329.440954
6645,329.455092
6646,329.46359
6647,329.46708
6648,329.466006
6649,329.460647
6650,329.451124
6651,329.437414
6652,329.419342
6653,329.396565
6654,329.368528
6655,329.334329
6656,328.903356
6657,328.927098
6658,328.955337
6659,328.988685
6660,329.027978
6661,329.074324
6662,329.129138
6663,329.194188
6664,329.271604
6665,329.363765
6666,329.47276
6667,329.585693
6668,329.675506
6669,329.746954
6670,329.803061
6671,329.845959
6672,329.877183
6673,329.897791
6674,329.908423
6675,329.909333
6676,329.9004
6677,329.88112
6678,329.850586
6679,329.807436
6680,329.74977
6681,329.674944
6682,329.579032
6683,329.472689
6684,329.384323
6685,329.311762
6686,329.252498
6687,329.204271
6688,329.165198
6689,329.133768
6690,329.108796
6691,329.089379
6692,329.074854
6693,329.064772
6694,329.058869
6695,329.05706
6696,329.05943
6697,329.066241
6698,329.077944
6699,329.095196
6700,329.118886
6701,329.150161
6702,329.190422
6703,329.241252
6704,329.304047
6705,329.352523
6706,329.389881
6707,329.418158
6708,329.438828
6709,329.45301
6710,329.461556
6711,329.465098
6712,329.464081
6713,329.45878
6714,329.44932
6715,329.435675
6716,329.417672
6717,329.394966
6718,329.367003
6719,329.332881
6720,328.900469
6721,328.923997
6722,328.951965
6723,328.984976
6724,329.023861
6725,329.069717
6726,329.123953
6727,329.188335
6728,329.265001
6729,329.356348
6730,329.464495
6731,329.576603
6732,329.665657
6733,329.736434
6734,329.791976
6735,329.834425
6736,329.865317
6737,329.88571
6738,329.896243
6739,329.897167
6740,329.888363
6741,329.869327
6742,329.839154
6743,329.796481
6744,329.739399
6745,329.665249
6746,329.570082
6747,329.464522
6748,329.376917
6749,329.305058
6750,329.246414
6751,329.198715
6752,329.160079
6753,329.128998
6754,329.104298
6755,329.085082
6756,329.070697
6757,329.060699
6758,329.054827
6759,329.052999
6760,329.055299
6761,329.061987
6762,329.07351
6763,329.090524
6764,329.113916
6765,329.144835
6766,329.184691
6767,329.235085
6768,329.297434
6769,329.345495
6770,329.382481
6771,329.410441
6772,329.430856
6773,329.444847
6774,329.453262
6775,329.456731
6776,329.455694
6777,329.450423
6778,329.441041
6779,329.427523
6780,329.409695
6781,329.387216
6782,329.359532
6783,329.325744
6784,328.896122
6785,328.9193
6786,328.9468
6787,328.97921
6788,329.017343
6789,329.062277
6790,329.115404
6791,329.178484
6792,329.253663
6793,329.343376
6794,329.449812
6795,329.560246
6796,329.647765
6797,329.717194
6798,329.771609
6799,329.813169
6800,329.843415
6801,329.863397
6802,329.873749
6803,329.87472
6804,329.86619
6805,329.847662
6806,329.818235
6807,329.776547
6808,329.720679
6809,329.647939
6810,329.554334
6811,329.450412
6812,329.364392
6813,329.293986
6814,329.236616
6815,329.189996
6816,329.152244
6817,329.12187
6818,329.097715
6819,329.078905
6820,329.0648
6821,329.054969
6822,329.049159
6823,329.047291
6824,329.049447
6825,329.055883
6826,329.067038
6827,329.083559
6828,329.106329
6829,329.1365
6830,329.175499
6831,329.224958
6832,329.286351
6833,329.333516
6834,329.369697
6835,329.396968
6836,329.416822
6837,329.43038
6838,329.438484
6839,329.441754
6840,329.440621
6841,329.435352
6842,329.426066
6843,329.412736
6844,329.395191
6845,329.373095
6846,329.345899
6847,329.312713
6848,328.89037
6849,328.913066
6850,328.939906
6851,328.971455
6852,329.008492
6853,329.052063
6854,329.103527
6855,329.164622
6856,329.2375
6857,329.324647
6858,329.428368
6859,329.536142
6860,329.621235
6861,329.688554
6862,329.74123
6863,329.781436
6864,329.810707
6865,329.830077
6866,329.840165
6867,329.841216
6868,329.833111
6869,329.815364
6870,329.787091
6871,329.746942
6872,329.692987
6873,329.622499
6874,329.531403
6875,329.430118
6876,329.34663
6877,329.27852
6878,329.223136
6879,329.178173
6880,329.141766
6881,329.112456
6882,329.089118
6883,329.070911
6884,329.057222
6885,329.047638
6886,329.04192
6887,329.03999
6888,329.041928
6889,329.047982
6890,329.058575
6891,329.074338
6892,329.096141
6893,329.12513
6894,329.162756
6895,329.210705
6896,329.270542
6897,329.316254
6898,329.35114
6899,329.377315
6900,329.396284
6901,329.409159
6902,329.416769
6903,329.419715
6904,329.418412
6905,329.413118
6906,329.403944
6907,329.390865
6908,329.373712
6909,329.352159
6910,329.325669
6911,329.293364
6912,328.883299
6913,328.905389
6914,328.931386
6915,328.961821
6916,328.997426
6917,329.03919
6918,329.088412
6919,329.146778
6920,329.216421
6921,329.299882
6922,329.399643
6923,329.503524
6924,329.585102
6925,329.649422
6926,329.699676
6927,329.73803
6928,329.765985
6929,329.784538
6930,329.794281
6931,329.795444
6932,329.787916
6933,329.771234
6934,329.744549
6935,329.706546
6936,329.655315
6937,329.588092
6938,329.500688
6939,329.403287
6940,329.323492
6941,329.258659
6942,329.20605
6943,329.163359
6944,329.128767
6945,329.100874
6946,329.078616
6947,329.0612
6948,329.048054
6949,329.038793
6950,329.033191
6951,329.031178
6952,329.032828
6953,329.03837
6954,329.048207
6955,329.062936
6956,329.083396
6957,329.110714
6958,329.146353
6959,329.192074
6960,329.249602
6961,329.293171
6962,329.326184
6963,329.350806
6964,329.368541
6965,329.380477
6966,329.38741
6967,329.38991
6968,329.388368
6969,329.383024
6970,329.37398
6971,329.361212
6972,329.34456
6973,329.323713
6974,329.298154
6975,329.267032
6976,328.875023
6977,328.896393
6978,328.921381
6979,328.950469
6980,328.984324
6981,329.023848
6982,329.070237
6983,329.125067
6984,329.19039
6985,329.268767
6986,329.362913
6987,329.461242
6988,329.537909
6989,329.598174
6990,329.645247
6991,329.681228
6992,329.707525
6993,329.725062
6994,329.734379
6995,329.735687
6996,329.728884
6997,329.71355
6998,329.6889
6999,329.653707
7000,329.606141
7001,329.543454
7002,329.461316
7003,329.369487
7004,329.294873
7005,329.23449
7006,329.18553
7007,329.14575
7008,329.113436
7009,329.087296
7010,329.06636
7011,329.049907
7012,329.037419
7013,329.028546
7014,329.023085
7015,329.020968
7016,329.022262
7017,329.027174
7018,329.036064
7019,329.049482
7020,329.068202
7021,329.093293
7022,329.126192
7023,329.168739
7024,329.222926
7025,329.263448
7026,329.293887
7027,329.316442
7028,329.332578
7029,329.34332
7030,329.349402
7031,329.351343
7032,329.349498
7033,329.344082
7034,329.335188
7035,329.32279
7036,329.306743
7037,329.286761
7038,329.262366
7039,329.232753
7040,328.865685
7041,328.886238
7042,328.910073
7043,328.937614
7044,328.96944
7045,329.006331
7046,329.049322
7047,329.099788
7048,329.159563
7049,329.231067
7050,329.317225
7051,329.407538
7052,329.477439
7053,329.532413
7054,329.575509
7055,329.608605
7056,329.632927
7057,329.649266
7058,329.658086
7059,329.659567
7060,329.653623
7061,329.639894
7062,329.61771
7063,329.58601
7064,329.543174
7065,329.486645
7066,329.412035
7067,329.328288
7068,329.260844
7069,329.206293
7070,329.161906
7071,329.125656
7072,329.096044
7073,329.071953
7074,329.052546
7075,329.0372
7076,329.025466
7077,329.017038
7078,329.011737
7079,329.009501
7080,329.010384
7081,329.014561
7082,329.022339
7083,329.034187
7084,329.050772
7085,329.073031
7086,329.102276
7087,329.140334
7088,329.18959
7089,329.225815
7090,329.252837
7091,329.272777
7092,329.286956
7093,329.296268
7094,329.301344
7095,329.30263
7096,329.300429
7097,329.294925
7098,329.286197
7099,329.274223
7100,329.258875
7101,329.239906
7102,329.2169
7103,329.189142
7104,328.85545
7105,328.875108
7106,328.897681
7107,328.923522
7108,328.953106
7109,328.987059
7110,329.026193
7111,329.071558
7112,329.124529
7113,329.186947
7114,329.261394
7115,329.339411
7116,329.4001
7117,329.448473
7118,329.486858
7119,329.516637
7120,329.538723
7121,329.553719
7122,329.561984
7123,329.563659
7124,329.558678
7125,329.546764
7126,329.527405
7127,329.499808
7128,329.462778
7129,329.414396
7130,329.350889
7131,329.279567
7132,329.221946
7133,329.174709
7134,329.135742
7135,329.103535
7136,329.076954
7137,329.055135
7138,329.037411
7139,329.023279
7140,329.012371
7141,329.00443
7142,328.999306
7143,328.996942
7144,328.997376
7145,329.000744
7146,329.007286
7147,329.017363
7148,329.031483
7149,329.050342
7150,329.074909
7151,329.106621
7152,329.147963
7153,329.17815
7154,329.200828
7155,329.217639
7156,329.229557
7157,329.23725
7158,329.2412
7159,329.241757
7160,329.239161
7161,329.233561
7162,329.225017
7163,329.213511
7164,329.198938
7165,329.181101
7166,329.159674
7167,329.134107
7168,328.844498
7169,328.863207
7170,328.884448
7171,328.9085
7172,328.935724
7173,328.966575
7174,329.001606
7175,329.041453
7176,329.086767
7177,329.137952
7178,329.194242
7179,329.250516
7180,329.299415
7181,329.340226
7182,329.373417
7183,329.399591
7184,329.419261
7185,329.432809
7186,329.440475
7187,329.442356
7188,329.438409
7189,329.42845
7190,329.412154
7191,329.389059
7192,329.358598
7193,329.320245
7194,329.274192
7195,329.2247
7196,329.179801
7197,329.140947
7198,329.107886
7199,329.07999
7200,329.05661
7201,329.037177
7202,329.02122
7203,329.008363
7204,328.998323
7205,328.990898
7206,328.985965
7207,328.983472
7208,328.983443
7209,328.985969
7210,328.991217
7211,328.999428
7212,329.010915
7213,329.026046
7214,329.045168
7215,329.068337
7216,329.094287
7217,329.116459
7218,329.134094
7219,329.14744
7220,329.1569
7221,329.162845
7222,329.165587
7223,329.165365
7224,329.16235
7225,329.156651
7226,329.14831
7227,329.137311
7228,329.123572
7229,329.106945
7230,329.087202
7231,329.064031
7232,328.833015
7233,328.850746
7234,328.870629
7235,328.89287
7236,328.917722
7237,328.945483
7238,328.976471
7239,329.010976
7240,329.049143
7241,329.090701
7242,329.134437
7243,329.177497
7244,329.216591
7245,329.250393
7246,329.278583
7247,329.30123
7248,329.318518
7249,329.330631
7250,329.337698
7251,329.339777
7252,329.336845
7253,329.328804
7254,329.315497
7255,329.296742
7256,329.272429
7257,329.242726
7258,329.208559
7259,329.172453
7260,329.137973
7261,329.10679
7262,329.079385
7263,329.055703
7264,329.03549
7265,329.018437
7266,329.004251
7267,328.99268
7268,328.983521
7269,328.976624
7270,328.971892
7271,328.969282
7272,328.968799
7273,328.970496
7274,328.974472
7275,328.980856
7276,328.989794
7277,329.001393
7278,329.015618
7279,329.03205
7280,329.049415
7281,329.06515
7282,329.078184
7283,329.088224
7284,329.095296
7285,329.099533
7286,329.101089
7287,329.100104
7288,329.096684
7289,329.090899
7290,329.082775
7291,329.072298
7292,329.059413
7293,329.044023
7294,329.025997
7295,329.005192
7296,328.821184
7297,328.837933
7298,328.856471
7299,328.876941
7300,328.899507
7301,328.924337
7302,328.951576
7303,328.981291
7304,329.01337
7305,329.047355
7306,329.082228
7307,329.116321
7308,329.147871
7309,329.175786
7310,329.199549
7311,329.218976
7312,329.23405
7313,329.244811
7314,329.251307
7315,329.253561
7316,329.251569
7317,329.245299
7318,329.234714
7319,329.219816
7320,329.200732
7321,329.17786
7322,329.152086
7323,329.124967
7324,329.098373
7325,329.073554
7326,329.051126
7327,329.031295
7328,329.014043
7329,328.999254
7330,328.986775
7331,328.976454
7332,328.968159
7333,328.961786
7334,328.957265
7335,328.954556
7336,328.953653
7337,328.954578
7338,328.95737
7339,328.962078
7340,328.968728
7341,328.977281
7342,328.987544
7343,328.999047
7344,329.010899
7345,329.02186
7346,329.031119
7347,329.03828
7348,329.043202
7349,329.045869
7350,329.046327
7351,329.044634
7352,329.040845
7353,329.034995
7354,329.027099
7355,329.017145
7356,329.005098
7357,328.990904
7358,328.974499
7359,328.955833
7360,328.809172
7361,328.824954
7362,328.842193
7363,328.860983
7364,328.881416
7365,328.903569
7366,328.927474
7367,328.953078
7368,328.980171
7369,329.008302
7370,329.03671
7371,329.064351
7372,329.090157
7373,329.113322
7374,329.133349
7375,329.149975
7376,329.163078
7377,329.172617
7378,329.178585
7379,329.180985
7380,329.179823
7381,329.175109
7382,329.166882
7383,329.155239
7384,329.1404
7385,329.122789
7386,329.103111
7387,329.082377
7388,329.0617
7389,329.041961
7390,329.023711
7391,329.007237
7392,328.992641
7393,328.979925
7394,328.969032
7395,328.959888
7396,328.952418
7397,328.946554
7398,328.942248
7399,328.939467
7400,328.938196
7401,328.938432
7402,328.940176
7403,328.943421
7404,328.948126
7405,328.954182
7406,328.961364
7407,328.969271
7408,328.977303
7409,328.984748
7410,328.991043
7411,328.995829
7412,328.998913
7413,329.000211
7414,328.999698
7415,328.997381
7416,328.993274
7417,328.987388
7418,328.979728
7419,328.970283
7420,328.959034
7421,328.945955
7422,328.931025
7423,328.914239
7424,328.797127
7425,328.811972
7426,328.827982
7427,328.845212
7428,328.863703
7429,328.883473
7430,328.904491
7431,328.926647
7432,328.949714
7433,328.973307
7434,328.996865
7435,329.019698
7436,329.0411
7437,329.060489
7438,329.077447
7439,329.091705
7440,329.103108
7441,329.111575
7442,329.117069
7443,329.11958
7444,329.11912
7445,329.115724
7446,329.109468
7447,329.100487
7448,329.089019
7449,329.075438
7450,329.060285
7451,329.044245
7452,329.028043
7453,329.012303
7454,328.997475
7455,328.983843
7456,328.971558
7457,328.960682
7458,328.951224
7459,328.943161
7460,328.936458
7461,328.931079
7462,328.926991
7463,328.924167
7464,328.922588
7465,328.922236
7466,328.923087
7467,328.925103
7468,328.92821
7469,328.93228
7470,328.9371
7471,328.942355
7472,328.947631
7473,328.952471
7474,328.95648
7475,328.959366
7476,328.960938
7477,328.961086
7478,328.959751
7479,328.956908
7480,328.952544
7481,328.946656
7482,328.939237
7483,328.930281
7484,328.919778
7485,328.907719
7486,328.894106
7487,328.878955
7488,328.785171
7489,328.79912
7490,328.813983
7491,328.829786
7492,328.846541
7493,328.864226
7494,328.88278
7495,328.902075
7496,328.921899
7497,328.941939
7498,328.961781
7499,328.980944
7500,328.998937
7501,329.015334
7502,329.029799
7503,329.042093
7504,329.05206
7505,329.059604
7506,329.064678
7507,329.067265
7508,329.06738
7509,329.065069
7510,329.060419
7511,329.053573
7512,329.044751
7513,329.034264
7514,329.022521
7515,329.010007
7516,328.997225
7517,328.984625
7518,328.972564
7519,328.961294
7520,328.950976
7521,328.941701
7522,328.933512
7523,328.92642
7524,328.920418
7525,328.91549
7526,328.911619
7527,328.908782
7528,328.906959
7529,328.906123
7530,328.906239
7531,328.907253
7532,328.909081
7533,328.911595
7534,328.914615
7535,328.917895
7536,328.921141
7537,328.924037
7538,328.926298
7539,328.927693
7540,328.928054
7541,328.927268
7542,328.925264
7543,328.921997
7544,328.917443
7545,328.911586
7546,328.904415
7547,328.895924
7548,328.886109
7549,328.874974
7550,328.862529
7551,328.848802
7552,328.7734
7553,328.786499
7554,328.800302
7555,328.814817
7556,328.830034
7557,328.845913
7558,328.862379
7559,328.879307
7560,328.896512
7561,328.913742
7562,328.930687
7563,328.946999
7564,328.962324
7565,328.976344
7566,328.988795
7567,328.999475
7568,329.008241
7569,329.015002
7570,329.019706
7571,329.022336
7572,329.022908
7573,329.021468
7574,329.018104
7575,329.012949
7576,329.006193
7577,328.998087
7578,328.988944
7579,328.979118
7580,328.968971
7581,328.958839
7582,328.949001
7583,328.939672
7584,328.931005
7585,328.923099
7586,328.916013
7587,328.909778
7588,328.904406
7589,328.899895
7590,328.896237
7591,328.893415
7592,328.89141
7593,328.890191
7594,328.889719
7595,328.889935
7596,328.890756
7597,328.892069
7598,328.893721
7599,328.895523
7600,328.897258
7601,328.898698
7602,328.89963
7603,328.899874
7604,328.899287
7605,328.897765
7606,328.895235
7607,328.891645
7608,328.886965
7609,328.881172
7610,328.874254
7611,328.866205
7612,328.857025
7613,328.846722
7614,328.835313
7615,328.822828
7616,328.761886
7617,328.774183
7618,328.787013
7619,328.80037
7620,328.814234
7621,328.828556
7622,328.843259
7623,328.858227
7624,328.873304
7625,328.888288
7626,328.902942
7627,328.917008
7628,328.930223
7629,328.942346
7630,328.953169
7631,328.962527
7632,328.970296
7633,328.976395
7634,328.980774
7635,328.983419
7636,328.984342
7637,328.983589
7638,328.98124
7639,328.977411
7640,328.972262
7641,328.965994
7642,328.958848
7643,328.951089
7644,328.942987
7645,328.934798
7646,328.926741
7647,328.918996
7648,328.9117
7649,328.90495
7650,328.898811
7651,328.893324
7652,328.88851
7653,328.884379
7654,328.880928
7655,328.878146
7656,328.876014
7657,328.874504
7658,328.873574
7659,328.873169
7660,328.873213
7661,328.873607
7662,328.874225
7663,328.874921
7664,328.87553
7665,328.87588
7666,328.875811
7667,328.875179
7668,328.873866
7669,328.871781
7670,328.868853
7671,328.865033
7672,328.860287
7673,328.85459
7674,328.84793
7675,328.840302
7676,328.831707
7677,328.822155
7678,328.811667
7679,328.800272
7680,328.750679
7681,328.762222
7682,328.77416
7683,328.786482
7684,328.799158
7685,328.81214
7686,328.825351
7687,328.838691
7688,328.852026
7689,328.865197
7690,328.87802
7691,328.890295
7692,328.901825
7693,328.912423
7694,328.921926
7695,328.9302
7696,328.937143
7697,328.942681
7698,328.946774
7699,328.949407
7700,328.950593
7701,328.950372
7702,328.948813
7703,328.946017
7704,328.942114
7705,328.937266
7706,328.931661
7707,328.925501
7708,328.918993
7709,328.912335
7710,328.905702
7711,328.899243
7712,328.893077
7713,328.887294
7714,328.88196
7715,328.877118
7716,328.872796
7717,328.869008
7718,328.865756
7719,328.863033
7720,328.860824
7721,328.859101
7722,328.857828
7723,328.856951
7724,328.856405
7725,328.856106
7726,328.855951
7727,328.855823
7728,328.855595
7729,328.855137
7730,328.854321
7731,328.853035
7732,328.85118
7733,328.848679
7734,328.845467
7735,328.841499
7736,328.836741
7737,328.831169
7738,328.824772
7739,328.817544
7740,328.809489
7741,328.800619
7742,328.790953
7743,328.780521
7744,328.739809
7745,328.750645
7746,328.761768
7747,328.773163
7748,328.784797
7749,328.796622
7750,328.808569
7751,328.820549
7752,328.832451
7753,328.844145
7754,328.855486
7755,328.866319
7756,328.87649
7757,328.885854
7758,328.894283
7759,328.901666
7760,328.90792
7761,328.912984
7762,328.916821
7763,328.919421
7764,328.920794
7765,328.920976
7766,328.920025
7767,328.918025
7768,328.915085
7769,328.911334
7770,328.906919
7771,328.901999
7772,328.896736
7773,328.891285
7774,328.885788
7775,328.880369
7776,328.875128
7777,328.870149
7778,328.865492
7779,328.861202
7780,328.857309
7781,328.853828
7782,328.850766
7783,328.84812
7784,328.845875
7785,328.844008
7786,328.842485
7787,328.841261
7788,328.840278
7789,328.839465
7790,328.83874
7791,328.838007
7792,328.837166
7793,328.836115
7794,328.834754
7795,328.832991
7796,328.830747
7797,328.827953
7798,328.824554
7799,328.820509
7800,328.815786
7801,328.810366
7802,328.804235
7803,328.79739
7804,328.789836
7805,328.781586
7806,328.772659
7807,328.763084
7808,328.729293
7809,328.739466
7810,328.749843
7811,328.760407
7812,328.771125
7813,328.781951
7814,328.792823
7815,328.803661
7816,328.814374
7817,328.824855
7818,328.834987
7819,328.844647
7820,328.853714
7821,328.862073
7822,328.86962
7823,328.876268
7824,328.881946
7825,328.886604
7826,328.890212
7827,328.89276
7828,328.894259
7829,328.894737
7830,328.894246
7831,328.892855
7832,328.890653
7833,328.887744
7834,328.884248
7835,328.880289
7836,328.875996
7837,328.871495
7838,328.866901
7839,328.862317
7840,328.857831
7841,328.853514
7842,328.849424
7843,328.845603
7844,328.84208
7845,328.838874
7846,328.835993
7847,328.833434
7848,328.831188
7849,328.829233
7850,328.827541
7851,328.826071
7852,328.824776
7853,328.823594
7854,328.822457
7855,328.82129
7856,328.820011
7857,328.818538
7858,328.81679
7859,328.814695
7860,328.812183
7861,328.809199
7862,328.805696
7863,328.801634
7864,328.796989
7865,328.79174
7866,328.785877
7867,328.7794
7868,328.772313
7869,328.76463
7870,328.756371
7871,328.747563
7872,328.719136
7873,328.728685
7874,328.73838
7875,328.748199
7876,328.758111
7877,328.768071
7878,328.778023
7879,328.787899
7880,328.79762
7881,328.807098
7882,328.816236
7883,328.824935
7884,328.833099
7885,328.840633
7886,328.847453
7887,328.853489
7888,328.858682
7889,328.862991
7890,328.86639
7891,328.868872
7892,328.870444
7893,328.871133
7894,328.870982
7895,328.870048
7896,328.868404
7897,328.866138
7898,328.863344
7899,328.860126
7900,328.856586
7901,328.852828
7902,328.848947
7903,328.84503
7904,328.841153
7905,328.837379
7906,328.833759
7907,328.830333
7908,328.82713
7909,328.824169
7910,328.821457
7911,328.818996
7912,328.816776
7913,328.81478
7914,328.812984
7915,328.811353
7916,328.809845
7917,328.808409
7918,328.80699
7919,328.805523
7920,328.803944
7921,328.802184
7922,328.800178
7923,328.797865
7924,328.795189
7925,328.7921
7926,328.78856
7927,328.784534
7928,328.779999
7929,328.77494
7930,328.769347
7931,328.763222
7932,328.75657
7933,328.749408
7934,328.741755
7935,328.733639
7936,328.709332
7937,328.718297
7938,328.727366
7939,328.736516
7940,328.745716
7941,328.754923
7942,328.764088
7943,328.77315
7944,328.78204
7945,328.790683
7946,328.799
7947,328.806908
7948,328.814328
7949,328.821182
7950,328.827401
7951,328.832925
7952,328.837708
7953,328.841713
7954,328.844919
7955,328.847321
7956,328.848925
7957,328.849754
7958,328.849844
7959,328.849244
7960,328.848015
7961,328.84623
7962,328.843967
7963,328.841312
7964,328.83835
7965,328.835167
7966,328.831843
7967,328.828453
7968,328.825063
7969,328.821727
7970,328.818494
7971,328.815399
7972,328.81247
7973,328.809724
7974,328.807172
7975,328.804814
7976,328.802643
7977,328.800646
7978,328.7988
7979,328.797076
7980,328.795438
7981,328.793844
7982,328.792244
7983,328.790588
7984,328.788818
7985,328.786881
7986,328.78472
7987,328.782284
7988,328.779526
7989,328.776405
7990,328.772884
7991,328.768937
7992,328.764542
7993,328.759686
7994,328.754363
7995,328.748575
7996,328.74233
7997,328.735645
7998,328.728544
7999,328.721054
8000,328.699871
8001,328.708287
8002,328.716782
8003,328.725332
8004,328.733903
8005,328.742457
8006,328.750947
8007,328.759318
8008,328.76751
8009,328.775458
8010,328.783095
8011,328.79035
8012,328.797156
8013,328.803447
8014,328.809166
8015,328.814262
8016,328.818695
8017,328.822433
8018,328.825461
8019,328.827772
8020,328.829372
8021,328.830282
8022,328.830532
8023,328.830165
8024,328.829233
8025,328.827797
8026,328.825925
8027,328.823688
8028,328.821159
8029,328.818412
8030,328.815516
8031,328.812534
8032,328.809526
8033,328.806541
8034,328.803621
8035,328.8008
8036,328.798103
8037,328.795548
8038,328.793144
8039,328.790893
8040,328.78879
8041,328.786823
8042,328.784973
8043,328.783214
8044,328.781515
8045,328.779839
8046,328.778144
8047,328.776386
8048,328.774518
8049,328.772492
8050,328.770262
8051,328.767782
8052,328.765012
8053,328.761917
8054,328.758465
8055,328.754632
8056,328.750401
8057,328.745759
8058,328.740703
8059,328.735237
8060,328.729371
8061,328.723124
8062,328.716523
8063,328.709599
8064,328.690732
8065,328.698636
8066,328.706608
8067,328.71462
8068,328.722639
8069,328.730625
8070,328.738537
8071,328.746323
8072,328.75393
8073,328.761301
8074,328.768376
8075,328.775093
8076,328.781394
8077,328.787221
8078,328.792525
8079,328.797261
8080,328.801395
8081,328.804899
8082,328.807758
8083,328.809968
8084,328.811535
8085,328.812476
8086,328.812818
8087,328.812599
8088,328.811864
8089,328.810668
8090,328.809068
8091,328.807128
8092,328.804911
8093,328.802482
8094,328.799902
8095,328.797228
8096,328.794512
8097,328.791799
8098,328.789128
8099,328.78653
8100,328.784028
8101,328.78164
8102,328.779374
8103,328.777233
8104,328.775213
8105,328.773304
8106,328.771487
8107,328.769742
8108,328.768039
8109,328.766347
8110,328.764629
8111,328.762845
8112,328.760955
8113,328.758915
8114,328.756687
8115,328.754229
8116,328.751507
8117,328.748488
8118,328.745146
8119,328.741459
8120,328.73741
8121,328.73299
8122,328.728198
8123,328.723037
8124,328.717521
8125,328.711671
8126,328.705519
8127,328.699105
8128,328.681888
8129,328.689319
8130,328.696819
8131,328.704354
8132,328.711888
8133,328.719386
8134,328.726805
8135,328.7341
8136,328.741222
8137,328.748117
8138,328.754732
8139,328.76101
8140,328.766899
8141,328.772348
8142,328.77731
8143,328.781746
8144,328.785624
8145,328.78892
8146,328.791621
8147,328.793722
8148,328.795229
8149,328.796157
8150,328.796532
8151,328.796387
8152,328.795764
8153,328.794712
8154,328.793283
8155,328.791535
8156,328.789525
8157,328.787312
8158,328.784951
8159,328.782494
8160,328.77999
8161,328.77748
8162,328.775
8163,328.772579
8164,328.770239
8165,328.767996
8166,328.765859
8167,328.76383
8168,328.761905
8169,328.760076
8170,328.758327
8171,328.756638
8172,328.754982
8173,328.753331
8174,328.75165
8175,328.749905
8176,328.748058
8177,328.746071
8178,328.743906
8179,328.741529
8180,328.738906
8181,328.736009
8182,328.732812
8183,328.729296
8184,328.725447
8185,328.721256
8186,328.716722
8187,328.71185
8188,328.706654
8189,328.701157
8190,328.695395
8191,328.689424
8192,328.641771
8193,328.647327
8194,328.652995
8195,328.65871
8196,328.664409
8197,328.670017
8198,328.675447
8199,328.68062
8200,328.685479
8201,328.68998
8202,328.69409
8203,328.697786
8204,328.701051
8205,328.703874
8206,328.706251
8207,328.708183
8208,328.709675
8209,328.710741
8210,328.711403
8211,328.71169
8212,328.711646
8213,328.711326
8214,328.71081
8215,328.710173
8216,328.70947
8217,328.708748
8218,328.70804
8219,328.707372
8220,328.706766
8221,328.706236
8222,328.705794
8223,328.705449
8224,328.705207
8225,328.705072
8226,328.705045
8227,328.705123
8228,328.705302
8229,328.705573
8230,328.705921
8231,328.706324
8232,328.706754
8233,328.70717
8234,328.707519
8235,328.707728
8236,328.707722
8237,328.707445
8238,328.706854
8239,328.705921
8240,328.704624
8241,328.702948
8242,328.700886
8243,328.698436
8244,328.695601
8245,328.692389
8246,328.688817
8247,328.684905
8248,328.680687
8249,328.676206
8250,328.67152
8251,328.666709
8252,328.661864
8253,328.657065
8254,328.652388
8255,328.647916
8256,328.649796
8257,328.655722
8258,328.661733
8259,328.667779
8260,328.673798
8261,328.679717
8262,328.685445
8263,328.690901
8264,328.696027
8265,328.700775
8266,328.705113
8267,328.709015
8268,328.712463
8269,328.715447
8270,328.717961
8271,328.720007
8272,328.721591
8273,328.722727
8274,328.723437
8275,328.723754
8276,328.723721
8277,328.723399
8278,328.72287
8279,328.722211
8280,328.721481
8281,328.720729
8282,328.71999
8283,328.719291
8284,328.718655
8285,328.718098
8286,328.717632
8287,328.717267
8288,328.717008
8289,328.71686
8290,328.716824
8291,328.716898
8292,328.717077
8293,328.71735
8294,328.717703
8295,328.718114
8296,328.718552
8297,328.718974
8298,328.719324
8299,328.719528
8300,328.719505
8301,328.719198
8302,328.718563
8303,328.717568
8304,328.71619
8305,328.714416
8306,328.712235
8307,328.709647
8308,328.706654
8309,328.703265
8310,328.699496
8311,328.695371
8312,328.690922
8313,328.686195
8314,328.68125
8315,328.676169
8316,328.671044
8317,328.665956
8318,328.660972
8319,328.656153
8320,328.657469
8321,328.663779
8322,328.670145
8323,328.676527
8324,328.682868
8325,328.689094
8326,328.695116
8327,328.700852
8328,328.70624
8329,328.711233
8330,328.715796
8331,328.719903
8332,328.723537
8333,328.726684
8334,328.729341
8335,328.731508
8336,328.733192
8337,328.734409
8338,328.73518
8339,328.73554
8340,328.735534
8341,328.735224
8342,328.734696
8343,328.734029
8344,328.733285
8345,328.732513
8346,328.731751
8347,328.731029
8348,328.730368
8349,328.729786
8350,328.729296
8351,328.728908
8352,328.728628
8353,328.728462
8354,328.72841
8355,328.72847
8356,328.728637
8357,328.728901
8358,328.729246
8359,328.729649
8360,328.730078
8361,328.730488
8362,328.730822
8363,328.731003
8364,328.730948
8365,328.730597
8366,328.729904
8367,328.728837
8368,328.727371
8369,328.725492
8370,328.723189
8371,328.720461
8372,328.71731
8373,328.713746
8374,328.709784
8375,328.705449
8376,328.700774
8377,328.695805
8378,328.690603
8379,328.685251
8380,328.679841
8381,328.67445
8382,328.669137
8383,328.663948
8384,328.664828
8385,328.671518
8386,328.678239
8387,328.684957
8388,328.691616
8389,328.698148
8390,328.704459
8391,328.71047
8392,328.716116
8393,328.72135
8394,328.726137
8395,328.73045
8396,328.734269
8397,328.737584
8398,328.740389
8399,328.742685
8400,328.744479
8401,328.745786
8402,328.74663
8403,328.747046
8404,328.747081
8405,328.746799
8406,328.746286
8407,328.745624
8408,328.744877
8409,328.744096
8410,328.74332
8411,328.74258
8412,328.741898
8413,328.741294
8414,328.74078
8415,328.740368
8416,328.740064
8417,328.739873
8418,328.739797
8419,328.739833
8420,328.739978
8421,328.740219
8422,328.740541
8423,328.74092
8424,328.741323
8425,328.741705
8426,328.742006
8427,328.742146
8428,328.742043
8429,328.741634
8430,328.740872
8431,328.739722
8432,328.73816
8433,328.73617
8434,328.733742
8435,328.730872
8436,328.727564
8437,328.723827
8438,328.719675
8439,328.715135
8440,328.710238
8441,328.705032
8442,328.699578
8443,328.693956
8444,328.68826
8445,328.682561
8446,328.676913
8447,328.671355
8448,328.671895
8449,328.678956
8450,328.686027
8451,328.693075
8452,328.70005
8453,328.70688
8454,328.713476
8455,328.719756
8456,328.725656
8457,328.731129
8458,328.736138
8459,328.740656
8460,328.744664
8461,328.74815
8462,328.751108
8463,328.753539
8464,328.755452
8465,328.756861
8466,328.75779
8467,328.758275
8468,328.758365
8469,328.758123
8470,328.75764
8471,328.756996
8472,328.756258
8473,328.755478
8474,328.754696
8475,328.753944
8476,328.753246
8477,328.75262
8478,328.752083
8479,328.751644
8480,328.751311
8481,328.751089
8482,328.750981
8483,328.750984
8484,328.751094
8485,328.751299
8486,328.751584
8487,328.751924
8488,328.752285
8489,328.752621
8490,328.752871
8491,328.752955
8492,328.752789
8493,328.752308
8494,328.751464
8495,328.750222
8496,328.748556
8497,328.74645
8498,328.743892
8499,328.74088
8500,328.737416
8501,328.733508
8502,328.729171
8503,328.72443
8504,328.719318
8505,328.71388
8506,328.708178
8507,328.702293
8508,328.696313
8509,328.690308
8510,328.68433
8511,328.678412
8512,328.678689
8513,328.686109
8514,328.693521
8515,328.700894
8516,328.708176
8517,328.7153
8518,328.722174
8519,328.728718
8520,328.734868
8521,328.740576
8522,328.745805
8523,328.750529
8524,328.754727
8525,328.758387
8526,328.761505
8527,328.764079
8528,328.766119
8529,328.76764
8530,328.768666
8531,328.769234
8532,328.769391
8533,328.769204
8534,328.768762
8535,328.768149
8536,328.767431
8537,328.766661
8538,328.765881
8539,328.765123
8540,328.764412
8541,328.763767
8542,328.763205
8543,328.762736
8544,328.76237
8545,328.762111
8546,328.761962
8547,328.761921
8548,328.761984
8549,328.76214
8550,328.762373
8551,328.762658
8552,328.762961
8553,328.763235
8554,328.763418
8555,328.76343
8556,328.763185
8557,328.762618
8558,328.761681
8559,328.760338
8560,328.758561
8561,328.756333
8562,328.753644
8563,328.750489
8564,328.746869
8565,328.742793
8566,328.738276
8567,328.73334
8568,328.728019
8569,328.722357
8570,328.716415
8571,328.710272
8572,328.704015
8573,328.697712
8574,328.691412
8575,328.685145
8576,328.685225
8577,328.692993
8578,328.700737
8579,328.708424
8580,328.716007
8581,328.723416
8582,328.730562
8583,328.737364
8584,328.74376
8585,328.7497
8586,328.755148
8587,328.760077
8588,328.764468
8589,328.768307
8590,328.771589
8591,328.774314
8592,328.776491
8593,328.778134
8594,328.779269
8595,328.77993
8596,328.780168
8597,328.780049
8598,328.779662
8599,328.77909
8600,328.778403
8601,328.777652
8602,328.776881
8603,328.776121
8604,328.7754
8605,328.774737
8606,328.774149
8607,328.773648
8608,328.773243
8609,328.772939
8610,328.772741
8611,328.772646
8612,328.772651
8613,328.772744
8614,328.77291
8615,328.773124
8616,328.773353
8617,328.773548
8618,328.773648
8619,328.773572
8620,328.773235
8621,328.77257
8622,328.771529
8623,328.770074
8624,328.768179
8625,328.765826
8626,328.763003
8627,328.759704
8628,328.755931
8629,328.751691
8630,328.746998
8631,328.741875
8632,328.736352
8633,328.730475
8634,328.724301
8635,328.717909
8636,328.711384
8637,328.704792
8638,328.698181
8639,328.69158
8640,328.691521
8641,328.699625
8642,328.707688
8643,328.715682
8644,328.723555
8645,328.731242
8646,328.738653
8647,328.745708
8648,328.752344
8649,328.758513
8650,328.764179
8651,328.769315
8652,328.773899
8653,328.777921
8654,328.781373
8655,328.784257
8656,328.786579
8657,328.788355
8658,328.78961
8659,328.790378
8660,328.790709
8661,328.79067
8662,328.790349
8663,328.789831
8664,328.789183
8665,328.78846
8666,328.787704
8667,328.786948
8668,328.786219
8669,328.785538
8670,328.784922
8671,328.784384
8672,328.783935
8673,328.783579
8674,328.783322
8675,328.783162
8676,328.783096
8677,328.783113
8678,328.783198
8679,328.783326
8680,328.783464
8681,328.783564
8682,328.783565
8683,328.783387
8684,328.782943
8685,328.782167
8686,328.781011
8687,328.779438
8688,328.777419
8689,328.774936
8690,328.771977
8691,328.768535
8692,328.764612
8693,328.760212
8694,328.75535
8695,328.750046
8696,328.744332
8697,328.738248
8698,328.731853
8699,328.725222
8700,328.71844
8701,328.711571
8702,328.704661
8703,328.697739
8704,328.697592
8705,328.706019
8706,328.714393
8707,328.722682
8708,328.730838
8709,328.738794
8710,328.746462
8711,328.753764
8712,328.760636
8713,328.767031
8714,328.772913
8715,328.778255
8716,328.783037
8717,328.787245
8718,328.790874
8719,328.793924
8720,328.796401
8721,328.79832
8722,328.799705
8723,328.800592
8724,328.801029
8725,328.801081
8726,328.800839
8727,328.800384
8728,328.799786
8729,328.799098
8730,328.798362
8731,328.797613
8732,328.796877
8733,328.796178
8734,328.795532
8735,328.794953
8736,328.794453
8737,328.794038
8738,328.793712
8739,328.793476
8740,328.793326
8741,328.793253
8742,328.793242
8743,328.793269
8744,328.7933
8745,328.79329
8746,328.793177
8747,328.792881
8748,328.792317
8749,328.791419
8750,328.790138
8751,328.788437
8752,328.786289
8753,328.783673
8754,328.780577
8755,328.776994
8756,328.772923
8757,328.76837
8758,328.763346
8759,328.757871
8760,328.751973
8761,328.745695
8762,328.739089
8763,328.732232
8764,328.725205
8765,328.718072
8766,328.710876
8767,328.703646
8768,328.703455
8769,328.712196
8770,328.720869
8771,328.729443
8772,328.737871
8773,328.746088
8774,328.754007
8775,328.761549
8776,328.768652
8777,328.775271
8778,328.781369
8779,328.786918
8780,328.791899
8781,328.796299
8782,328.800111
8783,328.803333
8784,328.805974
8785,328.808047
8786,328.809574
8787,328.810591
8788,328.811146
8789,328.811302
8790,328.811148
8791,328.810768
8792,328.810227
8793,328.80958
8794,328.80887
8795,328.80813
8796,328.807389
8797,328.806669
8798,328.80599
8799,328.805365
8800,328.804807
8801,328.804323
8802,328.803919
8803,328.803595
8804,328.803349
8805,328.803173
8806,328.803051
8807,328.802961
8808,328.80287
8809,328.802734
8810,328.802491
8811,328.802063
8812,328.801366
8813,328.800334
8814,328.79892
8815,328.797085
8816,328.794802
8817,328.792051
8818,328.788818
8819,328.785096
8820,328.780882
8821,328.776181
8822,328.771003
8823,328.765366
8824,328.759297
8825,328.752835
8826,328.746033
8827,328.738962
8828,328.731703
8829,328.724318
8830,328.716849
8831,328.709325
8832,328.70913
8833,328.718174
8834,328.727135
8835,328.735985
8836,328.744677
8837,328.753146
8838,328.761308
8839,328.769084
8840,328.776414
8841,328.783254
8842,328.789567
8843,328.795325
8844,328.800509
8845,328.805105
8846,328.809105
8847,328.812509
8848,328.815323
8849,328.817559
8850,328.81924
8851,328.820399
8852,328.821082
8853,328.821354
8854,328.8213
8855,328.821002
8856,328.820527
8857,328.819927
8858,328.819245
8859,328.818516
8860,328.817769
8861,328.817026
8862,328.816309
8863,328.815631
8864,328.815007
8865,328.814446
8866,328.813953
8867,328.81353
8868,328.813175
8869,328.812881
8870,328.812634
8871,328.812413
8872,328.812184
8873,328.811906
8874,328.811519
8875,328.810945
8876,328.810102
8877,328.808926
8878,328.807369
8879,328.805394
8880,328.802973
8881,328.800085
8882,328.796717
8883,328.792858
8884,328.788507
8885,328.783666
8886,328.778343
8887,328.772555
8888,328.766327
8889,328.759695
8890,328.752708
8891,328.745438
8892,328.737962
8893,328.730338
8894,328.722609
8895,328.714801
8896,328.714638
8897,328.723974
8898,328.733215
8899,328.742332
8900,328.751278
8901,328.759991
8902,328.768387
8903,328.776392
8904,328.783946
8905,328.791005
8906,328.797532
8907,328.803501
8908,328.808892
8909,328.813689
8910,328.817885
8911,328.821479
8912,328.824474
8913,328.826884
8914,328.828729
8915,328.830041
8916,328.830865
8917,328.831263
8918,328.831319
8919,328.831112
8920,328.830709
8921,328.83016
8922,328.829509
8923,328.82879
8924,328.828034
8925,328.827265
8926,328.826503
8927,328.825767
8928,328.825068
8929,328.824419
8930,328.823826
8931,328.823292
8932,328.822816
8933,328.822391
8934,328.822005
8935,328.821637
8936,328.821256
8937,328.820821
8938,328.820274
8939,328.819541
8940,328.81854
8941,328.81721
8942,328.815503
8943,328.813383
8944,328.810821
8945,328.807797
8946,328.804295
8947,328.800304
8948,328.795822
8949,328.790849
8950,328.785391
8951,328.779464
8952,328.773089
8953,328.7663
8954,328.759145
8955,328.75169
8956,328.74401
8957,328.736161
8958,328.728184
8959,328.720104
8960,328.720001
8961,328.729622
8962,328.739134
8963,328.748507
8964,328.757699
8965,328.766648
8966,328.775273
8967,328.783501
8968,328.791276
8969,328.798553
8970,328.805296
8971,328.811479
8972,328.817081
8973,328.822085
8974,328.826485
8975,328.830275
8976,328.833462
8977,328.836055
8978,328.838074
8979,328.83955
8980,328.840526
8981,328.84106
8982,328.841235
8983,328.841127
8984,328.8408
8985,328.840304
8986,328.839684
8987,328.838974
8988,328.838206
8989,328.837404
8990,328.836591
8991,328.835786
8992,328.835004
8993,328.834257
8994,328.833552
8995,328.832895
8996,328.832285
8997,328.831717
8998,328.831177
8999,328.830648
9000,328.8301
9001,328.829494
9002,328.828774
9003,328.827869
9004,328.8267
9005,328.825207
9006,328.823344
9007,328.821075
9008,328.818371
9009,328.815211
9010,328.811578
9011,328.807462
9012,328.802856
9013,328.797759
9014,328.792177
9015,328.786122
9016,328.779615
9017,328.772685
9018,328.765376
9019,328.757752
9020,328.749883
9021,328.741822
9022,328.733608
9023,328.725266
9024,328.725244
9025,328.735142
9026,328.744918
9027,328.754541
9028,328.76397
9029,328.773148
9030,328.781996
9031,328.790444
9032,328.798438
9033,328.805933
9034,328.812896
9035,328.819297
9036,328.825115
9037,328.830334
9038,328.834943
9039,328.83894
9040,328.842325
9041,328.845111
9042,328.847314
9043,328.848964
9044,328.850101
9045,328.850781
9046,328.851082
9047,328.851078
9048,328.85083
9049,328.850389
9050,328.849798
9051,328.849092
9052,328.848305
9053,328.847462
9054,328.846589
9055,328.845706
9056,328.844829
9057,328.843973
9058,328.843146
9059,328.842354
9060,328.841598
9061,328.840873
9062,328.840168
9063,328.839465
9064,328.838737
9065,328.837945
9066,328.83704
9067,328.835951
9068,328.834603
9069,328.83294
9070,328.830917
9071,328.828497
9072,328.825652
9073,328.822359
9074,328.818601
9075,328.814365
9076,328.809643
9077,328.804433
9078,328.798739
9079,328.792569
9080,328.785943
9081,328.778886
9082,328.77144
9083,328.763662
9084,328.755617
9085,328.747357
9086,328.738916
9087,328.73032
9088,328.730394
9089,328.740565
9090,328.750598
9091,328.760465
9092,328.770127
9093,328.779527
9094,328.788594
9095,328.79726
9096,328.805473
9097,328.813191
9098,328.820376
9099,328.827002
9100,328.833043
9101,328.838484
9102,328.843312
9103,328.847522
9104,328.851115
9105,328.854101
9106,328.856497
9107,328.858328
9108,328.859635
9109,328.860468
9110,328.860901
9111,328.861004
9112,328.860836
9113,328.860446
9114,328.859878
9115,328.85917
9116,328.858354
9117,328.857461
9118,328.856517
9119,328.855544
9120,328.854561
9121,328.853583
9122,328.852621
9123,328.851683
9124,328.850769
9125,328.849876
9126,328.848994
9127,328.848106
9128,328.847186
9129,328.846199
9130,328.845096
9131,328.843813
9132,328.84228
9133,328.840442
9134,328.838257
9135,328.835687
9136,328.832704
9137,328.829283
9138,328.825406
9139,328.821058
9140,328.816229
9141,328.810916
9142,328.80512
9143,328.798849
9144,328.792117
9145,328.784949
9146,328.777381
9147,328.769463
9148,328.761258
9149,328.752809
9150,328.74415
9151,328.735306
9152,328.735479
9153,328.745919
9154,328.756208
9155,328.766316
9156,328.776206
9157,328.785826
9158,328.79511
9159,328.803996
9160,328.812433
9161,328.820378
9162,328.827795
9163,328.834652
9164,328.840926
9165,328.846597
9166,328.851652
9167,328.856084
9168,328.859893
9169,328.863086
9170,328.865679
9171,328.867698
9172,328.869179
9173,328.87017
9174,328.870738
9175,328.870948
9176,328.870855
9177,328.87051
9178,328.869956
9179,328.869233
9180,328.868378
9181,328.867422
9182,328.866393
9183,328.865317
9184,328.864214
9185,328.863102
9186,328.861993
9187,328.860896
9188,328.859814
9189,328.858743
9190,328.857675
9191,328.856593
9192,328.855473
9193,328.854282
9194,328.852973
9195,328.851489
9196,328.849767
9197,328.847754
9198,328.845408
9199,328.842692
9200,328.839576
9201,328.836035
9202,328.832047
9203,328.827596
9204,328.822671
9205,328.817266
9206,328.81138
9207,328.805018
9208,328.798194
9209,328.790927
9210,328.78325
9211,328.775208
9212,328.766852
9213,328.758223
9214,328.749352
9215,328.740264
9216,328.740529
9217,328.751238
9218,328.761781
9219,328.772132
9220,328.782252
9221,328.792094
9222,328.8016
9223,328.810712
9224,328.819382
9225,328.827565
9226,328.835223
9227,328.842324
9228,328.848841
9229,328.854753
9230,328.860044
9231,328.864705
9232,328.868736
9233,328.872141
9234,328.874935
9235,328.877143
9236,328.878798
9237,328.879947
9238,328.880646
9239,328.880955
9240,328.880928
9241,328.880615
9242,328.880062
9243,328.879311
9244,328.8784
9245,328.877365
9246,328.876236
9247,328.875041
9248,328.873804
9249,328.872544
9250,328.871275
9251,328.870008
9252,328.868747
9253,328.86749
9254,328.86623
9255,328.864949
9256,328.863626
9257,328.862226
9258,328.860709
9259,328.859023
9260,328.857113
9261,328.854929
9262,328.852428
9263,328.849574
9264,328.846335
9265,328.842682
9266,328.838594
9267,328.834051
9268,328.829041
9269,328.823554
9270,328.817588
9271,328.811146
9272,328.804239
9273,328.796885
9274,328.78911
9275,328.780953
9276,328.772454
9277,328.763649
9278,328.754569
9279,328.745237
9280,328.74557
9281,328.756549
9282,328.767352
9283,328.777953
9284,328.788314
9285,328.798392
9286,328.808133
9287,328.817487
9288,328.826404
9289,328.834839
9290,328.842754
9291,328.850112
9292,328.856886
9293,328.86305
9294,328.868587
9295,328.873486
9296,328.877743
9297,328.881363
9298,328.884357
9299,328.886749
9300,328.888571
9301,328.889865
9302,328.890681
9303,328.891074
9304,328.891096
9305,328.890798
9306,328.890227
9307,328.889428
9308,328.888443
9309,328.887309
9310,328.886061
9311,328.88473
9312,328.883342
9313,328.881919
9314,328.880478
9315,328.879031
9316,328.877583
9317,328.876133
9318,328.874676
9319,328.873195
9320,328.871669
9321,328.870067
9322,328.86835
9323,328.866472
9324,328.864383
9325,328.862039
9326,328.859396
9327,328.856416
9328,328.853065
9329,328.849315
9330,328.845139
9331,328.840516
9332,328.835432
9333,328.829875
9334,328.823839
9335,328.817326
9336,328.810343
9337,328.802905
9338,328.795034
9339,328.786761
9340,328.778119
9341,328.769138
9342,328.759848
9343,328.75027
9344,328.750626
9345,328.76188
9346,328.772951
9347,328.783813
9348,328.794431
9349,328.804763
9350,328.814762
9351,328.824377
9352,328.833561
9353,328.842268
9354,328.850457
9355,328.858091
9356,328.865136
9357,328.871566
9358,328.87736
9359,328.882504
9360,328.886993
9361,328.890827
9362,328.894018
9363,328.896587
9364,328.898562
9365,328.899983
9366,328.900895
9367,328.90135
9368,328.901398
9369,328.901092
9370,328.90048
9371,328.89961
9372,328.898526
9373,328.897271
9374,328.895883
9375,328.894395
9376,328.892838
9377,328.891237
9378,328.88961
9379,328.887971
9380,328.886329
9381,328.884683
9382,328.883027
9383,328.881349
9384,328.879627
9385,328.877832
9386,328.875928
9387,328.873874
9388,328.871625
9389,328.869137
9390,328.866367
9391,328.863277
9392,328.859832
9393,328.855999
9394,328.85175
9395,328.847063
9396,328.841918
9397,328.836301
9398,328.830205
9399,328.823627
9400,328.816572
9401,328.809051
9402,328.801083
9403,328.79269
9404,328.783899
9405,328.774738
9406,328.765232
9407,328.755403
9408,328.755716
9409,328.767251
9410,328.778601
9411,328.789739
9412,328.800632
9413,328.811241
9414,328.82152
9415,328.831421
9416,328.840897
9417,328.849899
9418,328.858385
9419,328.866314
9420,328.873649
9421,328.88036
9422,328.886424
9423,328.891822
9424,328.896545
9425,328.900594
9426,328.903976
9427,328.906709
9428,328.908821
9429,328.910348
9430,328.911332
9431,328.911822
9432,328.91187
9433,328.911527
9434,328.910845
9435,328.909876
9436,328.908667
9437,328.907264
9438,328.905711
9439,328.904045
9440,328.902299
9441,328.900502
9442,328.898675
9443,328.896835
9444,328.894991
9445,328.893145
9446,328.891293
9447,328.889422
9448,328.887513
9449,328.885538
9450,328.883466
9451,328.881255
9452,328.878866
9453,328.876255
9454,328.87338
9455,328.870201
9456,328.86668
9457,328.862783
9458,328.85848
9459,328.853743
9460,328.848551
9461,328.842887
9462,328.83674
9463,328.830104
9464,328.82298
9465,328.815377
9466,328.807306
9467,328.798787
9468,328.789842
9469,328.780493
9470,328.770764
9471,328.760676
9472,328.760852
9473,328.772675
9474,328.784315
9475,328.795746
9476,328.806936
9477,328.817846
9478,328.828432
9479,328.838646
9480,328.84844
9481,328.857765
9482,328.866573
9483,328.87482
9484,328.882466
9485,328.889477
9486,328.895823
9487,328.901484
9488,328.906447
9489,328.910709
9490,328.914274
9491,328.91716
9492,328.91939
9493,328.920999
9494,328.922027
9495,328.922523
9496,328.922538
9497,328.922127
9498,328.921343
9499,328.920242
9500,328.918876
9501,328.917297
9502,328.915551
9503,328.913682
9504,328.911725
9505,328.909714
9506,328.907673
9507,328.905621
9508,328.903569
9509,328.901521
9510,328.899474
9511,328.897418
9512,328.895333
9513,328.893196
9514,328.890973
9515,328.88863
9516,328.886124
9517,328.883414
9518,328.880457
9519,328.877212
9520,328.873639
9521,328.869701
9522,328.865362
9523,328.860594
9524,328.855371
9525,328.849672
9526,328.843484
9527,328.836796
9528,328.829607
9529,328.82192
9530,328.813745
9531,328.805094
9532,328.795986
9533,328.786441
9534,328.77648
9535,328.766124
9536,328.766039
9537,328.778157
9538,328.790099
9539,328.80184
9540,328.813348
9541,328.824585
9542,328.835506
9543,328.846064
9544,328.856207
9545,328.865883
9546,328.875042
9547,328.883634
9548,328.891615
9549,328.898944
9550,328.905589
9551,328.911523
9552,328.916731
9553,328.921204
9554,328.924946
9555,328.92797
9556,328.930299
9557,328.931965
9558,328.933008
9559,328.933478
9560,328.933425
9561,328.932909
9562,328.931986
9563,328.930717
9564,328.92916
9565,328.927371
9566,328.925403
9567,328.923302
9568,328.921112
9569,328.918867
9570,328.916596
9571,328.914321
9572,328.912055
9573,328.909804
9574,328.907566
9575,328.905333
9576,328.903087
9577,328.900803
9578,328.898453
9579,328.895999
9580,328.893402
9581,328.89062
9582,328.887609
9583,328.884326
9584,328.880726
9585,328.87677
9586,328.872419
9587,328.86764
9588,328.862403
9589,328.856685
9590,328.850466
9591,328.843734
9592,328.836484
9593,328.828713
9594,328.820429
9595,328.811641
9596,328.802363
9597,328.792612
9598,328.782409
9599,328.771775
9600,328.771273
9601,328.783694
9602,328.795951
9603,328.80802
9604,328.819868
9605,328.831458
9606,328.842743
9607,328.853675
9608,328.864199
9609,328.87426
9610,328.883801
9611,328.892768
9612,328.90111
9613,328.908781
9614,328.915741
9615,328.921961
9616,328.927419
9617,328.932103
9618,328.936014
9619,328.939162
9620,328.941569
9621,328.943266
9622,328.944293
9623,328.944701
9624,328.944544
9625,328.943883
9626,328.942781
9627,328.941305
9628,328.939518
9629,328.937483
9630,328.935258
9631,328.932897
9632,328.930447
9633,328.927948
9634,328.925431
9635,328.922922
9636,328.920436
9637,328.917981
9638,328.915557
9639,328.913156
9640,328.910761
9641,328.908351
9642,328.905894
9643,328.903356
9644,328.900696
9645,328.897872
9646,328.894836
9647,328.891542
9648,328.887945
9649,328.883998
9650,328.87966
9651,328.874893
9652,328.869662
9653,328.86394
9654,328.857703
9655,328.850936
9656,328.843629
9657,328.835777
9658,328.827382
9659,328.818451
9660,328.808995
9661,328.799031
9662,328.788576
9663,328.777651
9664,328.776542
9665,328.789273
9666,328.801858
9667,328.814271
9668,328.826482
9669,328.838451
9670,328.850131
9671,328.861469
9672,328.872409
9673,328.882889
9674,328.892847
9675,328.902221
9676,328.910954
9677,328.918991
9678,328.926287
9679,328.932806
9680,328.938521
9681,328.943416
9682,328.947489
9683,328.950747
9684,328.953211
9685,328.954912
9686,328.955891
9687,328.9562
9688,328.955898
9689,328.95505
9690,328.953726
9691,328.951998
9692,328.949939
9693,328.947618
9694,328.945101
9695,328.942448
9696,328.939711
9697,328.936935
9698,328.934156
9699,328.931402
9700,328.92869
9701,328.926031
9702,328.923425
9703,328.920866
9704,328.918338
9705,328.91582
9706,328.913281
9707,328.910685
9708,328.907991
9709,328.905154
9710,328.902126
9711,328.898855
9712,328.895291
9713,328.891383
9714,328.887086
9715,328.882355
9716,328.877152
9717,328.871444
9718,328.865204
9719,328.858411
9720,328.851053
9721,328.843122
9722,328.834615
9723,328.825538
9724,328.815899
9725,328.805712
9726,328.794994
9727,328.783767
9728,328.781827
9729,328.794874
9730,328.807797
9731,328.820571
9732,328.833166
9733,328.84554
9734,328.857645
9735,328.869424
9736,328.880816
9737,328.891752
9738,328.902164
9739,328.911981
9740,328.921136
9741,328.929567
9742,328.937221
9743,328.944054
9744,328.950034
9745,328.955142
9746,328.95937
9747,328.962724
9748,328.965224
9749,328.966901
9750,328.967798
9751,328.96797
9752,328.96748
9753,328.966399
9754,328.964806
9755,328.96278
9756,328.960403
9757,328.957755
9758,328.954907
9759,328.951928
9760,328.948877
9761,328.945801
9762,328.942743
9763,328.939732
9764,328.936788
9765,328.933924
9766,328.931142
9767,328.928436
9768,328.92579
9769,328.923184
9770,328.920586
9771,328.91796
9772,328.915263
9773,328.912446
9774,328.909459
9775,328.906244
9776,328.902748
9777,328.898912
9778,328.894686
9779,328.890018
9780,328.884866
9781,328.879192
9782,328.872964
9783,328.866158
9784,328.858757
9785,328.85075
9786,328.842132
9787,328.832906
9788,328.823078
9789,328.812661
9790,328.801671
9791,328.79013
9792,328.787099
9793,328.800467
9794,328.813737
9795,328.826888
9796,328.839887
9797,328.852691
9798,328.865251
9799,328.877505
9800,328.889386
9801,328.900819
9802,328.911724
9803,328.922022
9804,328.931634
9805,328.940489
9806,328.948524
9807,328.955688
9808,328.961943
9809,328.967264
9810,328.971641
9811,328.975078
9812,328.977593
9813,328.979218
9814,328.979999
9815,328.979993
9816,328.97927
9817,328.977909
9818,328.975996
9819,328.973622
9820,328.97088
9821,328.967858
9822,328.96464
9823,328.961301
9824,328.957905
9825,328.954508
9826,328.951153
9827,328.947874
9828,328.944694
9829,328.941625
9830,328.938672
9831,328.935829
9832,328.933081
9833,328.930407
9834,328.927774
9835,328.925146
9836,328.922477
9837,328.919715
9838,328.916804
9839,328.913684
9840,328.91029
9841,328.906562
9842,328.902438
9843,328.897863
9844,328.892787
9845,328.887168
9846,328.880969
9847,328.874162
9848,328.866728
9849,328.85865
9850,328.849924
9851,328.840548
9852,328.830527
9853,328.819872
9854,328.808601
9855,328.796735
9856,328.792323
9857,328.806013
9858,328.819639
9859,328.833178
9860,328.846599
9861,328.859858
9862,328.872902
9863,328.885665
9864,328.898073
9865,328.910042
9866,328.921482
9867,328.9323
9868,328.942407
9869,328.951717
9870,328.960159
9871,328.967672
9872,328.974212
9873,328.979748
9874,328.984269
9875,328.987775
9876,328.990284
9877,328.99183
9878,328.992459
9879,328.992235
9880,328.991233
9881,328.989541
9882,328.987256
9883,328.984482
9884,328.981324
9885,328.977883
9886,328.974253
9887,328.970517
9888,328.966749
9889,328.963007
9890,328.95934
9891,328.955783
9892,328.952362
9893,328.949089
9894,328.945971
9895,328.943002
9896,328.940168
9897,328.937445
9898,328.934803
9899,328.932201
9900,328.929592
9901,328.926919
9902,328.924123
9903,328.921133
9904,328.917882
9905,328.914296
9906,328.910309
9907,328.905858
9908,328.900885
9909,328.895343
9910,328.889191
9911,328.882398
9912,328.87494
9913,328.866799
9914,328.857967
9915,328.848441
9916,328.838225
9917,328.827329
9918,328.815769
9919,328.803567
9920,328.797453
9921,328.811465
9922,328.825451
9923,328.839389
9924,328.853247
9925,328.866981
9926,328.880535
9927,328.893839
9928,328.906811
9929,328.919358
9930,328.931376
9931,328.942757
9932,328.953396
9933,328.963194
9934,328.972068
9935,328.979948
9936,328.986782
9937,328.992537
9938,328.997196
9939,329.000758
9940,329.003242
9941,329.00468
9942,329.005124
9943,329.004641
9944,329.003313
9945,329.001239
9946,328.998528
9947,328.995299
9948,328.991673
9949,328.987766
9950,328.983683
9951,328.979518
9952,328.975349
9953,328.971242
9954,328.967248
9955,328.963405
9956,328.959739
9957,328.956265
9958,328.952988
9959,328.949904
9960,328.946999
9961,328.944248
9962,328.941619
9963,328.939071
9964,328.936553
9965,328.934006
9966,328.931361
9967,328.928543
9968,328.925473
9969,328.922069
9970,328.918255
9971,328.913957
9972,328.909114
9973,328.903672
9974,328.897587
9975,328.890822
9976,328.883351
9977,328.875155
9978,328.866222
9979,328.856549
9980,328.846137
9981,328.834995
9982,328.82314
9983,328.810594
9984,328.802441
9985,328.816771
9986,328.831116
9987,328.845458
9988,328.859764
9989,328.873989
9990,328.888076
9991,328.90195
9992,328.915521
9993,328.928685
9994,328.941322
9995,328.953308
9996,328.964517
9997,328.974836
9998,328.984166
9999,328.992429
10000,328.999567
10001,329.005541
10002,329.010333
10003,329.01394
10004,329.016379
10005,329.017685
10006,329.017912
10007,329.01713
10008,329.015431
10009,329.012923
10010,329.009732
10011,329.005994
10012,329.001849
10013,328.997429
10014,328.992855
10015,328.988228
10016,328.983636
10017,328.979146
10018,328.974814
10019,328.970677
10020,328.966765
10021,328.963093
10022,328.959665
10023,328.956477
10024,328.953515
10025,328.950754
10026,328.948162
10027,328.945695
10028,328.943299
10029,328.940911
10030,328.938456
10031,328.93585
10032,328.933001
10033,328.929818
10034,328.926211
10035,328.922099
10036,328.917412
10037,328.912092
10038,328.90609
10039,328.899368
10040,328.891896
10041,328.883654
10042,328.874627
10043,328.864809
10044,328.854203
10045,328.842815
10046,328.830662
10047,328.817767
10048,328.807227
10049,328.821867
10050,328.836569
10051,328.851314
10052,328.866072
10053,328.880799
10054,328.895434
10055,328.909899
10056,328.924099
10057,328.937916
10058,328.951214
10059,328.963844
10060,328.975659
10061,328.986525
10062,328.996332
10063,329.004991
10064,329.01244
10065,329.018634
10066,329.023552
10067,329.027192
10068,329.02957
10069,329.030722
10070,329.030702
10071,329.029588
10072,329.027476
10073,329.024487
10074,329.020763
10075,329.016463
10076,329.01175
10077,329.006777
10078,329.001677
10079,328.996563
10080,328.991528
10081,328.986643
10082,328.981964
10083,328.977533
10084,328.973376
10085,328.969509
10086,328.965938
10087,328.962657
10088,328.959653
10089,328.9569
10090,328.954364
10091,328.952002
10092,328.949756
10093,328.947558
10094,328.945329
10095,328.942973
10096,328.940387
10097,328.937461
10098,328.934095
10099,328.930197
10100,328.925691
10101,328.920514
10102,328.914613
10103,328.907947
10104,328.900486
10105,328.892205
10106,328.883092
10107,328.873136
10108,328.862339
10109,328.850708
10110,328.838258
10111,328.825012
10112,328.81175
10113,328.826688
10114,328.841736
10115,328.856878
10116,328.872085
10117,328.887314
10118,328.902504
10119,328.917574
10120,328.932422
10121,328.946919
10122,328.96091
10123,328.974219
10124,328.986668
10125,328.998103
10126,329.0084
10127,329.017463
10128,329.025223
10129,329.031634
10130,329.036672
10131,329.040335
10132,329.042638
10133,329.043617
10134,329.04333
10135,329.041855
10136,329.039297
10137,329.035786
10138,329.031483
10139,329.026574
10140,329.021251
10141,329.015691
10142,329.010042
10143,329.004424
10144,328.998935
10145,328.993648
10146,328.988622
10147,328.983896
10148,328.979498
10149,328.975444
10150,328.971739
10151,328.968376
10152,328.965342
10153,328.962611
10154,328.96015
10155,328.957911
10156,328.955838
10157,328.953859
10158,328.951887
10159,328.949816
10160,328.947529
10161,328.944896
10162,328.941799
10163,328.93814
10164,328.933835
10165,328.928816
10166,328.92303
10167,328.916434
10168,328.908993
10169,328.900685
10170,328.891493
10171,328.881408
10172,328.870429
10173,328.85856
10174,328.845818
10175,328.832224
10176,328.815943
10177,328.831162
10178,328.84654
10179,328.862065
10180,328.877708
10181,328.893429
10182,328.909167
10183,328.924841
10184,328.940341
10185,328.955531
10186,328.970235
10187,328.984245
10188,328.997343
10189,329.009355
10190,329.020143
10191,329.029607
10192,329.037673
10193,329.044294
10194,329.049445
10195,329.053122
10196,329.055339
10197,329.056135
10198,329.055566
10199,329.053715
10200,329.050689
10201,329.04663
10202,329.041715
10203,329.036161
10204,329.030202
10205,329.024037
10206,329.017828
10207,329.011701
10208,329.005757
10209,329.000072
10210,328.994703
10211,328.98969
10212,328.98506
10213,328.980827
10214,328.976997
10215,328.973563
10216,328.97051
10217,328.967813
10218,328.965438
10219,328.963338
10220,328.961454
10221,328.959712
10222,328.958019
10223,328.956262
10224,328.954304
10225,328.951989
10226,328.949183
10227,328.945779
10228,328.941688
10229,328.93684
10230,328.931179
10231,328.924661
10232,328.917252
10233,328.908926
10234,328.899666
10235,328.889461
10236,328.87831
10237,328.866216
10238,328.853193
10239,328.839262
10240,328.819739
10241,328.835216
10242,328.850902
10243,328.866786
10244,328.882844
10245,328.899034
10246,328.915298
10247,328.931554
10248,328.947689
10249,328.963558
10250,328.97897
10251,328.993677
10252,329.007415
10253,329.019989
10254,329.031254
10255,329.041105
10256,329.049464
10257,329.056284
10258,329.061537
10259,329.065219
10260,329.067346
10261,329.067955
10262,329.067102
10263,329.064873
10264,329.06138
10265,329.056769
10266,329.051233
10267,329.045025
10268,329.038429
10269,329.031664
10270,329.024903
10271,329.018278
10272,329.011892
10273,329.005821
10274,329.000122
10275,328.994834
10276,328.989983
10277,328.985584
10278,328.98164
10279,328.978144
10280,328.975082
10281,328.972427
10282,328.970146
10283,328.968192
10284,328.966503
10285,328.965005
10286,328.9636
10287,328.962168
10288,328.960556
10289,328.958569
10290,328.956062
10291,328.952918
10292,328.949046
10293,328.944375
10294,328.938845
10295,328.932412
10296,328.925041
10297,328.916707
10298,328.907389
10299,328.897079
10300,328.88577
10301,328.873467
10302,328.860182
10303,328.845935
10304,328.823072
10305,328.838779
10306,328.854743
10307,328.870955
10308,328.887392
10309,328.904016
10310,328.920768
10311,328.937564
10312,328.954288
10313,328.970786
10314,328.986847
10315,329.002194
10316,329.016522
10317,329.029619
10318,329.041328
10319,329.051537
10320,329.060167
10321,329.067168
10322,329.072512
10323,329.076194
10324,329.07823
10325,329.078655
10326,329.07753
10327,329.07494
10328,329.071001
10329,329.06587
10330,329.059755
10331,329.052939
10332,329.045745
10333,329.038415
10334,329.031133
10335,329.024038
10336,329.017235
10337,329.010801
10338,329.004793
10339,328.99925
10340,328.994196
10341,328.989644
10342,328.985597
10343,328.982049
10344,328.978984
10345,328.976376
10346,328.974191
10347,328.972381
10348,328.970885
10349,328.969624
10350,328.968497
10351,328.967374
10352,328.966087
10353,328.964414
10354,328.962193
10355,328.959303
10356,328.955646
10357,328.951148
10358,328.94575
10359,328.939406
10360,328.93208
10361,328.923746
10362,328.914384
10363,328.903982
10364,328.892536
10365,328.880046
10366,328.866524
10367,328.85199
10368,328.825876
10369,328.841781
10370,328.857987
10371,328.874486
10372,328.891258
10373,328.908267
10374,328.925452
10375,328.942729
10376,328.959976
10377,328.977028
10378,328.993658
10379,329.009562
10380,329.02441
10381,329.037969
10382,329.050072
10383,329.060601
10384,329.069471
10385,329.076631
10386,329.082052
10387,329.085729
10388,329.087676
10389,329.087931
10390,329.086555
10391,329.083634
10392,329.079292
10393,329.073694
10394,329.067064
10395,329.059711
10396,329.051983
10397,329.044145
10398,329.036391
10399,329.028869
10400,329.021687
10401,329.014924
10402,329.008636
10403,329.002862
10404,328.997624
10405,328.992937
10406,328.988801
10407,328.985209
10408,328.982146
10409,328.979586
10410,328.977493
10411,328.97582
10412,328.974504
10413,328.973462
10414,328.972589
10415,328.971746
10416,328.970749
10417,328.96936
10418,328.967403
10419,328.964748
10420,328.961293
10421,328.95696
10422,328.95169
10423,328.945434
10424,328.938158
10425,328.929833
10426,328.920439
10427,328.909965
10428,328.898402
10429,328.885754
10430,328.872028
10431,328.857245
10432,328.828092
10433,328.844158
10434,328.860562
10435,328.877302
10436,328.894356
10437,328.91169
10438,328.929242
10439,328.946926
10440,328.964615
10441,328.982132
10442,328.999237
10443,329.015605
10444,329.030889
10445,329.044838
10446,329.057275
10447,329.068074
10448,329.077148
10449,329.084441
10450,329.089925
10451,329.093592
10452,329.095458
10453,329.095561
10454,329.093962
10455,329.090753
10456,329.086062
10457,329.080063
10458,329.072995
10459,329.065184
10460,329.057001
10461,329.048724
10462,329.040563
10463,329.03267
10464,329.025158
10465,329.018107
10466,329.011576
10467,329.0056
10468,329.000204
10469,328.9954
10470,328.991188
10471,328.987562
10472,328.984504
10473,328.981989
10474,328.979981
10475,328.978431
10476,328.977275
10477,328.976427
10478,328.975776
10479,328.975174
10480,328.974428
10481,328.973286
10482,328.971561
10483,328.969115
10484,328.965842
10485,328.961661
10486,328.95651
10487,328.950341
10488,328.943116
10489,328.934809
10490,328.925398
10491,328.91487
10492,328.903218
10493,328.890441
10494,328.87655
10495,328.861565
10496,328.829667
10497,328.845852
10498,328.862409
10499,328.879334
10500,328.89661
10501,328.9142
10502,328.932044
10503,328.950051
10504,328.96809
10505,328.985976
10506,329.003455
10507,329.020192
10508,329.03582
10509,329.050079
10510,329.062782
10511,329.073796
10512,329.083031
10513,329.090429
10514,329.095959
10515,329.099614
10516,329.101409
10517,329.101382
10518,329.099598
10519,329.096149
10520,329.091171
10521,329.084845
10522,329.07742
10523,329.069238
10524,329.060684
10525,329.052049
10526,329.043552
10527,329.035353
10528,329.027568
10529,329.02028
10530,329.013546
10531,329.007404
10532,329.001878
10533,328.996978
10534,328.992705
10535,328.989051
10536,328.986
10537,328.983526
10538,328.981591
10539,328.980147
10540,328.979126
10541,328.97844
10542,328.977974
10543,328.977573
10544,328.977036
10545,328.976099
10546,328.974569
10547,328.972302
10548,328.969186
10549,328.965139
10550,328.960096
10551,328.954009
10552,328.946838
10553,328.938557
10554,328.929143
10555,328.918583
10556,328.906869
10557,328.894
10558,328.879987
10559,328.864848
10560,328.830558
10561,328.846816
10562,328.863473
10563,328.880526
10564,328.897956
10565,328.915729
10566,328.933782
10567,328.952023
10568,328.970315
10569,328.988467
10570,329.006219
10571,329.023221
10572,329.0391
10573,329.053585
10574,329.066481
10575,329.077653
10576,329.087004
10577,329.094475
10578,329.100035
10579,329.103675
10580,329.10541
10581,329.10528
10582,329.10335
10583,329.099716
10584,329.094517
10585,329.08794
10586,329.080245
10587,329.071781
10588,329.062944
10589,329.054036
10590,329.045282
10591,329.036848
10592,329.028853
10593,329.021381
10594,329.014491
10595,329.008222
10596,329.002595
10597,328.997622
10598,328.993304
10599,328.989632
10600,328.986588
10601,328.984148
10602,328.982272
10603,328.980912
10604,328.979999
10605,328.979441
10606,328.979121
10607,328.978877
10608,328.978503
10609,328.977729
10610,328.976356
10611,328.974233
10612,328.971248
10613,328.967314
10614,328.962366
10615,328.956353
10616,328.949237
10617,328.94099
10618,328.931588
10619,328.921019
10620,328.909273
10621,328.896351
10622,328.882261
10623,328.867022
10624,328.830727
10625,328.847013
10626,328.863716
10627,328.880833
10628,328.898348
10629,328.916224
10630,328.934399
10631,328.952779
10632,328.971224
10633,328.98954
10634,329.007458
10635,329.024624
10636,329.040657
10637,329.055281
10638,329.068297
10639,329.079564
10640,329.088984
10641,329.096497
10642,329.102069
10643,329.105692
10644,329.107381
10645,329.107176
10646,329.105142
10647,329.10138
10648,329.096028
10649,329.089281
10650,329.081401
10651,329.072746
10652,329.063718
10653,329.054624
10654,329.045696
10655,329.037101
10656,329.028963
10657,329.021366
10658,329.01437
10659,329.008014
10660,329.002319
10661,328.997298
10662,328.99295
10663,328.989266
10664,328.98623
10665,328.983816
10666,328.981984
10667,328.980685
10668,328.979849
10669,328.979385
10670,328.979168
10671,328.979038
10672,328.978782
10673,328.978127
10674,328.976869
10675,328.974857
10676,328.971973
10677,328.96813
10678,328.963261
10679,328.957315
10680,328.950254
10681,328.942047
10682,328.932674
10683,328.922119
10684,328.910374
10685,328.897438
10686,328.883319
10687,328.868038
10688,328.830153
10689,328.846417
10690,328.863108
10691,328.880224
10692,328.89775
10693,328.915648
10694,328.933857
10695,328.952279
10696,328.970776
10697,328.989149
10698,329.007127
10699,329.024355
10700,329.040446
10701,329.055122
10702,329.068181
10703,329.07948
10704,329.088922
10705,329.096443
10706,329.10201
10707,329.105614
10708,329.107271
10709,329.10702
10710,329.104927
10711,329.101094
10712,329.09566
10713,329.088822
10714,329.080846
10715,329.072092
10716,329.062964
10717,329.053774
10718,329.044755
10719,329.036078
10720,329.027865
10721,329.020204
10722,329.013154
10723,329.006753
10724,329.001024
10725,328.995979
10726,328.991617
10727,328.98793
10728,328.984901
10729,328.982504
10730,328.9807
10731,328.979438
10732,328.978648
10733,328.978239
10734,328.978085
10735,328.978023
10736,328.977839
10737,328.977259
10738,328.976076
10739,328.974137
10740,328.971323
10741,328.967548
10742,328.962742
10743,328.956856
10744,328.949849
10745,328.941691
10746,328.932362
10747,328.921846
10748,328.910133
10749,328.897224
10750,328.883127
10751,328.867862
10752,328.82882
10753,328.845012
10754,328.861634
10755,328.878684
10756,328.896146
10757,328.913983
10758,328.932134
10759,328.950502
10760,328.968946
10761,328.987271
10762,329.005204
10763,329.022389
10764,329.038441
10765,329.053081
10766,329.066107
10767,329.077377
10768,329.086791
10769,329.094287
10770,329.099832
10771,329.103416
10772,329.105055
10773,329.104788
10774,329.102681
10775,329.098835
10776,329.09339
10777,329.086543
10778,329.078558
10779,329.069795
10780,329.060661
10781,329.051465
10782,329.042441
10783,329.033759
10784,329.025543
10785,329.017878
10786,329.010826
10787,329.004424
10788,328.998696
10789,328.993652
10790,328.989293
10791,328.98561
10792,328.982587
10793,328.980197
10794,328.978403
10795,328.977154
10796,328.976379
10797,328.975987
10798,328.975854
10799,328.975815
10800,328.975658
10801,328.975107
10802,328.973958
10803,328.972055
10804,328.969282
10805,328.96555
10806,328.960791
10807,328.954955
10808,328.948002
10809,328.939901
10810,328.930632
10811,328.920179
10812,328.908533
10813,328.895693
10814,328.881668
10815,328.866477
10816,328.826727
10817,328.842797
10818,328.859291
10819,328.876209
10820,328.893532
10821,328.911226
10822,328.929228
10823,328.947443
10824,328.965734
10825,328.983903
10826,329.001685
10827,329.018725
10828,329.034641
10829,329.049157
10830,329.062074
10831,329.073251
10832,329.082589
10833,329.090028
10834,329.095533
10835,329.099096
10836,329.100732
10837,329.100479
10838,329.098403
10839,329.094603
10840,329.089218
10841,329.082441
10842,329.074535
10843,329.065857
10844,329.056808
10845,329.047696
10846,329.038752
10847,329.030144
10848,329.021995
10849,329.014389
10850,329.007387
10851,329.001028
10852,328.995333
10853,328.990316
10854,328.985975
10855,328.982304
10856,328.979286
10857,328.976895
10858,328.975093
10859,328.973831
10860,328.97304
10861,328.972627
10862,328.972472
10863,328.972412
10864,328.972236
10865,328.97167
10866,328.970512
10867,328.968609
10868,328.965845
10869,328.962133
10870,328.957405
10871,328.95161
10872,328.94471
10873,328.936675
10874,328.927482
10875,328.917117
10876,328.905571
10877,328.892842
10878,328.878939
10879,328.863882
10880,328.823882
10881,328.839782
10882,328.856092
10883,328.872811
10884,328.889923
10885,328.907391
10886,328.925154
10887,328.943121
10888,328.961154
10889,328.979064
10890,328.996589
10891,329.013381
10892,329.029064
10893,329.043369
10894,329.056101
10895,329.067122
10896,329.076337
10897,329.083686
10898,329.089135
10899,329.092675
10900,329.094322
10901,329.094113
10902,329.092113
10903,329.088417
10904,329.083163
10905,329.076538
10906,329.068799
10907,329.060296
10908,329.051425
10909,329.042487
10910,329.033707
10911,329.025251
10912,329.017237
10913,329.009751
10914,329.002851
10915,328.996575
10916,328.990949
10917,328.985982
10918,328.981676
10919,328.978024
10920,328.975009
10921,328.972607
10922,328.970781
10923,328.969481
10924,328.968641
10925,328.968171
10926,328.967952
10927,328.967825
10928,328.967584
10929,328.966958
10930,328.965751
10931,328.963811
10932,328.961026
10933,328.95731
10934,328.952596
10935,328.946835
10936,328.939988
10937,328.932025
10938,328.922925
10939,328.912673
10940,328.901259
10941,328.888684
10942,328.874954
10943,328.860089
10944,328.820308
10945,328.835988
10946,328.852059
10947,328.868517
10948,328.885345
10949,328.902509
10950,328.919947
10951,328.93757
10952,328.955246
10953,328.972792
10954,328.989955
10955,329.006396
10956,329.021751
10957,329.035759
10958,329.048233
10959,329.059038
10960,329.068083
10961,329.075309
10962,329.080685
10963,329.084202
10964,329.085875
10965,329.085739
10966,329.083857
10967,329.080323
10968,329.075269
10969,329.068875
10970,329.061391
10971,329.053155
10972,329.044553
10973,329.035877
10974,329.027344
10975,329.019113
10976,329.011302
10977,329.003993
10978,328.997244
10979,328.991094
10980,328.985566
10981,328.980673
10982,328.976417
10983,328.97279
10984,328.969779
10985,328.967357
10986,328.96549
10987,328.964129
10988,328.96321
10989,328.962645
10990,328.96232
10991,328.962082
10992,328.961729
10993,328.961
10994,328.959702
10995,328.95769
10996,328.954854
10997,328.951111
10998,328.946397
10999,328.940662
11000,328.933869
11001,328.925987
11002,328.916996
11003,328.90688
11004,328.895632
11005,328.883249
11006,328.869741
11007,328.855126
11008,328.816033
11009,328.831449
11010,328.847228
11011,328.863365
11012,328.879844
11013,328.896627
11014,328.913657
11015,328.930847
11016,328.948069
11017,328.965149
11018,328.981846
11019,328.997836
11020,329.012769
11021,329.026397
11022,329.038539
11023,329.04907
11024,329.057901
11025,329.064976
11026,329.070264
11027,329.073756
11028,329.075466
11029,329.075431
11030,329.07371
11031,329.070392
11032,329.065605
11033,329.059521
11034,329.052377
11035,329.044499
11036,329.036255
11037,329.027926
11038,329.019718
11039,329.011785
11040,329.004239
11041,328.997161
11042,328.990608
11043,328.984621
11044,328.979222
11045,328.974425
11046,328.970232
11047,328.966639
11048,328.963629
11049,328.96118
11050,328.959256
11051,328.957812
11052,328.956784
11053,328.95609
11054,328.955618
11055,328.955224
11056,328.954714
11057,328.953838
11058,328.95241
11059,328.950292
11060,328.947378
11061,328.943589
11062,328.938861
11063,328.933146
11064,328.926406
11065,328.918614
11066,328.909748
11067,328.899792
11068,328.88874
11069,328.87659
11070,328.86335
11071,328.849039
11072,328.811099
11073,328.826209
11074,328.841647
11075,328.857409
11076,328.873476
11077,328.889811
11078,328.906356
11079,328.923028
11080,328.939705
11081,328.956222
11082,328.972354
11083,328.987795
11084,329.002216
11085,329.015383
11086,329.027128
11087,329.037331
11088,329.045907
11089,329.052802
11090,329.057987
11091,329.061453
11092,329.063213
11093,329.063302
11094,329.061778
11095,329.058728
11096,329.054271
11097,329.048572
11098,329.041851
11099,329.034418
11100,329.026618
11101,329.018716
11102,329.010906
11103,329.003335
11104,328.996111
11105,328.989313
11106,328.982998
11107,328.977207
11108,328.971963
11109,328.967282
11110,328.963166
11111,328.959612
11112,328.956604
11113,328.954121
11114,328.952128
11115,328.950581
11116,328.949418
11117,328.948561
11118,328.947905
11119,328.947312
11120,328.946603
11121,328.945537
11122,328.943942
11123,328.941686
11124,328.938671
11125,328.934816
11126,328.930063
11127,328.924364
11128,328.917681
11129,328.909987
11130,328.901261
11131,328.891488
11132,328.880661
11133,328.86878
11134,328.855852
11135,328.841896
11136,328.805555
11137,328.820319
11138,328.835374
11139,328.850712
11140,328.866312
11141,328.882138
11142,328.898132
11143,328.914211
11144,328.930261
11145,328.946127
11146,328.961599
11147,328.9764
11148,328.990225
11149,329.00286
11150,329.014148
11151,329.023975
11152,329.032261
11153,329.038953
11154,329.044021
11155,329.047458
11156,329.049277
11157,329.049511
11158,329.048217
11159,329.045478
11160,329.041407
11161,329.03616
11162,329.029941
11163,329.023033
11164,329.015756
11165,329.008352
11166,329.001004
11167,328.993851
11168,328.986997
11169,328.98052
11170,328.974479
11171,328.968912
11172,328.963847
11173,328.959299
11174,328.955273
11175,328.951764
11176,328.948759
11177,328.946237
11178,328.944165
11179,328.942499
11180,328.94118
11181,328.940133
11182,328.939258
11183,328.938428
11184,328.937477
11185,328.936184
11186,328.934389
11187,328.93197
11188,328.928832
11189,328.9249
11190,328.920114
11191,328.914428
11192,328.907806
11193,328.900219
11194,328.891648
11195,328.882078
11196,328.871504
11197,328.859924
11198,328.847348
11199,328.833794
11200,328.799457
11201,328.813841
11202,328.828474
11203,328.843347
11204,328.858436
11205,328.873703
11206,328.88909
11207,328.904516
11208,328.919872
11209,328.935011
11210,328.949743
11211,328.963822
11212,328.97698
11213,328.989024
11214,328.999806
11215,329.00922
11216,329.017187
11217,329.023655
11218,329.028596
11219,329.032002
11220,329.033885
11221,329.034278
11222,329.033237
11223,329.030842
11224,329.027203
11225,329.022462
11226,329.016811
11227,329.0105
11228,329.003811
11229,328.996962
11230,328.990126
11231,328.983433
11232,328.976987
11233,328.970865
11234,328.965124
11235,328.959806
11236,328.954939
11237,328.950539
11238,328.946612
11239,328.943154
11240,328.940156
11241,328.937593
11242,328.935436
11243,328.933641
11244,328.932151
11245,328.930892
11246,328.929773
11247,328.928674
11248,328.927446
11249,328.925895
11250,328.923876
11251,328.921275
11252,328.918001
11253,328.913982
11254,328.90916
11255,328.903488
11256,328.896932
11257,328.889462
11258,328.881061
11259,328.871714
11260,328.861415
11261,328.850166
11262,328.837976
11263,328.824865
11264,328.792864
11265,328.80684
11266,328.821021
11267,328.835394
11268,328.849936
11269,328.864607
11270,328.879348
11271,328.894079
11272,328.908695
11273,328.923056
11274,328.936991
11275,328.950288
11276,328.962732
11277,328.974145
11278,328.984391
11279,328.993365
11280,329.000992
11281,329.007222
11282,329.012026
11283,329.015397
11284,329.017347
11285,329.017907
11286,329.017133
11287,329.015101
11288,329.011917
11289,329.007718
11290,329.002677
11291,328.997011
11292,328.990951
11293,328.984694
11294,328.9784
11295,328.972196
11296,328.966183
11297,328.960437
11298,328.955017
11299,328.949965
11300,328.945309
11301,328.941068
11302,328.93725
11303,328.933851
11304,328.930862
11305,328.92826
11306,328.926017
11307,328.924089
11308,328.922421
11309,328.920943
11310,328.919566
11311,328.918181
11312,328.916652
11313,328.914826
11314,328.912571
11315,328.90978
11316,328.906366
11317,328.902259
11318,328.897401
11319,328.891748
11320,328.885264
11321,328.877923
11322,328.869704
11323,328.860597
11324,328.850595
11325,328.8397
11326,328.827924
11327,328.815286
11328,328.785842
11329,328.799385
11330,328.813088
11331,328.826938
11332,328.840909
11333,328.854959
11334,328.869031
11335,328.883045
11336,328.896901
11337,328.910472
11338,328.923602
11339,328.936117
11340,328.947837
11341,328.958608
11342,328.968303
11343,328.976825
11344,328.984102
11345,328.990085
11346,328.994746
11347,328.998077
11348,329.000091
11349,329.000818
11350,329.000311
11351,328.998645
11352,328.995918
11353,328.992259
11354,328.987824
11355,328.982796
11356,328.977364
11357,328.971704
11358,328.965961
11359,328.960258
11360,328.954689
11361,328.949331
11362,328.944243
11363,328.939466
11364,328.935033
11365,328.93096
11366,328.927258
11367,328.923924
11368,328.92095
11369,328.918314
11370,328.915988
11371,328.91393
11372,328.912088
11373,328.910394
11374,328.908766
11375,328.907103
11376,328.905289
11377,328.903197
11378,328.900712
11379,328.897736
11380,328.894186
11381,328.889996
11382,328.885109
11383,328.879482
11384,328.87308
11385,328.865878
11386,328.857856
11387,328.849002
11388,328.839314
11389,328.828793
11390,328.817451
11391,328.805308
11392,328.778455
11393,328.791545
11394,328.804753
11395,328.818064
11396,328.831449
11397,328.844867
11398,328.858261
11399,328.871555
11400,328.884656
11401,328.897447
11402,328.909793
11403,328.921547
11404,328.93256
11405,328.942697
11406,328.951846
11407,328.959916
11408,328.966841
11409,328.972572
11410,328.977085
11411,328.980372
11412,328.982443
11413,328.98333
11414,328.983081
11415,328.981767
11416,328.979482
11417,328.97634
11418,328.972479
11419,328.968054
11420,328.963226
11421,328.958146
11422,328.952945
11423,328.947736
11424,328.94261
11425,328.937642
11426,328.932888
11427,328.928392
11428,328.924186
11429,328.920287
11430,328.916707
11431,328.913445
11432,328.910493
11433,328.90783
11434,328.90543
11435,328.903253
11436,328.901249
11437,328.899355
11438,328.897495
11439,328.895579
11440,328.893507
11441,328.891173
11442,328.888478
11443,328.885333
11444,328.881661
11445,328.877399
11446,328.872494
11447,328.866904
11448,328.860596
11449,328.853543
11450,328.84573
11451,328.837143
11452,328.827781
11453,328.817647
11454,328.806752
11455,328.795118
11456,328.770765
11457,328.783389
11458,328.79609
11459,328.808852
11460,328.821646
11461,328.834431
11462,328.847152
11463,328.859738
11464,328.872102
11465,328.884141
11466,328.895737
11467,328.906765
11468,328.917099
11469,328.926625
11470,328.935243
11471,328.942871
11472,328.949448
11473,328.95493
11474,328.959292
11475,328.962528
11476,328.964648
11477,328.96568
11478,328.965672
11479,328.964688
11480,328.962813
11481,328.96015
11482,328.95682
11483,328.952954
11484,328.94869
11485,328.944158
11486,328.939474
11487,328.934742
11488,328.930048
11489,328.925462
11490,328.921039
11491,328.916823
11492,328.912844
11493,328.909123
11494,328.90567
11495,328.902486
11496,328.899563
11497,328.896884
11498,328.894422
11499,328.892141
11500,328.889994
11501,328.887922
11502,328.885857
11503,328.883721
11504,328.881426
11505,328.878883
11506,328.876005
11507,328.872714
11508,328.86894
11509,328.864624
11510,328.859716
11511,328.854177
11512,328.847975
11513,328.841084
11514,328.833489
11515,328.82518
11516,328.816155
11517,328.806416
11518,328.795977
11519,328.784857
11520,328.762834
11521,328.774981
11522,328.787169
11523,328.799379
11524,328.811585
11525,328.823745
11526,328.835807
11527,328.847705
11528,328.859361
11529,328.870682
11530,328.881568
11531,328.89191
11532,328.901603
11533,328.910549
11534,328.918658
11535,328.925861
11536,328.9321
11537,328.937336
11538,328.941546
11539,328.944725
11540,328.946881
11541,328.948042
11542,328.948251
11543,328.947566
11544,328.946064
11545,328.943837
11546,328.940988
11547,328.937632
11548,328.933885
11549,328.92986
11550,328.925661
11551,328.92138
11552,328.917097
11553,328.912878
11554,328.908777
11555,328.904834
11556,328.901081
11557,328.897537
11558,328.894215
11559,328.891115
11560,328.888231
11561,328.885547
11562,328.883039
11563,328.880672
11564,328.878404
11565,328.876182
11566,328.873945
11567,328.871624
11568,328.869143
11569,328.866426
11570,328.863398
11571,328.859989
11572,328.856137
11573,328.851787
11574,328.846895
11575,328.841422
11576,328.835338
11577,328.828622
11578,328.821256
11579,328.813233
11580,328.80455
11581,328.795213
11582,328.785232
11583,328.774627
11584,328.754718
11585,328.766382
11586,328.778054
11587,328.789716
11588,328.801341
11589,328.81289
11590,328.824313
11591,328.835551
11592,328.846532
11593,328.857175
11594,328.867392
11595,328.877091
11596,328.886183
11597,328.894581
11598,328.90221
11599,328.909007
11600,328.914921
11601,328.919918
11602,328.923976
11603,328.927091
11604,328.929271
11605,328.930541
11606,328.93094
11607,328.93052
11608,328.929351
11609,328.927513
11610,328.925095
11611,328.922196
11612,328.918917
11613,328.915354
11614,328.911601
11615,328.90774
11616,328.903843
11617,328.899972
11618,328.896177
11619,328.892498
11620,328.888965
11621,328.885598
11622,328.882408
11623,328.879398
11624,328.876562
11625,328.873886
11626,328.871347
11627,328.868916
11628,328.866552
11629,328.864209
11630,328.861833
11631,328.859363
11632,328.856734
11633,328.85388
11634,328.850735
11635,328.847238
11636,328.843334
11637,328.838975
11638,328.834117
11639,328.828726
11640,328.822776
11641,328.816244
11642,328.809117
11643,328.801386
11644,328.793051
11645,328.784116
11646,328.774594
11647,328.764501
11648,328.746467
11649,328.757645
11650,328.768803
11651,328.779924
11652,328.79098
11653,328.801936
11654,328.812745
11655,328.823352
11656,328.833694
11657,328.843699
11658,328.85329
11659,328.86239
11660,328.870919
11661,328.878805
11662,328.885982
11663,328.892395
11664,328.897999
11665,328.902764
11666,328.906671
11667,328.909715
11668,328.911906
11669,328.913263
11670,328.913824
11671,328.913636
11672,328.912758
11673,328.911261
11674,328.909224
11675,328.906731
11676,328.90387
11677,328.900725
11678,328.897377
11679,328.8939
11680,328.890361
11681,328.886815
11682,328.883309
11683,328.879882
11684,328.876561
11685,328.873366
11686,328.87031
11687,328.867394
11688,328.864615
11689,328.86196
11690,328.859409
11691,328.856934
11692,328.8545
11693,328.852067
11694,328.849584
11695,328.847001
11696,328.84426
11697,328.841304
11698,328.838076
11699,328.834522
11700,328.830594
11701,328.826248
11702,328.821445
11703,328.816154
11704,328.810349
11705,328.804013
11706,328.797132
11707,328.7897
11708,328.781715
11709,328.773183
11710,328.764115
11711,328.754528
11712,328.738127
11713,328.748818
11714,328.759467
11715,328.770056
11716,328.780559
11717,328.790942
11718,328.801163
11719,328.811171
11720,328.82091
11721,328.830317
11722,328.839324
11723,328.847865
11724,328.85587
11725,328.863278
11726,328.870032
11727,328.876083
11728,328.881393
11729,328.885934
11730,328.88969
11731,328.892658
11732,328.894844
11733,328.89627
11734,328.896965
11735,328.896973
11736,328.896345
11737,328.895145
11738,328.89344
11739,328.891304
11740,328.888812
11741,328.886039
11742,328.883056
11743,328.879928
11744,328.876716
11745,328.87347
11746,328.870235
11747,328.867044
11748,328.863926
11749,328.8609
11750,328.857976
11751,328.85516
11752,328.852446
11753,328.849824
11754,328.847277
11755,328.84478
11756,328.842302
11757,328.839806
11758,328.837249
11759,328.834587
11760,328.831768
11761,328.828745
11762,328.825466
11763,328.821886
11764,328.81796
11765,328.81365
11766,328.808922
11767,328.803747
11768,328.798103
11769,328.791972
11770,328.785344
11771,328.778213
11772,328.770579
11773,328.762448
11774,328.753831
11775,328.744742
11776,328.729734
11777,328.73994
11778,328.750087
11779,328.760156
11780,328.770123
11781,328.779956
11782,328.789616
11783,328.799058
11784,328.80823
11785,328.817076
11786,328.825539
11787,328.833559
11788,328.841078
11789,328.848041
11790,328.854399
11791,328.86011
11792,328.86514
11793,328.869466
11794,328.873072
11795,328.875957
11796,328.878127
11797,328.879599
11798,328.880401
11799,328.880572
11800,328.880157
11801,328.879211
11802,328.877793
11803,328.875967
11804,328.873798
11805,328.871353
11806,328.868694
11807,328.86588
11808,328.862964
11809,328.859993
11810,328.857007
11811,328.854038
11812,328.851113
11813,328.848249
11814,328.845457
11815,328.842742
11816,328.840102
11817,328.837526
11818,328.835
11819,328.832501
11820,328.830002
11821,328.827471
11822,328.82487
11823,328.82216
11824,328.819297
11825,328.816238
11826,328.81294
11827,328.809361
11828,328.805463
11829,328.801213
11830,328.796578
11831,328.791535
11832,328.786063
11833,328.780147
11834,328.773777
11835,328.766951
11836,328.759667
11837,328.751933
11838,328.743759
11839,328.73516
11840,328.721322
11841,328.731047
11842,328.740699
11843,328.750262
11844,328.759711
11845,328.769017
11846,328.778144
11847,328.78705
11848,328.795689
11849,328.804012
11850,328.811967
11851,328.819504
11852,328.82657
11853,328.833119
11854,328.839107
11855,328.844498
11856,328.849263
11857,328.853381
11858,328.856839
11859,328.859635
11860,328.861775
11861,328.863274
11862,328.864159
11863,328.864462
11864,328.864223
11865,328.86349
11866,328.862316
11867,328.860756
11868,328.858869
11869,328.85671
11870,328.854337
11871,328.851802
11872,328.849151
11873,328.846429
11874,328.843672
11875,328.840909
11876,328.838165
11877,328.835457
11878,328.832795
11879,328.830185
11880,328.827625
11881,328.825106
11882,328.822616
11883,328.820134
11884,328.817638
11885,328.815097
11886,328.81248
11887,328.809752
11888,328.806874
11889,328.80381
11890,328.80052
11891,328.79697
11892,328.793125
11893,328.788954
11894,328.784431
11895,328.779534
11896,328.774245
11897,328.768552
11898,328.762446
11899,328.755924
11900,328.748989
11901,328.741647
11902,328.73391
11903,328.725791
11904,328.712914
11905,328.722163
11906,328.731331
11907,328.740402
11908,328.749352
11909,328.758154
11910,328.766774
11911,328.775175
11912,328.783314
11913,328.791148
11914,328.798631
11915,328.805717
11916,328.812363
11917,328.818526
11918,328.824168
11919,328.829259
11920,328.833772
11921,328.837689
11922,328.841
11923,328.843701
11924,328.8458
11925,328.847309
11926,328.848252
11927,328.848657
11928,328.848561
11929,328.848005
11930,328.847035
11931,328.845701
11932,328.844054
11933,328.842144
11934,328.84002
11935,328.83773
11936,328.835316
11937,328.832818
11938,328.830268
11939,328.827695
11940,328.825121
11941,328.822562
11942,328.820028
11943,328.817525
11944,328.815051
11945,328.8126
11946,328.810159
11947,328.807713
11948,328.805239
11949,328.802713
11950,328.800105
11951,328.797386
11952,328.794522
11953,328.791479
11954,328.788225
11955,328.784728
11956,328.780957
11957,328.776886
11958,328.772492
11959,328.767755
11960,328.762659
11961,328.757194
11962,328.751354
11963,328.745137
11964,328.738547
11965,328.731592
11966,328.724282
11967,328.716632
11968,328.704529
11969,328.713308
11970,328.722003
11971,328.730597
11972,328.739069
11973,328.74739
11974,328.755529
11975,328.763453
11976,328.771123
11977,328.7785
11978,328.785543
11979,328.792211
11980,328.798465
11981,328.804268
11982,328.809588
11983,328.814396
11984,328.818669
11985,328.822393
11986,328.825556
11987,328.828158
11988,328.830204
11989,328.831707
11990,328.832685
11991,328.833166
11992,328.833182
11993,328.832768
11994,328.831967
11995,328.830822
11996,328.829377
11997,328.827678
11998,328.82577
11999,328.823694
12000,328.821489
12001,328.81919
12002,328.816828
12003,328.814429
12004,328.812013
12005,328.809596
12006,328.807187
12007,328.804792
12008,328.80241
12009,328.800035
12010,328.797658
12011,328.795262
12012,328.792831
12013,328.790341
12014,328.787767
12015,328.785081
12016,328.782255
12017,328.77926
12018,328.776065
12019,328.772643
12020,328.768968
12021,328.765015
12022,328.760764
12023,328.756198
12024,328.751304
12025,328.746073
12026,328.7405
12027,328.734586
12028,328.728336
12029,328.721759
12030,328.714867
12031,328.707676
12032,328.69618
12033,328.704496
12034,328.71273
12035,328.720864
12036,328.728875
12037,328.736738
12038,328.744423
12039,328.751898
12040,328.759129
12041,328.766078
12042,328.772711
12043,328.778989
12044,328.784879
12045,328.790347
12046,328.795364
12047,328.799905
12048,328.803951
12049,328.807486
12050,328.810504
12051,328.813002
12052,328.814985
12053,328.816465
12054,328.817459
12055,328.817991
12056,328.81809
12057,328.817787
12058,328.817121
12059,328.81613
12060,328.814853
12061,328.813333
12062,328.811607
12063,328.809715
12064,328.807692
12065,328.80557
12066,328.803377
12067,328.801136
12068,328.798867
12069,328.796584
12070,328.794298
12071,328.792011
12072,328.789726
12073,328.787436
12074,328.785133
12075,328.782804
12076,328.780432
12077,328.777998
12078,328.775478
12079,328.77285
12080,328.770085
12081,328.76716
12082,328.764047
12083,328.760721
12084,328.75716
12085,328.753341
12086,328.749247
12087,328.744863
12088,328.740177
12089,328.735183
12090,328.729878
12091,328.724263
12092,328.718346
12093,328.712137
12094,328.705652
12095,328.698908
12096,328.687872
12097,328.695734
12098,328.703519
12099,328.711209
12100,328.718781
12101,328.726209
12102,328.733464
12103,328.740517
12104,328.747335
12105,328.753886
12106,328.760136
12107,328.766051
12108,328.771601
12109,328.776756
12110,328.78149
12111,328.78578
12112,328.789608
12113,328.792962
12114,328.795834
12115,328.798223
12116,328.800134
12117,328.801577
12118,328.802568
12119,328.803128
12120,328.803283
12121,328.803063
12122,328.802501
12123,328.801631
12124,328.800491
12125,328.799117
12126,328.797546
12127,328.79581
12128,328.793944
12129,328.791976
12130,328.789933
12131,328.787836
12132,328.785703
12133,328.783548
12134,328.781379
12135,328.779202
12136,328.777017
12137,328.77482
12138,328.772602
12139,328.770353
12140,328.768057
12141,328.765697
12142,328.763252
12143,328.7607
12144,328.758019
12145,328.755184
12146,328.752173
12147,328.748963
12148,328.745532
12149,328.741862
12150,328.737937
12151,328.733744
12152,328.729272
12153,328.724517
12154,328.719477
12155,328.714156
12156,328.708562
12157,328.702709
12158,328.696616
12159,328.690306
12160,328.679603
12161,328.687021
12162,328.694374
12163,328.701639
12164,328.708792
12165,328.715807
12166,328.722656
12167,328.729312
12168,328.735744
12169,328.741922
12170,328.747815
12171,328.753393
12172,328.758626
12173,328.763489
12174,328.767956
12175,328.772008
12176,328.775628
12177,328.778805
12178,328.781533
12179,328.783809
12180,328.785639
12181,328.787032
12182,328.788002
12183,328.788569
12184,328.788757
12185,328.788593
12186,328.788106
12187,328.787329
12188,328.786296
12189,328.785039
12190,328.783593
12191,328.781989
12192,328.780256
12193,328.778422
12194,328.776511
12195,328.774543
12196,328.772535
12197,328.7705
12198,328.768447
12199,328.766379
12200,328.764298
12201,328.7622
12202,328.760078
12203,328.757921
12204,328.755716
12205,328.753446
12206,328.751093
12207,328.748638
12208,328.746059
12209,328.743335
12210,328.740444
12211,328.737366
12212,328.734082
12213,328.730574
12214,328.726828
12215,328.722833
12216,328.71858
12217,328.714064
12218,328.709286
12219,328.704251
12220,328.698968
12221,328.693454
12222,328.687734
12223,328.681839
12224,328.671358
12225,328.67835
12226,328.685291
12227,328.692152
12228,328.698907
12229,328.705531
12230,328.711998
12231,328.718281
12232,328.724352
12233,328.730182
12234,328.735743
12235,328.741005
12236,328.745944
12237,328.750533
12238,328.75475
12239,328.758577
12240,328.761998
12241,328.765003
12242,328.767586
12243,328.769746
12244,328.771487
12245,328.772817
12246,328.773751
12247,328.774305
12248,328.774503
12249,328.774369
12250,328.773932
12251,328.77322
12252,328.772266
12253,328.7711
12254,328.769753
12255,328.768255
12256,328.766633
12257,328.764914
12258,328.763118
12259,328.761266
12260,328.759374
12261,328.757452
12262,328.755511
12263,328.753552
12264,328.751578
12265,328.749585
12266,328.747567
12267,328.745514
12268,328.743413
12269,328.741249
12270,328.739006
12271,328.736665
12272,328.734206
12273,328.73161
12274,328.728856
12275,328.725926
12276,328.722803
12277,328.71947
12278,328.715913
12279,328.712123
12280,328.708092
12281,328.703815
12282,328.699295
12283,328.694535
12284,328.689547
12285,328.68435
12286,328.678973
12287,328.673461
12288,328.55035
12289,328.580068
12290,328.495771
12291,328.527524
12292,328.545603
12293,328.573482
12294,328.490234
12295,328.523259
12296,328.287566
12297,328.314754
12298,328.233572
12299,328.265777
