0,340.978147
1,340.976445
2,340.975083
3,340.974472
4,340.974602
5,340.975375
6,340.976691
7,340.978461
8,340.980613
9,340.983087
10,340.985834
11,340.988814
12,340.991991
13,340.995338
14,340.998833
15,341.002456
16,341.006196
17,341.010044
18,341.013997
19,341.018057
20,341.022232
21,341.026537
22,341.030994
23,341.035635
24,341.040501
25,341.045647
26,341.051142
27,341.057071
28,341.063542
29,341.070688
30,341.078674
31,341.087703
32,341.098028
33,341.109968
34,341.12394
35,341.140538
36,341.160757
37,341.186667
38,341.223572
39,341.28695
40,341.424962
41,341.791567
42,341.912971
43,341.954991
44,341.988258
45,342.020131
46,342.045694
47,342.064201
48,342.075964
49,342.081441
50,342.080978
51,342.07475
52,342.062744
53,342.044769
54,342.02051
55,341.989705
56,341.952818
57,341.913303
58,341.872034
59,341.800123
60,341.389809
61,341.236623
62,341.169983
63,341.139823
64,340.991402
65,340.989935
66,340.988788
67,340.988354
68,340.988637
69,340.989553
70,340.991006
71,340.992915
72,340.995207
73,340.997824
74,341.000717
75,341.003845
76,341.007173
77,341.010673
78,341.014323
79,341.018103
80,341.022
81,341.026006
82,341.030117
83,341.034335
84,341.038669
85,341.043134
86,341.047752
87,341.052557
88,341.05759
89,341.062907
90,341.068579
91,341.074695
92,341.081365
93,341.088727
94,341.096948
95,341.106239
96,341.116859
97,341.129136
98,341.143497
99,341.160548
100,341.181299
101,341.207837
102,341.245489
103,341.309782
104,341.449012
105,341.817682
106,341.939676
107,341.982347
108,342.016398
109,342.04904
110,342.075217
111,342.094159
112,342.106178
113,342.11174
114,342.111199
115,342.104732
116,342.092325
117,342.073788
118,342.048798
119,342.017094
120,341.979161
121,341.938564
122,341.896311
123,341.824005
124,341.41105
125,341.256304
126,341.188521
127,341.157572
128,341.008033
129,341.006949
130,341.00619
131,341.006088
132,341.006658
133,341.00783
134,341.009522
135,341.01166
136,341.014176
137,341.017014
138,341.020128
139,341.023476
140,341.027024
141,341.030745
142,341.034614
143,341.038613
144,341.042728
145,341.04695
146,341.051275
147,341.055706
148,341.06025
149,341.064922
150,341.069747
151,341.074757
152,341.079996
153,341.085522
154,341.091406
155,341.097741
156,341.104639
157,341.112243
158,341.120726
159,341.130303
160,341.141244
161,341.153882
162,341.168658
163,341.186189
164,341.207499
165,341.234693
166,341.273123
167,341.33836
168,341.478843
169,341.849569
170,341.97208
171,342.015299
172,342.050054
173,342.083411
174,342.110167
175,342.129509
176,342.141742
177,342.147336
178,342.146649
179,342.139862
180,342.126962
181,342.107756
182,342.08192
183,342.049202
184,342.010124
185,341.968391
186,341.925155
187,341.852471
188,341.436608
189,341.280064
190,341.210944
191,341.179069
192,341.025184
193,341.024559
194,341.024299
195,341.024644
196,341.025605
197,341.027127
198,341.02914
199,341.031578
200,341.034382
201,341.0375
202,341.040887
203,341.044504
204,341.048317
205,341.052299
206,341.056426
207,341.060679
208,341.065043
209,341.06951
210,341.074074
211,341.078739
212,341.08351
213,341.088405
214,341.093446
215,341.098667
216,341.104113
217,341.109841
218,341.115927
219,341.122462
220,341.129565
221,341.137379
222,341.146084
223,341.155899
224,341.167098
225,341.180025
226,341.195127
227,341.213032
228,341.234774
229,341.26247
230,341.30149
231,341.367437
232,341.50885
233,341.881058
234,342.00392
235,342.047501
236,342.082724
237,342.116559
238,342.143691
239,342.163269
240,342.17559
241,342.181122
242,342.180227
243,342.173086
244,342.159687
245,342.139838
246,342.113218
247,342.079584
248,342.039499
249,341.996792
250,341.952734
251,341.879731
252,341.461311
253,341.303135
254,341.232771
255,341.200025
256,341.042092
257,341.041964
258,341.042269
259,341.043141
260,341.044574
261,341.04652
262,341.048921
263,341.051722
264,341.05487
265,341.058317
266,341.062023
267,341.065949
268,341.070065
269,341.074342
270,341.078757
271,341.08329
272,341.087928
273,341.092659
274,341.09748
275,341.102391
276,341.1074
277,341.112521
278,341.117778
279,341.123203
280,341.128844
281,341.134757
282,341.141018
283,341.147722
284,341.154988
285,341.162962
286,341.171825
287,341.181803
288,341.193172
289,341.206282
290,341.221585
291,341.239716
292,341.261716
293,341.28971
294,341.329075
295,341.395433
296,341.537373
297,341.910398
298,342.033448
299,342.077214
300,342.112665
301,342.146718
302,342.173994
303,342.193618
304,342.205882
305,342.211249
306,342.210084
307,342.202568
308,342.188691
309,342.168261
310,342.140958
311,342.106553
312,342.065641
313,342.022147
314,341.977433
315,341.904174
316,341.483656
317,341.324109
318,341.252673
319,341.219162
320,341.058609
321,341.058995
322,341.059907
323,341.061359
324,341.063323
325,341.065753
326,341.0686
327,341.071817
328,341.075358
329,341.07918
330,341.083245
331,341.08752
332,341.091973
333,341.096577
334,341.101309
335,341.106149
336,341.111083
337,341.116099
338,341.121191
339,341.12636
340,341.131613
341,341.136962
342,341.142431
343,341.148053
344,341.153872
345,341.159948
346,341.166355
347,341.17319
348,341.180571
349,341.188646
350,341.197599
351,341.207656
352,341.219097
353,341.232273
354,341.24764
355,341.265837
356,341.287908
357,341.315981
358,341.355435
359,341.421897
360,341.56396
361,341.937157
362,342.060241
363,342.104028
364,342.139484
365,342.173505
366,342.200697
367,342.220179
368,342.232236
369,342.237336
370,342.23584
371,342.227933
372,342.213603
373,342.192658
374,342.164783
375,342.129755
376,342.088191
377,342.044089
378,341.998871
379,341.925414
380,341.503253
381,341.342607
382,341.270287
383,341.236128
384,341.074752
385,341.075663
386,341.077206
387,341.079276
388,341.081815
389,341.084776
390,341.088118
391,341.091797
392,341.095775
393,341.100014
394,341.10448
395,341.10914
396,341.113965
397,341.118928
398,341.124007
399,341.129181
400,341.134435
401,341.139755
402,341.145136
403,341.150576
404,341.156079
405,341.161659
406,341.167338
407,341.173146
408,341.179129
409,341.185344
410,341.191867
411,341.198792
412,341.206238
413,341.214355
414,341.223324
415,341.233373
416,341.244782
417,341.257903
418,341.273193
419,341.291291
420,341.313241
421,341.341171
422,341.380459
423,341.446718
424,341.588509
425,341.961247
426,342.084219
427,342.127873
428,342.16312
429,342.196869
430,342.223755
431,342.242906
432,342.254611
433,342.25934
434,342.257454
435,342.249138
436,342.234381
437,342.212991
438,342.184653
439,342.149147
440,342.107101
441,342.062562
442,342.016984
443,341.943383
444,341.520024
445,341.35855
446,341.285535
447,341.25085
448,341.09058
449,341.09202
450,341.094211
451,341.096926
452,341.100074
453,341.103606
454,341.107481
455,341.111663
456,341.116119
457,341.120815
458,341.125719
459,341.130802
460,341.136034
461,341.141391
462,341.146849
463,341.152386
464,341.157986
465,341.163634
466,341.169322
467,341.175047
468,341.180811
469,341.186627
470,341.192513
471,341.1985
472,341.204632
473,341.210963
474,341.21757
475,341.224544
476,341.232005
477,341.2401
478,341.24901
479,341.258962
480,341.270233
481,341.283176
482,341.298244
483,341.316074
484,341.337708
485,341.365271
486,341.404131
487,341.469878
488,341.610994
489,341.98264
490,342.105352
491,342.148719
492,342.183541
493,342.216776
494,342.243131
495,342.261761
496,342.272967
497,342.277219
498,342.274883
499,342.266142
500,342.250986
501,342.229222
502,342.200532
503,342.164695
504,342.122342
505,342.077536
506,342.031746
507,341.958056
508,341.533953
509,341.371931
510,341.298418
511,341.263328
512,341.106154
513,341.108126
514,341.110977
515,341.114356
516,341.118141
517,341.122273
518,341.126717
519,341.13144
520,341.136411
521,341.141602
522,341.146982
523,341.152524
524,341.158202
525,341.163987
526,341.169858
527,341.175791
528,341.181766
529,341.187769
530,341.193787
531,341.199815
532,341.205854
533,341.211912
534,341.218007
535,341.224166
536,341.230432
537,341.236858
538,341.243517
539,341.2505
540,341.257924
541,341.265934
542,341.274709
543,341.284472
544,341.295499
545,341.308136
546,341.322833
547,341.340224
548,341.361341
549,341.388303
550,341.426464
551,341.491374
552,341.631392
553,342.001271
554,342.123565
555,342.166479
556,342.20065
557,342.233113
558,342.258702
559,342.276613
560,342.287164
561,342.290831
562,342.287982
563,342.278801
564,342.263276
565,342.241214
566,342.212292
567,342.176283
568,342.13381
569,342.088924
570,342.04308
571,341.969364
572,341.545014
573,341.382745
574,341.308943
575,341.273578
576,341.121529
577,341.124035
578,341.127554
579,341.131614
580,341.136057
581,341.140818
582,341.145861
583,341.151158
584,341.15668
585,341.162402
586,341.168296
587,341.174337
588,341.180498
589,341.186752
590,341.193074
591,341.199439
592,341.205825
593,341.212214
594,341.21859
595,341.224944
596,341.231274
597,341.237584
598,341.243891
599,341.250219
600,341.256607
601,341.263107
602,341.269787
603,341.276739
604,341.284074
605,341.291934
606,341.300495
607,341.309976
608,341.320648
609,341.332851
610,341.347026
611,341.363798
612,341.384191
613,341.410308
614,341.447479
615,341.5112
616,341.64965
617,342.017011
618,342.13871
619,342.180984
620,342.214248
621,342.245657
622,342.27022
623,342.287198
624,342.296928
625,342.299896
626,342.296469
627,342.286833
628,342.270975
629,342.248698
630,342.219678
631,342.183677
632,342.141297
633,342.096547
634,342.050834
635,341.977163
636,341.553141
637,341.390973
638,341.317117
639,341.281618
640,341.136753
641,341.139795
642,341.14399
643,341.148744
644,341.153864
645,341.159278
646,341.164948
647,341.170849
648,341.176957
649,341.183247
650,341.189694
651,341.196275
652,341.202962
653,341.209727
654,341.216544
655,341.223385
656,341.230224
657,341.237037
658,341.243804
659,341.250512
660,341.257155
661,341.263734
662,341.27026
663,341.276755
664,341.283255
665,341.289809
666,341.296482
667,341.30336
668,341.310553
669,341.318198
670,341.326466
671,341.33557
672,341.345775
673,341.35741
674,341.370908
675,341.386878
676,341.406327
677,341.431338
678,341.467204
679,341.529339
680,341.665686
681,342.029651
682,342.15055
683,342.191964
684,342.224022
685,342.25405
686,342.277296
687,342.293103
688,342.301833
689,342.303979
690,342.299908
691,342.289802
692,342.273651
693,342.251256
694,342.222291
695,342.186507
696,342.144473
697,342.100118
698,342.054765
699,341.981226
700,341.558229
701,341.396577
702,341.322942
703,341.287468
704,341.151868
705,341.155449
706,341.160326
707,341.165786
708,341.171601
709,341.177689
710,341.184013
711,341.190549
712,341.197275
713,341.204171
714,341.211213
715,341.218377
716,341.225637
717,341.232964
718,341.240328
719,341.247696
720,341.255037
721,341.262321
722,341.269522
723,341.276621
724,341.283605
725,341.290472
726,341.297229
727,341.303894
728,341.310499
729,341.317089
730,341.323725
731,341.33049
732,341.337487
733,341.34485
734,341.352743
735,341.361372
736,341.370993
737,341.381926
738,341.394587
739,341.409565
740,341.427843
741,341.451467
742,341.485675
743,341.545768
744,341.679377
745,342.038907
746,342.158753
747,342.199037
748,342.229531
749,342.257794
750,342.279391
751,342.293764
752,342.301303
753,342.302498
754,342.297712
755,342.287125
756,342.270726
757,342.24832
758,342.219584
759,342.184261
760,342.142879
761,342.099243
762,342.054539
763,341.981241
764,341.560128
765,341.399504
766,341.326425
767,341.291164
768,341.166914
769,341.171036
770,341.176601
771,341.182779
772,341.189305
773,341.196088
774,341.20309
775,341.21029
776,341.21767
777,341.225209
778,341.232889
779,341.240686
780,341.248573
781,341.256521
782,341.264493
783,341.272452
784,341.280358
785,341.288172
786,341.29586
787,341.303394
788,341.310757
789,341.31794
790,341.324945
791,341.331787
792,341.338493
793,341.345103
794,341.351675
795,341.358285
796,341.365032
797,341.372043
798,341.379475
799,341.387528
800,341.396446
801,341.406537
802,341.418198
803,341.431991
804,341.448859
805,341.470791
806,341.502937
807,341.560433
808,341.690529
809,342.044422
810,342.162917
811,342.201731
812,342.230223
813,342.256275
814,342.275855
815,342.288516
816,342.294663
817,342.294778
818,342.289209
819,342.278131
820,342.261534
821,342.239233
822,342.210917
823,342.176332
824,342.135966
825,342.093452
826,342.049773
827,341.976852
828,341.558617
829,341.399669
830,341.327581
831,341.292768
832,341.181924
833,341.186589
834,341.19285
835,341.199756
836,341.207008
837,341.214506
838,341.222212
839,341.230105
840,341.238172
841,341.246397
842,341.254762
843,341.263247
844,341.271824
845,341.280462
846,341.289121
847,341.297753
848,341.306306
849,341.314727
850,341.32297
851,341.330999
852,341.338788
853,341.346322
854,341.353599
855,341.360629
856,341.367435
857,341.374053
858,341.380534
859,341.386948
860,341.393388
861,341.399973
862,341.406854
863,341.414221
864,341.422309
865,341.431413
866,341.441908
867,341.454319
868,341.469532
869,341.489436
870,341.51902
871,341.573154
872,341.698663
873,342.045752
874,342.16265
875,342.199593
876,342.225575
877,342.248936
878,342.266129
879,342.276816
880,342.281396
881,342.280321
882,342.273916
883,342.262343
884,342.245596
885,342.22351
886,342.195803
887,342.162244
888,342.123296
889,342.08238
890,342.040195
891,341.967774
892,341.55321
893,341.39685
894,341.326412
895,341.292376
896,341.19693
897,341.202142
898,341.209106
899,341.216751
900,341.224743
901,341.232975
902,341.241407
903,341.250024
904,341.258814
905,341.267767
906,341.27687
907,341.286105
908,341.295448
909,341.304867
910,341.314314
911,341.323732
912,341.333048
913,341.342182
914,341.351073
915,341.359672
916,341.367946
917,341.375877
918,341.383458
919,341.390694
920,341.397604
921,341.404219
922,341.410584
923,341.416761
924,341.422834
925,341.428913
926,341.435139
927,341.441694
928,341.448805
929,341.456762
930,341.465918
931,341.476752
932,341.490056
933,341.507548
934,341.533869
935,341.583263
936,341.701923
937,342.041522
938,342.157819
939,342.192648
940,342.215665
941,342.235967
942,342.250543
943,342.259124
944,342.262067
945,342.259771
946,342.252525
947,342.240475
948,342.223621
949,342.201827
950,342.174857
951,342.142537
952,342.10534
953,342.066472
954,342.026243
955,341.953743
956,341.542003
957,341.390263
958,341.322819
959,341.290122
960,341.211962
961,341.217724
962,341.225397
963,341.233792
964,341.242539
965,341.251523
966,341.260705
967,341.270074
968,341.279623
969,341.28935
970,341.299248
971,341.309308
972,341.319511
973,341.32983
974,341.34022
975,341.350606
976,341.360873
977,341.370883
978,341.380549
979,341.389818
980,341.398655
981,341.40704
982,341.414964
983,341.422432
984,341.429455
985,341.436061
986,341.442286
987,341.448182
988,341.453823
989,341.459302
990,341.464747
991,341.470322
992,341.476253
993,341.482856
994,341.490478
995,341.499536
996,341.510685
997,341.525323
998,341.547288
999,341.58879
1000,341.692305
1001,342.016704
1002,342.14889
1003,342.183063
1004,342.203287
1005,342.220827
1006,342.233133
1007,342.239933
1008,342.241515
1009,342.238216
1010,342.230286
1011,342.217856
1012,342.200934
1013,342.17941
1014,342.153104
1015,342.121912
1016,342.086366
1017,342.049515
1018,342.010956
1019,341.924221
1020,341.51585
1021,341.377447
1022,341.316506
1023,341.28621
1024,341.227046
1025,341.233364
1026,341.241754
1027,341.250908
1028,341.260424
1029,341.270177
1030,341.280131
1031,341.29028
1032,341.300626
1033,341.311174
1034,341.321931
1035,341.332901
1036,341.344088
1037,341.35549
1038,341.367089
1039,341.378805
1040,341.390422
1041,341.401599
1042,341.412235
1043,341.42231
1044,341.431808
1045,341.44072
1046,341.449039
1047,341.45677
1048,341.463923
1049,341.470518
1050,341.476582
1051,341.482154
1052,341.487287
1053,341.492051
1054,341.496532
1055,341.500841
1056,341.505198
1057,341.510087
1058,341.515901
1059,341.522972
1060,341.531752
1061,341.543148
1062,341.559441
1063,341.586983
1064,341.643484
1065,341.772431
1066,342.029342
1067,342.13499
1068,342.157775
1069,342.174764
1070,342.186521
1071,342.192888
1072,342.194137
1073,342.190592
1074,342.182494
1075,342.169969
1076,342.153025
1077,342.131563
1078,342.105412
1079,342.074481
1080,342.039241
1081,342.001205
1082,341.930606
1083,341.609772
1084,341.438191
1085,341.354246
1086,341.307528
1087,341.281135
1088,341.242212
1089,341.249089
1090,341.258203
1091,341.268128
1092,341.278424
1093,341.288962
1094,341.299709
1095,341.310664
1096,341.32184
1097,341.333258
1098,341.344943
1099,341.356931
1100,341.369278
1101,341.382077
1102,341.395447
1103,341.409408
1104,341.423485
1105,341.436444
1106,341.448368
1107,341.459436
1108,341.469725
1109,341.479256
1110,341.488037
1111,341.496077
1112,341.503385
1113,341.509976
1114,341.515862
1115,341.521063
1116,341.525603
1117,341.529495
1118,341.532711
1119,341.535142
1120,341.536827
1121,341.539123
1122,341.542606
1123,341.547416
1124,341.553704
1125,341.561883
1126,341.572993
1127,341.589555
1128,341.617176
1129,341.665276
1130,341.735827
1131,341.777579
1132,341.795715
1133,341.805844
1134,341.811127
1135,341.812219
1136,341.809378
1137,341.802787
1138,341.792584
1139,341.778853
1140,341.76162
1141,341.740862
1142,341.716515
1143,341.688477
1144,341.656447
1145,341.618552
1146,341.563667
1147,341.463139
1148,341.386791
1149,341.335261
1150,341.299192
1151,341.276106
1152,341.257488
1153,341.264929
1154,341.274775
1155,341.285478
1156,341.296565
1157,341.307902
1158,341.319457
1159,341.331241
1160,341.34328
1161,341.355614
1162,341.3683
1163,341.381437
1164,341.395214
1165,341.410008
1166,341.426499
1167,341.445414
1168,341.465829
1169,341.481951
1170,341.495653
1171,341.507971
1172,341.519228
1173,341.52951
1174,341.538852
1175,341.547273
1176,341.554783
1177,341.561388
1178,341.567086
1179,341.571868
1180,341.575708
1181,341.578518
1182,341.579976
1183,341.579081
1184,341.574191
1185,341.571279
1186,341.571193
1187,341.573256
1188,341.576943
1189,341.582128
1190,341.589073
1191,341.598542
1192,341.611969
1193,341.630938
1194,341.653873
1195,341.670381
1196,341.679557
1197,341.684081
1198,341.684997
1199,341.682608
1200,341.677039
1201,341.66838
1202,341.656707
1203,341.642082
1204,341.624544
1205,341.604115
1206,341.580802
1207,341.554588
1208,341.525324
1209,341.492263
1210,341.452874
1211,341.404298
1212,341.360011
1213,341.323004
1214,341.292886
1215,341.271947
1216,341.272901
1217,341.280912
1218,341.291497
1219,341.302986
1220,341.314874
1221,341.327019
1222,341.339397
1223,341.352027
1224,341.364953
1225,341.378242
1226,341.392002
1227,341.406445
1228,341.42205
1229,341.439976
1230,341.462848
1231,341.495181
1232,341.537786
1233,341.559312
1234,341.575224
1235,341.589113
1236,341.601628
1237,341.612905
1238,341.622998
1239,341.631941
1240,341.639749
1241,341.64642
1242,341.651926
1243,341.656221
1244,341.659218
1245,341.660708
1246,341.659883
1247,341.65299
1248,341.625415
1249,341.60915
1250,341.602499
1251,341.600876
1252,341.601782
1253,341.604198
1254,341.60781
1255,341.612637
1256,341.618852
1257,341.62646
1258,341.634488
1259,341.640409
1260,341.64336
1261,341.643517
1262,341.641
1263,341.635834
1264,341.628034
1265,341.617628
1266,341.604661
1267,341.58918
1268,341.571236
1269,341.550881
1270,341.528173
1271,341.503178
1272,341.475948
1273,341.446426
1274,341.414367
1275,341.380047
1276,341.346625
1277,341.315764
1278,341.288696
1279,341.269015
1280,341.288486
1281,341.297071
1282,341.308401
1283,341.320683
1284,341.333379
1285,341.346339
1286,341.359546
1287,341.373032
1288,341.386859
1289,341.401129
1290,341.416018
1291,341.431914
1292,341.449829
1293,341.472655
1294,341.508657
1295,341.578995
1296,341.716571
1297,341.737685
1298,341.754752
1299,341.770741
1300,341.785219
1301,341.798097
1302,341.809421
1303,341.819248
1304,341.827603
1305,341.834467
1306,341.839778
1307,341.843428
1308,341.845271
1309,341.84516
1310,341.842847
1311,341.833686
1312,341.709234
1313,341.656546
1314,341.637282
1315,341.630531
1316,341.628428
1317,341.62827
1318,341.629123
1319,341.630622
1320,341.63256
1321,341.634662
1322,341.636378
1323,341.636862
1324,341.635583
1325,341.632316
1326,341.626933
1327,341.619356
1328,341.609549
1329,341.597513
1330,341.583276
1331,341.566884
1332,341.548396
1333,341.527883
1334,341.505435
1335,341.481165
1336,341.455214
1337,341.427748
1338,341.398986
1339,341.369398
1340,341.34004
1341,341.311897
1342,341.286396
1343,341.267428
1344,341.304275
1345,341.313442
1346,341.325524
1347,341.338604
1348,341.35211
1349,341.365887
1350,341.379924
1351,341.394266
1352,341.408996
1353,341.424249
1354,341.440278
1355,341.457673
1356,341.478113
1357,341.507045
1358,341.563608
1359,341.719838
1360,341.752135
1361,341.766924
1362,341.783974
1363,341.800247
1364,341.814978
1365,341.828059
1366,341.83954
1367,341.849481
1368,341.85791
1369,341.864807
1370,341.870105
1371,341.873685
1372,341.875395
1373,341.875089
1374,341.872795
1375,341.869237
1376,341.840724
1377,341.712401
1378,341.67468
1379,341.662019
1380,341.656952
1381,341.654473
1382,341.652993
1383,341.651899
1384,341.650844
1385,341.649516
1386,341.647546
1387,341.644512
1388,341.640073
1389,341.633994
1390,341.626121
1391,341.616358
1392,341.604662
1393,341.591031
1394,341.575491
1395,341.558093
1396,341.538903
1397,341.518007
1398,341.495509
1399,341.47154
1400,341.446263
1401,341.419881
1402,341.392657
1403,341.364958
1404,341.337326
1405,341.31047
1406,341.285783
1407,341.267202
1408,341.320311
1409,341.330066
1410,341.342905
1411,341.356787
1412,341.371104
1413,341.385696
1414,341.400557
1415,341.415745
1416,341.431361
1417,341.447574
1418,341.464693
1419,341.483438
1420,341.505806
1421,341.53801
1422,341.600294
1423,341.759309
1424,341.778098
1425,341.793671
1426,341.811707
1427,341.828834
1428,341.844258
1429,341.857896
1430,341.869821
1431,341.880108
1432,341.888789
1433,341.895841
1434,341.901183
1435,341.904676
1436,341.906133
1437,341.905372
1438,341.902422
1439,341.898284
1440,341.882014
1441,341.752943
1442,341.710397
1443,341.694611
1444,341.687345
1445,341.682938
1446,341.679503
1447,341.676294
1448,341.672904
1449,341.669024
1450,341.664364
1451,341.658642
1452,341.651619
1453,341.643109
1454,341.632986
1455,341.621175
1456,341.607645
1457,341.592406
1458,341.575494
1459,341.556968
1460,341.536907
1461,341.515404
1462,341.492571
1463,341.46854
1464,341.443471
1465,341.417551
1466,341.391007
1467,341.364117
1468,341.337253
1469,341.311003
1470,341.286711
1471,341.26831
1472,341.336642
1473,341.34699
1474,341.360593
1475,341.37528
1476,341.390406
1477,341.405806
1478,341.421478
1479,341.43749
1480,341.453964
1481,341.47109
1482,341.48922
1483,341.50914
1484,341.532963
1485,341.56702
1486,341.631224
1487,341.789088
1488,341.80724
1489,341.82382
1490,341.842972
1491,341.861088
1492,341.877347
1493,341.89168
1494,341.904182
1495,341.914942
1496,341.923997
1497,341.931322
1498,341.936822
1499,341.940333
1500,341.941636
1501,341.940515
1502,341.936999
1503,341.932244
1504,341.916689
1505,341.789944
1506,341.74608
1507,341.728639
1508,341.71982
1509,341.713883
1510,341.708839
1511,341.703877
1512,341.698565
1513,341.692601
1514,341.685736
1515,341.677752
1516,341.668471
1517,341.657757
1518,341.645524
1519,341.631727
1520,341.616362
1521,341.599457
1522,341.581069
1523,341.561271
1524,341.540153
1525,341.517819
1526,341.494383
1527,341.469977
1528,341.444744
1529,341.418849
1530,341.392479
1531,341.36585
1532,341.339257
1533,341.313223
1534,341.289057
1535,341.270689
1536,341.353323
1537,341.364274
1538,341.378647
1539,341.39414
1540,341.410071
1541,341.426266
1542,341.442729
1543,341.459538
1544,341.476826
1545,341.494807
1546,341.513857
1547,341.534802
1548,341.559802
1549,341.595228
1550,341.660946
1551,341.820382
1552,341.838694
1553,341.856207
1554,341.876439
1555,341.89556
1556,341.912703
1557,341.927806
1558,341.940978
1559,341.952321
1560,341.961878
1561,341.969618
1562,341.975436
1563,341.979146
1564,341.980501
1565,341.979257
1566,341.975444
1567,341.970325
1568,341.954724
1569,341.827733
1570,341.783066
1571,341.764619
1572,341.754722
1573,341.747621
1574,341.741287
1575,341.734877
1576,341.727947
1577,341.720201
1578,341.711415
1579,341.701411
1580,341.690054
1581,341.677254
1582,341.662963
1583,341.647172
1584,341.62991
1585,341.611236
1586,341.591228
1587,341.569982
1588,341.547605
1589,341.524209
1590,341.499915
1591,341.474847
1592,341.44914
1593,341.422934
1594,341.396383
1595,341.369661
1596,341.343018
1597,341.316937
1598,341.292703
1599,341.274259
1600,341.370423
1601,341.381985
1602,341.397136
1603,341.413437
1604,341.430165
1605,341.447142
1606,341.464371
1607,341.481939
1608,341.499991
1609,341.518756
1610,341.53863
1611,341.560464
1612,341.586447
1613,341.62299
1614,341.690047
1615,341.851423
1616,341.869907
1617,341.888194
1618,341.90936
1619,341.929391
1620,341.947375
1621,341.963247
1622,341.977129
1623,341.989131
1624,341.999302
1625,342.007609
1626,342.013937
1627,342.018084
1628,342.019778
1629,342.018751
1630,342.015019
1631,342.009873
1632,341.994249
1633,341.867044
1634,341.82201
1635,341.803039
1636,341.792481
1637,341.78457
1638,341.777251
1639,341.769665
1640,341.76136
1641,341.752047
1642,341.741519
1643,341.72963
1644,341.71628
1645,341.701419
1646,341.685038
1647,341.667173
1648,341.647889
1649,341.627283
1650,341.605465
1651,341.582559
1652,341.558692
1653,341.533991
1654,341.508582
1655,341.482587
1656,341.45613
1657,341.429333
1658,341.402321
1659,341.375241
1660,341.348308
1661,341.32198
1662,341.29753
1663,341.27892
1664,341.388024
1665,341.400209
1666,341.416146
1667,341.433256
1668,341.450775
1669,341.468515
1670,341.48648
1671,341.504764
1672,341.523521
1673,341.542992
1674,341.563589
1675,341.586178
1676,341.612974
1677,341.650426
1678,341.718595
1679,341.881657
1680,341.900283
1681,341.919192
1682,341.941137
1683,341.961963
1684,341.980719
1685,341.997342
1686,342.011959
1687,342.024693
1688,342.035596
1689,342.04464
1690,342.0517
1691,342.056562
1692,342.058932
1693,342.058512
1694,342.05528
1695,342.050462
1696,342.034891
1697,341.908266
1698,341.863444
1699,341.844442
1700,341.833643
1701,341.825277
1702,341.817275
1703,341.808764
1704,341.799288
1705,341.788564
1706,341.776403
1707,341.762682
1708,341.747337
1709,341.730354
1710,341.711771
1711,341.691668
1712,341.670161
1713,341.647391
1714,341.623513
1715,341.598686
1716,341.573064
1717,341.546791
1718,341.520002
1719,341.49282
1720,341.465357
1721,341.437719
1722,341.410011
1723,341.382354
1724,341.354939
1725,341.328203
1726,341.303414
1727,341.284564
1728,341.406228
1729,341.419048
1730,341.435781
1731,341.453703
1732,341.472005
1733,341.490487
1734,341.509156
1735,341.528107
1736,341.547505
1737,341.567597
1738,341.588809
1739,341.61202
1740,341.639464
1741,341.677626
1742,341.746659
1743,341.911037
1744,341.929773
1745,341.949172
1746,341.971753
1747,341.993258
1748,342.012716
1749,342.030066
1750,342.045446
1751,342.058989
1752,342.070759
1753,342.080729
1754,342.088775
1755,342.09467
1756,342.098098
1757,342.098723
1758,342.09645
1759,342.09234
1760,342.07691
1761,341.951915
1762,341.907992
1763,341.889499
1764,341.878908
1765,341.870461
1766,341.862079
1767,341.852881
1768,341.84241
1769,341.830389
1770,341.816642
1771,341.801072
1772,341.783646
1773,341.764393
1774,341.743399
1775,341.720802
1776,341.696777
1777,341.671526
1778,341.645262
1779,341.618189
1780,341.590497
1781,341.562353
1782,341.533902
1783,341.505266
1784,341.476548
1785,341.447839
1786,341.419224
1787,341.390802
1788,341.362741
1789,341.335462
1790,341.310231
1791,341.291079
1792,341.425153
1793,341.438626
1794,341.456169
1795,341.474907
1796,341.493984
1797,341.513188
1798,341.532523
1799,341.55209
1800,341.572056
1801,341.59268
1802,341.614393
1803,341.638089
1804,341.666016
1805,341.704689
1806,341.774334
1807,341.939649
1808,341.958464
1809,341.97823
1810,342.001308
1811,342.023383
1812,342.043472
1813,342.061525
1814,342.077697
1815,342.092136
1816,342.104919
1817,342.116031
1818,342.12535
1819,342.132642
1820,342.137566
1821,342.139736
1822,342.138943
1823,342.13597
1824,342.120781
1825,341.998662
1826,341.956441
1827,341.939072
1828,341.929188
1829,341.921062
1830,341.912618
1831,341.902969
1832,341.891656
1833,341.87841
1834,341.86307
1835,341.845562
1836,341.825885
1837,341.804114
1838,341.78039
1839,341.754921
1840,341.727962
1841,341.6998
1842,341.670722
1843,341.640996
1844,341.610857
1845,341.580497
1846,341.550073
1847,341.519704
1848,341.489482
1849,341.459481
1850,341.429764
1851,341.400406
1852,341.371555
1853,341.343616
1854,341.317855
1855,341.298348
1856,341.444949
1857,341.459094
1858,341.477465
1859,341.497026
1860,341.516871
1861,341.536775
1862,341.556738
1863,341.576863
1864,341.597322
1865,341.618379
1866,341.640474
1867,341.664509
1868,341.692748
1869,341.731727
1870,341.801727
1871,341.967587
1872,341.986449
1873,342.006459
1874,342.029898
1875,342.052426
1876,342.073072
1877,342.091802
1878,342.108795
1879,342.124222
1880,342.138182
1881,342.150677
1882,342.161595
1883,342.1707
1884,342.17763
1885,342.18193
1886,342.183231
1887,342.1819
1888,342.167076
1889,342.049362
1890,342.009827
1891,341.994315
1892,341.985714
1893,341.978363
1894,341.970196
1895,341.96033
1896,341.948312
1897,341.933878
1898,341.916883
1899,341.897272
1900,341.875078
1901,341.850419
1902,341.823504
1903,341.794625
1904,341.764146
1905,341.732476
1906,341.700016
1907,341.667118
1908,341.63407
1909,341.601092
1910,341.568346
1911,341.535945
1912,341.503965
1913,341.472454
1914,341.441449
1915,341.411
1916,341.38123
1917,341.352528
1918,341.32616
1919,341.306252
1920,341.465793
1921,341.480636
1922,341.499858
1923,341.520252
1924,341.540861
1925,341.561442
1926,341.581993
1927,341.602615
1928,341.623485
1929,341.64487
1930,341.667217
1931,341.691435
1932,341.7198
1933,341.758866
1934,341.828939
1935,341.994921
1936,342.013796
1937,342.033917
1938,342.057565
1939,342.080419
1940,342.101535
1941,342.120909
1942,342.138749
1943,342.155258
1944,342.170568
1945,342.18471
1946,342.197596
1947,342.208998
1948,342.218532
1949,342.225665
1950,342.229806
1951,342.230739
1952,342.216437
1953,342.105182
1954,342.069643
1955,342.056923
1956,342.050301
1957,342.044242
1958,342.036727
1959,342.02689
1960,342.014288
1961,341.998669
1962,341.979898
1963,341.957937
1964,341.932844
1965,341.904778
1966,341.874012
1967,341.840934
1968,341.806063
1969,341.770021
1970,341.73339
1971,341.696637
1972,341.660104
1973,341.62403
1974,341.588571
1975,341.553818
1976,341.519814
1977,341.486576
1978,341.454105
1979,341.42242
1980,341.391615
1981,341.362061
1982,341.33502
1983,341.314671
1984,341.487902
1985,341.503475
1986,341.523576
1987,341.54482
1988,341.566191
1989,341.587429
1990,341.608525
1991,341.629581
1992,341.650773
1993,341.672371
1994,341.694827
1995,341.719057
1996,341.747342
1997,341.786245
1998,341.856071
1999,342.021686
2000,342.040535
2001,342.060612
2002,342.084293
2003,342.107322
2004,342.128802
2005,342.148768
2006,342.167469
2007,342.185152
2008,342.201991
2009,342.218065
2010,342.233326
2011,342.247577
2012,342.260425
2013,342.271246
2014,342.279165
2015,342.283154
2016,342.269598
2017,342.168003
2018,342.138457
2019,342.12983
2020,342.126075
2021,342.121929
2022,342.115486
2023,342.105935
2024,342.09286
2025,342.076023
2026,342.055295
2027,342.030644
2028,342.002132
2029,341.969933
2030,341.934344
2031,341.895821
2032,341.855092
2033,341.813262
2034,341.771263
2035,341.729705
2036,341.688952
2037,341.649212
2038,341.610596
2039,341.573143
2040,341.536844
2041,341.501664
2042,341.467559
2043,341.434504
2044,341.402561
2045,341.372075
2046,341.344306
2047,341.323484
2048,341.511542
2049,341.527882
2050,341.548901
2051,341.571016
2052,341.593153
2053,341.615027
2054,341.636626
2055,341.658046
2056,341.679464
2057,341.701151
2058,341.723559
2059,341.747607
2060,341.775577
2061,341.814024
2062,341.883217
2063,342.047865
2064,342.066641
2065,342.086487
2066,342.109987
2067,342.133007
2068,342.154714
2069,342.175197
2070,342.194754
2071,342.213684
2072,342.232225
2073,342.250522
2074,342.2686
2075,342.286319
2076,342.303314
2077,342.318879
2078,342.33178
2079,342.339883
2080,342.327456
2081,342.241835
2082,342.221931
2083,342.219435
2084,342.219748
2085,342.218271
2086,342.213381
2087,342.204392
2088,342.190944
2089,342.17282
2090,342.149889
2091,342.122098
2092,342.089472
2093,342.052116
2094,342.010191
2095,341.96396
2096,341.914299
2097,341.863859
2098,341.814389
2099,341.766577
2100,341.720612
2101,341.676514
2102,341.634242
2103,341.593722
2104,341.554854
2105,341.517525
2106,341.481628
2107,341.447085
2108,341.413913
2109,341.382429
2110,341.353887
2111,341.332566
2112,341.537032
2113,341.554189
2114,341.576171
2115,341.599189
2116,341.622099
2117,341.644594
2118,341.666651
2119,341.688364
2120,341.709906
2121,341.731545
2122,341.753731
2123,341.777376
2124,341.804753
2125,341.842384
2126,341.910447
2127,342.073353
2128,342.091993
2129,342.111376
2130,342.134435
2131,342.157218
2132,342.178982
2133,342.199873
2134,342.220247
2135,342.24047
2136,342.260859
2137,342.281653
2138,342.302988
2139,342.32484
2140,342.346934
2141,342.368545
2142,342.388044
2143,342.401786
2144,342.391349
2145,342.338024
2146,342.335631
2147,342.342748
2148,342.348825
2149,342.35096
2150,342.348182
2151,342.340056
2152,342.326324
2153,342.3068
2154,342.281336
2155,342.249817
2156,342.212151
2157,342.168183
2158,342.117425
2159,342.058707
2160,341.991694
2161,341.925599
2162,341.864245
2163,341.807678
2164,341.755078
2165,341.705763
2166,341.659282
2167,341.615318
2168,341.573614
2169,341.533946
2170,341.496118
2171,341.459984
2172,341.42551
2173,341.392976
2174,341.363626
2175,341.341789
2176,341.564764
2177,341.582796
2178,341.605802
2179,341.629763
2180,341.653461
2181,341.676564
2182,341.699037
2183,341.720968
2184,341.742523
2185,341.763966
2186,341.785736
2187,341.808727
2188,341.835172
2189,341.871515
2190,341.937751
2191,342.097822
2192,342.116245
2193,342.134883
2194,342.157194
2195,342.179476
2196,342.20109
2197,342.222242
2198,342.243351
2199,342.264857
2200,342.287175
2201,342.310671
2202,342.335638
2203,342.362247
2204,342.390445
2205,342.419682
2206,342.448107
2207,342.470126
2208,342.464647
2209,342.495523
2210,342.528311
2211,342.550765
2212,342.564896
2213,342.57183
2214,342.571843
2215,342.564928
2216,342.550986
2217,342.52987
2218,342.501391
2219,342.465323
2220,342.421347
2221,342.368756
2222,342.305213
2223,342.22331
2224,342.109998
2225,342.007545
2226,341.923788
2227,341.853707
2228,341.792304
2229,341.736697
2230,341.68541
2231,341.637636
2232,341.592858
2233,341.550687
2234,341.510816
2235,341.473015
2236,341.437186
2237,341.403567
2238,341.373388
2239,341.351024
2240,341.595214
2241,341.614194
2242,341.638299
2243,341.663257
2244,341.687768
2245,341.711471
2246,341.734318
2247,341.756388
2248,341.777841
2249,341.798926
2250,341.820065
2251,341.842109
2252,341.867196
2253,341.901561
2254,341.964811
2255,342.120294
2256,342.138396
2257,342.15599
2258,342.177245
2259,342.198767
2260,342.220014
2261,342.241251
2262,342.262952
2263,342.285638
2264,342.309832
2265,342.336048
2266,342.364783
2267,342.396502
2268,342.431592
2269,342.470191
2270,342.511263
2271,342.547905
2272,342.572045
2273,342.863257
2274,342.960647
2275,343.004432
2276,343.029111
2277,343.042423
2278,343.046225
2279,343.041022
2280,343.026915
2281,343.003801
2282,342.97142
2283,342.92937
2284,342.877075
2285,342.813313
2286,342.733014
2287,342.609867
2288,342.333434
2289,342.129922
2290,341.998215
2291,341.905545
2292,341.832086
2293,341.7689
2294,341.712214
2295,341.660313
2296,341.612273
2297,341.567483
2298,341.525495
2299,341.485978
2300,341.448766
2301,341.414046
2302,341.38303
2303,341.360139
2304,341.628964
2305,341.648983
2306,341.674279
2307,341.700303
2308,341.725663
2309,341.749965
2310,341.773146
2311,341.795276
2312,341.816503
2313,341.83706
2314,341.857334
2315,341.878093
2316,341.901254
2317,341.932496
2318,341.99025
2319,342.137204
2320,342.155387
2321,342.171819
2322,342.191917
2323,342.212579
2324,342.233337
2325,342.254493
2326,342.276566
2327,342.300146
2328,342.325851
2329,342.354335
2330,342.386303
2331,342.422559
2332,342.464174
2333,342.513005
2334,342.572757
2335,342.645798
2336,343.212084
2337,344.039449
2338,344.161225
2339,344.219447
2340,344.257041
2341,344.279812
2342,344.289565
2343,344.287135
2344,344.272851
2345,344.246657
2346,344.20815
2347,344.156649
2348,344.091429
2349,344.012455
2350,343.921329
2351,343.793189
2352,342.822422
2353,342.326609
2354,342.092951
2355,341.963241
2356,341.873716
2357,341.801701
2358,341.739148
2359,341.682912
2360,341.631504
2361,341.584041
2362,341.539909
2363,341.498667
2364,341.460071
2365,341.424256
2366,341.392412
2367,341.369001
2368,341.66673
2369,341.687896
2370,341.714499
2371,341.741676
2372,341.767933
2373,341.792841
2374,341.81632
2375,341.838428
2376,341.859301
2377,341.87915
2378,341.898311
2379,341.917414
2380,341.937943
2381,341.964131
2382,342.009604
2383,342.121648
2384,342.161018
2385,342.176926
2386,342.196065
2387,342.215949
2388,342.236206
2389,342.257161
2390,342.279366
2391,342.303455
2392,342.330117
2393,342.36011
2394,342.394311
2395,342.433893
2396,342.481185
2397,342.544219
2398,342.662491
2399,343.057524
2400,344.095314
2401,344.282282
2402,344.37453
2403,344.43308
2404,344.472208
2405,344.496137
2406,344.50662
2407,344.504529
2408,344.490226
2409,344.463658
2410,344.424401
2411,344.371729
2412,344.304865
2413,344.223862
2414,344.132593
2415,344.048393
2416,343.795649
2417,342.601341
2418,342.200803
2419,342.023046
2420,341.915379
2421,341.83407
2422,341.765528
2423,341.704929
2424,341.650163
2425,341.60005
2426,341.553804
2427,341.51087
2428,341.470921
2429,341.43404
2430,341.401394
2431,341.37748
2432,341.709392
2433,341.731841
2434,341.759892
2435,341.788331
2436,341.815551
2437,341.841081
2438,341.864825
2439,341.886828
2440,341.907213
2441,341.926166
2442,341.943967
2443,341.961084
2444,341.978437
2445,341.998148
2446,342.025312
2447,342.070218
2448,342.135081
2449,342.154791
2450,342.173246
2451,342.192245
2452,342.211835
2453,342.232411
2454,342.254559
2455,342.27896
2456,342.306371
2457,342.337662
2458,342.373923
2459,342.416862
2460,342.470616
2461,342.551845
2462,342.760339
2463,343.905779
2464,344.320125
2465,344.409338
2466,344.488833
2467,344.549404
2468,344.592125
2469,344.618911
2470,344.631233
2471,344.630011
2472,344.615665
2473,344.588147
2474,344.546976
2475,344.491291
2476,344.420106
2477,344.333239
2478,344.234687
2479,344.144314
2480,343.990477
2481,342.734238
2482,342.279893
2483,342.075561
2484,341.954238
2485,341.864749
2486,341.790599
2487,341.725835
2488,341.667847
2489,341.615194
2490,341.566926
2491,341.522376
2492,341.48114
2493,341.443246
2494,341.409838
2495,341.385449
2496,341.75806
2497,341.781955
2498,341.811627
2499,341.841462
2500,341.869727
2501,341.895906
2502,341.919886
2503,341.9417
2504,341.961455
2505,341.979315
2506,341.995516
2507,342.010404
2508,342.024538
2509,342.038907
2510,342.055232
2511,342.075689
2512,342.099129
2513,342.114577
2514,342.128673
2515,342.143439
2516,342.159707
2517,342.178184
2518,342.199643
2519,342.224969
2520,342.255229
2521,342.291839
2522,342.33707
2523,342.395732
2524,342.481333
2525,342.639314
2526,343.035437
2527,344.272939
2528,344.429444
2529,344.510162
2530,344.591658
2531,344.657015
2532,344.704173
2533,344.73427
2534,344.74871
2535,344.74849
2536,344.734088
2537,344.705463
2538,344.662072
2539,344.602925
2540,344.526849
2541,344.433496
2542,344.327048
2543,344.22914
2544,344.07821
2545,342.81305
2546,342.33901
2547,342.120112
2548,341.989057
2549,341.892805
2550,341.813686
2551,341.745125
2552,341.68417
2553,341.629168
2554,341.579028
2555,341.532984
2556,341.490557
2557,341.451727
2558,341.417617
2559,341.392789
2560,341.814181
2561,341.839721
2562,341.871223
2563,341.902619
2564,341.932031
2565,341.958898
2566,341.983089
2567,342.004623
2568,342.023595
2569,342.040148
2570,342.054484
2571,342.066879
2572,342.077726
2573,342.087586
2574,342.097212
2575,342.107339
2576,342.117831
2577,342.127154
2578,342.136758
2579,342.147772
2580,342.161052
2581,342.177406
2582,342.197701
2583,342.222936
2584,342.254348
2585,342.293658
2586,342.343754
2587,342.410871
2588,342.511824
2589,342.698267
2590,343.136893
2591,344.365015
2592,344.513014
2593,344.596973
2594,344.683795
2595,344.754542
2596,344.806165
2597,344.839536
2598,344.85607
2599,344.856837
2600,344.842367
2601,344.812623
2602,344.767011
2603,344.704442
2604,344.623617
2605,344.524136
2606,344.410508
2607,344.306037
2608,344.153724
2609,342.87278
2610,342.386221
2611,342.157647
2612,342.019329
2613,341.917582
2614,341.834229
2615,341.762355
2616,341.69878
2617,341.641692
2618,341.589885
2619,341.542507
2620,341.499017
2621,341.459351
2622,341.424612
2623,341.399391
2624,341.879819
2625,341.907242
2626,341.940827
2627,341.97398
2628,342.004663
2629,342.032268
2630,342.056646
2631,342.077807
2632,342.095827
2633,342.11083
2634,342.122987
2635,342.132533
2636,342.139791
2637,342.145193
2638,342.149289
2639,342.152684
2640,342.155895
2641,342.159355
2642,342.164026
2643,342.170855
2644,342.180707
2645,342.194433
2646,342.212948
2647,342.237304
2648,342.268828
2649,342.309389
2650,342.362163
2651,342.433937
2652,342.542505
2653,342.74063
2654,343.193612
2655,344.429209
2656,344.577817
2657,344.666046
2658,344.75796
2659,344.833368
2660,344.888755
2661,344.924881
2662,344.943179
2663,344.944772
2664,344.930225
2665,344.899502
2666,344.851978
2667,344.786504
2668,344.701721
2669,344.597258
2670,344.477971
2671,344.368512
2672,344.214998
2673,342.919996
2674,342.424156
2675,342.188539
2676,342.044705
2677,341.9386
2678,341.851788
2679,341.777157
2680,341.711378
2681,341.652523
2682,341.599299
2683,341.550782
2684,341.506381
2685,341.465998
2686,341.430718
2687,341.405158
2688,341.958422
2689,341.988018
2690,342.023985
2691,342.059126
2692,342.091227
2693,342.119632
2694,342.144178
2695,342.164863
2696,342.181745
2697,342.19492
2698,342.204522
2699,342.210743
2700,342.213857
2701,342.214244
2702,342.212413
2703,342.209027
2704,342.205008
2705,342.201681
2706,342.200339
2707,342.202029
2708,342.207634
2709,342.217995
2710,342.234011
2711,342.256734
2712,342.287508
2713,342.328258
2714,342.382264
2715,342.456504
2716,342.569044
2717,342.772869
2718,343.23306
2719,344.477339
2720,344.626714
2721,344.718269
2722,344.814061
2723,344.892981
2724,344.951207
2725,344.989417
2726,345.009052
2727,345.01126
2728,344.996627
2729,344.965119
2730,344.91609
2731,344.848364
2732,344.760565
2733,344.652378
2734,344.52896
2735,344.415941
2736,344.26156
2737,342.956089
2738,342.453526
2739,342.21282
2740,342.064914
2741,341.955512
2742,341.866031
2743,341.789244
2744,341.721722
2745,341.661462
2746,341.607103
2747,341.557671
2748,341.512536
2749,341.471569
2750,341.435847
2751,341.410008
2752,342.057196
2753,342.089312
2754,342.128017
2755,342.165418
2756,342.199107
2757,342.228385
2758,342.25308
2759,342.273179
2760,342.288717
2761,342.299748
2762,342.306348
2763,342.308638
2764,342.306806
2765,342.30112
2766,342.29192
2767,342.279685
2768,342.265563
2769,342.252632
2770,342.24308
2771,342.238047
2772,342.238239
2773,342.244311
2774,342.257024
2775,342.277342
2776,342.306555
2777,342.346564
2778,342.40066
2779,342.475856
2780,342.590281
2781,342.796978
2782,343.261149
2783,344.511421
2784,344.661305
2785,344.755024
2786,344.853362
2787,344.934607
2788,344.994721
2789,345.034324
2790,345.054847
2791,345.057449
2792,345.042723
2793,345.010637
2794,344.960535
2795,344.891228
2796,344.801343
2797,344.690622
2798,344.564437
2799,344.449066
2800,344.294113
2801,342.981645
2802,342.474587
2803,342.230456
2804,342.07977
2805,341.968082
2806,341.876724
2807,341.798402
2808,341.729632
2809,341.668356
2810,341.61317
2811,341.563068
2812,341.517388
2813,341.475986
2814,341.43993
2815,341.413877
2816,342.194613
2817,342.229677
2818,342.271553
2819,342.311539
2820,342.34702
2821,342.377259
2822,342.402084
2823,342.421475
2824,342.435432
2825,342.443947
2826,342.447007
2827,342.444606
2828,342.436751
2829,342.423394
2830,342.404177
2831,342.37809
2832,342.345021
2833,342.315059
2834,342.2926
2835,342.278113
2836,342.271241
2837,342.271903
2838,342.280435
2839,342.297558
2840,342.324417
2841,342.36282
2842,342.416
2843,342.490932
2844,342.605721
2845,342.813406
2846,343.279261
2847,344.532417
2848,344.682546
2849,344.777354
2850,344.876995
2851,344.959439
2852,345.020534
2853,345.060855
2854,345.081825
2855,345.084602
2856,345.069781
2857,345.037327
2858,344.986581
2859,344.916349
2860,344.825263
2861,344.713105
2862,344.585368
2863,344.46869
2864,344.31342
2865,342.997057
2866,342.487489
2867,342.241431
2868,342.089166
2869,341.976164
2870,341.883716
2871,341.804494
2872,341.734983
2873,341.673098
2874,341.617411
2875,341.566896
2876,341.520876
2877,341.479195
2878,341.442919
2879,341.416721
2880,342.42462
2881,342.463216
2882,342.508853
2883,342.551867
2884,342.589413
2885,342.620734
2886,342.64567
2887,342.664193
2888,342.676259
2889,342.68177
2890,342.68057
2891,342.672453
2892,342.657115
2893,342.633862
2894,342.600378
2895,342.549209
2896,342.466656
2897,342.397884
2898,342.351441
2899,342.322419
2900,342.306059
2901,342.299963
2902,342.303387
2903,342.316536
2904,342.340279
2905,342.376261
2906,342.427596
2907,342.501175
2908,342.615032
2909,342.822138
2910,343.287697
2911,344.540778
2912,344.690911
2913,344.785822
2914,344.885606
2915,344.968193
2916,345.029402
2917,345.069794
2918,345.090783
2919,345.093523
2920,345.078607
2921,345.045996
2922,344.99503
2923,344.924512
2924,344.833077
2925,344.720514
2926,344.592351
2927,344.47532
2928,344.319965
2929,343.002563
2930,342.492323
2931,342.245747
2932,342.093051
2933,341.979684
2934,341.886927
2935,341.807442
2936,341.737707
2937,341.675629
2938,341.619776
2939,341.569114
2940,341.522963
2941,341.481165
2942,341.444787
2943,341.418515
2944,342.915097
2945,342.958282
2946,343.008753
2947,343.055599
2948,343.095718
2949,343.128354
2950,343.15338
2951,343.17076
2952,343.180385
2953,343.182025
2954,343.175315
2955,343.159753
2956,343.134647
2957,343.098629
2958,343.046508
2959,342.951826
2960,342.696774
2961,342.521565
2962,342.424569
2963,342.371548
2964,342.342199
2965,342.327799
2966,342.325199
2967,342.333649
2968,342.353576
2969,342.386375
2970,342.434997
2971,342.506206
2972,342.617925
2973,342.822999
2974,343.286394
2975,344.536534
2976,344.686438
2977,344.780503
2978,344.879312
2979,344.961012
2980,345.021489
2981,345.061318
2982,345.081908
2983,345.084407
2984,345.0694
2985,345.036846
2986,344.986083
2987,344.915915
2988,344.824971
2989,344.713022
2990,344.585538
2991,344.469085
2992,344.313871
2993,342.998222
2994,342.489114
2995,342.243404
2996,342.091412
2997,341.978624
2998,341.886336
2999,341.807227
3000,341.737787
3001,341.675937
3002,341.620254
3003,341.569713
3004,341.523643
3005,341.48189
3006,341.445529
3007,341.419255
3008,344.202714
3009,344.253468
3010,344.311573
3011,344.36431
3012,344.408313
3013,344.44289
3014,344.467984
3015,344.483555
3016,344.489388
3017,344.485033
3018,344.469773
3019,344.442648
3020,344.402606
3021,344.349112
3022,344.283416
3023,344.187244
3024,343.199994
3025,342.719867
3026,342.516962
3027,342.425239
3028,342.378744
3029,342.354579
3030,342.345193
3031,342.34834
3032,342.363841
3033,342.392771
3034,342.437868
3035,342.505731
3036,342.614134
3037,342.815729
3038,343.275068
3039,344.519332
3040,344.668767
3041,344.761007
3042,344.85769
3043,344.937456
3044,344.996349
3045,345.034979
3046,345.054756
3047,345.056813
3048,345.041725
3049,345.009446
3050,344.959318
3051,344.890147
3052,344.800557
3053,344.690275
3054,344.564618
3055,344.44972
3056,344.294887
3057,342.98391
3058,342.477811
3059,342.234396
3060,342.084271
3061,341.973017
3062,341.881983
3063,341.803888
3064,341.73526
3065,341.674053
3066,341.618873
3067,341.568719
3068,341.522937
3069,341.481392
3070,341.445166
3071,341.41896
3072,344.355458
3073,344.40698
3074,344.46575
3075,344.518976
3076,344.563294
3077,344.598027
3078,344.623123
3079,344.638543
3080,344.644065
3081,344.639218
3082,344.623257
3083,344.595178
3084,344.553879
3085,344.498839
3086,344.432565
3087,344.368921
3088,344.190319
3089,342.992497
3090,342.620048
3091,342.479302
3092,342.413714
3093,342.379198
3094,342.362641
3095,342.360086
3096,342.370681
3097,342.395141
3098,342.435957
3099,342.499524
3100,342.603416
3101,342.800016
3102,343.25327
3103,344.488468
3104,344.637172
3105,344.726506
3106,344.819819
3107,344.896543
3108,344.952966
3109,344.989754
3110,345.008303
3111,345.009722
3112,344.994566
3113,344.962787
3114,344.913735
3115,344.846231
3116,344.758902
3117,344.651414
3118,344.528846
3119,344.416596
3120,344.26241
3121,342.959333
3122,342.4583
3123,342.218727
3124,342.071696
3125,341.962961
3126,341.87397
3127,341.797523
3128,341.730214
3129,341.670055
3130,341.615701
3131,341.566189
3132,341.520899
3133,341.479715
3134,341.443737
3135,341.417668
3136,344.462379
3137,344.516739
3138,344.578195
3139,344.633418
3140,344.679016
3141,344.714355
3142,344.739419
3143,344.75417
3144,344.758349
3145,344.751413
3146,344.732493
3147,344.700406
3148,344.653807
3149,344.591926
3150,344.517314
3151,344.445646
3152,344.299818
3153,343.104537
3154,342.689788
3155,342.524029
3156,342.444244
3157,342.400421
3158,342.376834
3159,342.36842
3160,342.373777
3161,342.393269
3162,342.429112
3163,342.487444
3164,342.58557
3165,342.775509
3166,343.220418
3167,344.443033
3168,344.590701
3169,344.675878
3170,344.764428
3171,344.836917
3172,344.889956
3173,344.924254
3174,344.94117
3175,344.941764
3176,344.926561
3177,344.895506
3178,344.847971
3179,344.782817
3180,344.698698
3181,344.595229
3182,344.477175
3183,344.36885
3184,344.215622
3185,342.92405
3186,342.430415
3187,342.196422
3188,342.053815
3189,341.948626
3190,341.862474
3191,341.788295
3192,341.722793
3193,341.664067
3194,341.610844
3195,341.562217
3196,341.517607
3197,341.47693
3198,341.441306
3199,341.415438
3200,344.579054
3201,344.636491
3202,344.701014
3203,344.758573
3204,344.805673
3205,344.84171
3206,344.866695
3207,344.880589
3208,344.883095
3209,344.873585
3210,344.85106
3211,344.814156
3212,344.761318
3213,344.691626
3214,344.607924
3215,344.527885
3216,344.381507
3217,343.173397
3218,342.740125
3219,342.55977
3220,342.469381
3221,342.417461
3222,342.387229
3223,342.372988
3224,342.372918
3225,342.387055
3226,342.4173
3227,342.469458
3228,342.560438
3229,342.741752
3230,343.175732
3231,344.382421
3232,344.528723
3233,344.608277
3234,344.690541
3235,344.757577
3236,344.806348
3237,344.83756
3238,344.852483
3239,344.852093
3240,344.836864
3241,344.806739
3242,344.761126
3243,344.698962
3244,344.618982
3245,344.520796
3246,344.408822
3247,344.305924
3248,344.153994
3249,342.877393
3250,342.393857
3251,342.167526
3252,342.03085
3253,341.930284
3254,341.84776
3255,341.776441
3256,341.713199
3257,341.656262
3258,341.604448
3259,341.556924
3260,341.513167
3261,341.47313
3262,341.437957
3263,341.412348
3264,344.681284
3265,344.741424
3266,344.808716
3267,344.868417
3268,344.916894
3269,344.953544
3270,344.978396
3271,344.991405
3272,344.992242
3273,344.980207
3274,344.954198
3275,344.91272
3276,344.854088
3277,344.777363
3278,344.685791
3279,344.598826
3280,344.450874
3281,343.225004
3282,342.778566
3283,342.587711
3284,342.488847
3285,342.42986
3286,342.393464
3287,342.373569
3288,342.368022
3289,342.376534
3290,342.400639
3291,342.445657
3292,342.527802
3293,342.697697
3294,343.117248
3295,344.307847
3296,344.452847
3297,344.52529
3298,344.59991
3299,344.660535
3300,344.704417
3301,344.732164
3302,344.744884
3303,344.743425
3304,344.728197
3305,344.699134
3306,344.655705
3307,344.596962
3308,344.521791
3309,344.429897
3310,344.32541
3311,344.22947
3312,344.078774
3313,342.817417
3314,342.347684
3315,342.131995
3316,342.003114
3317,341.908326
3318,341.830193
3319,341.762274
3320,341.701696
3321,341.646855
3322,341.596693
3323,341.550465
3324,341.50771
3325,341.468431
3326,341.433794
3327,341.408496
3328,344.764348
3329,344.826695
3330,344.896281
3331,344.957765
3332,345.007375
3333,345.044493
3334,345.069153
3335,345.081307
3336,345.080596
3337,345.06627
3338,345.037157
3339,344.991677
3340,344.928089
3341,344.845502
3342,344.747563
3343,344.655158
3344,344.505897
3345,343.264387
3346,342.807519
3347,342.608387
3348,342.502514
3349,342.437365
3350,342.395344
3351,342.370082
3352,342.359139
3353,342.361895
3354,342.37942
3355,342.416251
3356,342.487096
3357,342.639883
3358,343.035028
3359,344.219401
3360,344.373479
3361,344.438598
3362,344.50563
3363,344.560125
3364,344.599462
3365,344.624046
3366,344.634781
3367,344.632376
3368,344.617167
3369,344.589086
3370,344.547664
3371,344.492087
3372,344.421434
3373,344.335605
3374,344.238604
3375,344.149868
3376,343.989726
3377,342.733851
3378,342.288417
3379,342.089392
3380,341.971016
3381,341.883288
3382,341.810252
3383,341.746188
3384,341.6886
3385,341.636106
3386,341.587793
3387,341.543017
3388,341.50139
3389,341.462965
3390,341.428937
3391,341.403992
3392,344.828823
3393,344.892886
3394,344.964261
3395,345.027127
3396,345.077591
3397,345.115012
3398,345.139424
3399,345.150772
3400,345.148676
3401,345.132356
3402,345.100591
3403,345.051759
3404,344.984101
3405,344.896803
3406,344.793856
3407,344.697247
3408,344.546964
3409,343.292953
3410,342.827813
3411,342.622035
3412,342.510342
3413,342.439874
3414,342.392813
3415,342.362569
3416,342.346448
3417,342.343482
3418,342.354155
3419,342.381729
3420,342.437498
3421,342.559346
3422,342.878398
3423,343.86974
3424,344.257759
3425,344.322237
3426,344.38397
3427,344.43386
3428,344.469812
3429,344.492073
3430,344.501368
3431,344.498287
3432,344.48311
3433,344.455765
3434,344.415835
3435,344.362617
3436,344.295363
3437,344.214115
3438,344.122317
3439,344.033881
3440,343.630622
3441,342.574284
3442,342.206866
3443,342.038987
3444,341.935215
3445,341.855892
3446,341.788526
3447,341.728645
3448,341.674276
3449,341.624306
3450,341.577985
3451,341.534779
3452,341.494376
3453,341.456881
3454,341.423519
3455,341.398964
3456,344.876401
3457,344.941721
3458,345.014397
3459,345.078248
3460,345.129282
3461,345.166838
3462,345.190945
3463,345.201543
3464,345.19824
3465,345.180233
3466,345.146276
3467,345.094727
3468,345.02383
3469,344.932847
3470,344.826041
3471,344.726229
3472,344.575165
3473,343.311502
3474,342.839911
3475,342.628841
3476,342.512376
3477,342.437399
3478,342.385921
3479,342.351171
3480,342.330227
3481,342.321781
3482,342.325668
3483,342.343516
3484,342.381439
3485,342.458311
3486,342.628137
3487,343.02522
3488,343.841613
3489,343.961717
3490,344.0234
3491,344.069578
3492,344.102474
3493,344.122593
3494,344.130559
3495,344.126864
3496,344.111738
3497,344.085109
3498,344.046602
3499,343.995603
3500,343.93145
3501,343.853874
3502,343.761701
3503,343.614261
3504,342.760461
3505,342.319111
3506,342.105451
3507,341.983396
3508,341.897313
3509,341.82715
3510,341.765711
3511,341.710154
3512,341.659114
3513,341.611765
3514,341.567523
3515,341.525963
3516,341.486851
3517,341.450342
3518,341.417689
3519,341.393549
3520,344.908707
3521,344.974859
3522,345.048376
3523,345.112829
3524,345.164157
3525,345.20168
3526,345.225426
3527,345.235332
3528,345.230996
3529,345.211604
3530,345.175897
3531,345.122225
3532,345.048842
3533,344.955073
3534,344.845384
3535,344.743196
3536,344.59155
3537,343.320667
3538,342.844181
3539,342.629003
3540,342.508724
3541,342.430029
3542,342.374789
3543,342.336088
3544,342.310812
3545,342.297354
3546,342.294999
3547,342.304046
3548,342.326792
3549,342.370117
3550,342.450349
3551,342.595228
3552,342.807403
3553,342.894003
3554,342.94029
3555,342.970993
3556,342.991377
3557,343.002589
3558,343.00499
3559,342.998745
3560,342.983893
3561,342.96035
3562,342.927909
3563,342.886244
3564,342.834851
3565,342.772509
3566,342.693979
3567,342.574322
3568,342.325655
3569,342.140999
3570,342.018811
3571,341.930844
3572,341.859924
3573,341.79826
3574,341.742536
3575,341.691232
3576,341.643509
3577,341.598797
3578,341.556665
3579,341.516789
3580,341.479006
3581,341.443518
3582,341.4116
3583,341.387894
3584,344.926998
3585,344.993587
3586,345.067509
3587,345.132196
3588,345.183547
3589,345.220875
3590,345.244205
3591,345.253472
3592,345.248273
3593,345.227787
3594,345.190748
3595,345.135503
3596,345.06032
3597,344.964565
3598,344.852845
3599,344.748992
3600,344.596935
3601,343.320941
3602,342.840934
3603,342.622719
3604,342.499528
3605,342.417892
3606,342.359576
3607,342.317546
3608,342.288531
3609,342.270702
3610,342.262951
3611,342.264756
3612,342.276386
3613,342.299479
3614,342.337622
3615,342.394632
3616,342.463721
3617,342.508282
3618,342.537468
3619,342.557446
3620,342.570164
3621,342.576048
3622,342.575147
3623,342.567427
3624,342.552826
3625,342.531255
3626,342.502595
3627,342.466696
3628,342.423322
3629,342.371854
3630,342.310137
3631,342.231646
3632,342.126471
3633,342.030908
3634,341.951606
3635,341.884263
3636,341.8246
3637,341.770147
3638,341.719633
3639,341.672351
3640,341.62783
3641,341.585703
3642,341.545663
3643,341.507474
3644,341.471033
3645,341.436584
3646,341.405418
3647,341.382155
3648,344.932119
3649,344.998765
3650,345.072674
3651,345.137238
3652,345.188349
3653,345.225319
3654,345.248177
3655,345.256857
3656,345.250957
3657,345.229654
3658,345.191681
3659,345.135385
3660,345.059039
3661,344.962035
3662,344.849056
3663,344.744179
3664,344.591868
3665,343.312679
3666,342.830412
3667,342.610167
3668,342.484934
3669,342.401135
3670,342.340453
3671,342.295762
3672,342.263677
3673,342.242211
3674,342.230014
3675,342.226123
3676,342.229912
3677,342.241118
3678,342.259731
3679,342.285132
3680,342.313606
3681,342.336776
3682,342.354207
3683,342.366505
3684,342.373797
3685,342.375936
3686,342.372735
3687,342.364036
3688,342.349717
3689,342.329686
3690,342.303877
3691,342.272255
3692,342.234802
3693,342.191441
3694,342.14179
3695,342.084918
3696,342.020839
3697,341.957547
3698,341.898358
3699,341.84336
3700,341.791888
3701,341.743388
3702,341.697486
3703,341.653906
3704,341.612405
3705,341.572758
3706,341.534756
3707,341.498231
3708,341.463127
3709,341.429719
3710,341.399311
3711,341.376494
3712,344.924525
3713,344.990859
3714,345.064341
3715,345.128429
3716,345.179036
3717,345.215486
3718,345.237812
3719,345.245953
3720,345.23951
3721,345.21766
3722,345.179138
3723,345.122293
3724,345.045399
3725,344.947852
3726,344.834354
3727,344.729065
3728,344.576648
3729,343.296098
3730,342.812788
3731,342.591495
3732,342.465084
3733,342.379908
3734,342.31759
3735,342.270941
3736,342.236498
3737,342.21217
3738,342.196468
3739,342.188221
3740,342.186447
3741,342.190281
3742,342.198844
3743,342.210939
3744,342.224554
3745,342.236941
3746,342.246873
3747,342.253731
3748,342.257041
3749,342.256408
3750,342.251522
3751,342.24216
3752,342.228169
3753,342.209457
3754,342.185986
3755,342.157783
3756,342.124946
3757,342.087639
3758,342.046075
3759,342.000567
3760,341.951984
3761,341.902678
3762,341.854206
3763,341.807211
3764,341.761899
3765,341.718317
3766,341.676445
3767,341.636212
3768,341.59751
3769,341.560207
3770,341.524163
3771,341.489259
3772,341.455475
3773,341.423106
3774,341.393457
3775,341.371086
3776,344.90435
3777,344.97
3778,345.042642
3779,345.105898
3780,345.155736
3781,345.191499
3782,345.213231
3783,345.220878
3784,345.214043
3785,345.191912
3786,345.153223
3787,345.096328
3788,345.019497
3789,344.922112
3790,344.80884
3791,344.703757
3792,344.551383
3793,343.271325
3794,342.788199
3795,342.566851
3796,342.440138
3797,342.354385
3798,342.291181
3799,342.243297
3800,342.207223
3801,342.180812
3802,342.162505
3803,342.151037
3804,342.145308
3805,342.144296
3806,342.146974
3807,342.152209
3808,342.158673
3809,342.16495
3810,342.169984
3811,342.173003
3812,342.173408
3813,342.170737
3814,342.16464
3815,342.15487
3816,342.141259
3817,342.123715
3818,342.102215
3819,342.076812
3820,342.047642
3821,342.014938
3822,341.979037
3823,341.940416
3824,341.899786
3825,341.858166
3826,341.816419
3827,341.775119
3828,341.734622
3829,341.695133
3830,341.656756
3831,341.619514
3832,341.583375
3833,341.548262
3834,341.514082
3835,341.48075
3836,341.448266
3837,341.416932
3838,341.388043
3839,341.366116
3840,344.871609
3841,344.936196
3842,345.007574
3843,345.069637
3844,345.118436
3845,345.153346
3846,345.17442
3847,345.181613
3848,345.174538
3849,345.152388
3850,345.113912
3851,345.057467
3852,344.981322
3853,344.884828
3854,344.77256
3855,344.668339
3856,344.516169
3857,343.238546
3858,342.756883
3859,342.536503
3860,342.410381
3861,342.324861
3862,342.261527
3863,342.213135
3864,342.176157
3865,342.148425
3866,342.128351
3867,342.114645
3868,342.106182
3869,342.101924
3870,342.10087
3871,342.102012
3872,342.10432
3873,342.10679
3874,342.108557
3875,342.108905
3876,342.107256
3877,342.103152
3878,342.096247
3879,342.086288
3880,342.073107
3881,342.056613
3882,342.036787
3883,342.013687
3884,341.987452
3885,341.958311
3886,341.926586
3887,341.892703
3888,341.85719
3889,341.820658
3890,341.783675
3891,341.746694
3892,341.710053
3893,341.67398
3894,341.638615
3895,341.604021
3896,341.570202
3897,341.537119
3898,341.504703
3899,341.47289
3900,341.441686
3901,341.41139
3902,341.38327
3903,341.361791
3904,344.826832
3905,344.88997
3906,344.959668
3907,345.020187
3908,345.067693
3909,345.101592
3910,345.121952
3911,345.128735
3912,345.121564
3913,345.099646
3914,345.061749
3915,345.006243
3916,344.9314
3917,344.836538
3918,344.726091
3919,344.623442
3920,344.471649
3921,343.198505
3922,342.719609
3923,342.50122
3924,342.37657
3925,342.292074
3926,342.22934
3927,342.181139
3928,342.14395
3929,342.115613
3930,342.094544
3931,342.079461
3932,342.069251
3933,342.062907
3934,342.059486
3935,342.05808
3936,342.057815
3937,342.057867
3938,342.057498
3939,342.056074
3940,342.053064
3941,342.048041
3942,342.040672
3943,342.030715
3944,342.018005
3945,342.002453
3946,341.984039
3947,341.962819
3948,341.93892
3949,341.912548
3950,341.883982
3951,341.853573
3952,341.82173
3953,341.788893
3954,341.75548
3955,341.721858
3956,341.688318
3957,341.655074
3958,341.622269
3959,341.589982
3960,341.558235
3961,341.527005
3962,341.496241
3963,341.465885
3964,341.435942
3965,341.406692
3966,341.379363
3967,341.358345
3968,344.773184
3969,344.834545
3970,344.902235
3971,344.960956
3972,345.006995
3973,345.039789
3974,345.059416
3975,345.065842
3976,345.058703
3977,345.037226
3978,345.000201
3979,344.946028
3980,344.872994
3981,344.780396
3982,344.672509
3983,344.572131
3984,344.420897
3985,343.154082
3986,342.679055
3987,342.463502
3988,342.341042
3989,342.258214
3990,342.196682
3991,342.149256
3992,342.11245
3993,342.084128
3994,342.062734
3995,342.04701
3996,342.035875
3997,342.028363
3998,342.023582
3999,342.0207
4000,342.018934
4001,342.017559
4002,342.015921
4003,342.013447
4004,342.009653
4005,342.00414
4006,341.996596
4007,341.986789
4008,341.97456
4009,341.959823
4010,341.942558
4011,341.922814
4012,341.900706
4013,341.876415
4014,341.850182
4015,341.822306
4016,341.79312
4017,341.762976
4018,341.732214
4019,341.70114
4020,341.670008
4021,341.639013
4022,341.608293
4023,341.577928
4024,341.547948
4025,341.51834
4026,341.489059
4027,341.460049
4028,341.431309
4029,341.403091
4030,341.376571
4031,341.356035
4032,344.723506
4033,344.783115
4034,344.848912
4035,344.905989
4036,344.950718
4037,344.982553
4038,345.001568
4039,345.007736
4040,345.000703
4041,344.979712
4042,344.943583
4043,344.890747
4044,344.819526
4045,344.729221
4046,344.624002
4047,344.526124
4048,344.375568
4049,343.115341
4050,342.644192
4051,342.431491
4052,342.31127
4053,342.2302
4054,342.170013
4055,342.123573
4056,342.087432
4057,342.059491
4058,342.038227
4059,342.02241
4060,342.010989
4061,342.00303
4062,341.997682
4063,341.994158
4064,341.991724
4065,341.989709
4066,341.987503
4067,341.984573
4068,341.980463
4069,341.974795
4070,341.967272
4071,341.957671
4072,341.945838
4073,341.931689
4074,341.915204
4075,341.896429
4076,341.875468
4077,341.852487
4078,341.827709
4079,341.801397
4080,341.77385
4081,341.745376
4082,341.716278
4083,341.686828
4084,341.65726
4085,341.627756
4086,341.598447
4087,341.569411
4088,341.540682
4089,341.51225
4090,341.484073
4091,341.456095
4092,341.428308
4093,341.400946
4094,341.375135
4095,341.355054
4096,340.970754
4097,340.967592
4098,340.965832
4099,340.965113
4100,340.965207
4101,340.965955
4102,340.967238
4103,340.968966
4104,340.971066
4105,340.973481
4106,340.976161
4107,340.979067
4108,340.982166
4109,340.985429
4110,340.988836
4111,340.992368
4112,340.996013
4113,340.999762
4114,341.003612
4115,341.007565
4116,341.011629
4117,341.015817
4118,341.020151
4119,341.024661
4120,341.029386
4121,341.034378
4122,341.039704
4123,341.045444
4124,341.051703
4125,341.058606
4126,341.066311
4127,341.07501
4128,341.084942
4129,341.096399
4130,341.109742
4131,341.125415
4132,341.143968
4133,341.166083
4134,341.192602
4135,341.224572
4136,341.26327
4137,341.310193
4138,341.366847
4139,341.425874
4140,341.471139
4141,341.505668
4142,341.531315
4143,341.549345
4144,341.560651
4145,341.56585
4146,341.565327
4147,341.55926
4148,341.547631
4149,341.53022
4150,341.506594
4151,341.47607
4152,341.437639
4153,341.389808
4154,341.330165
4155,341.265048
4156,341.211652
4157,341.16864
4158,341.134771
4159,341.10916
4160,340.990179
4161,340.987474
4162,340.985966
4163,340.985428
4164,340.985681
4165,340.986584
4166,340.988027
4167,340.989923
4168,340.992199
4169,340.994797
4170,340.997668
4171,341.000772
4172,341.004074
4173,341.007547
4174,341.011166
4175,341.014915
4176,341.018779
4177,341.022749
4178,341.026823
4179,341.031002
4180,341.035294
4181,341.039713
4182,341.044282
4183,341.049032
4184,341.054004
4185,341.059253
4186,341.064847
4187,341.070872
4188,341.077435
4189,341.08467
4190,341.092741
4191,341.10185
4192,341.112244
4193,341.124232
4194,341.138188
4195,341.154577
4196,341.173973
4197,341.197083
4198,341.224781
4199,341.258143
4200,341.298471
4201,341.347252
4202,341.405882
4203,341.466805
4204,341.513772
4205,341.549681
4206,341.576375
4207,341.595138
4208,341.606887
4209,341.612256
4210,341.611645
4211,341.605237
4212,341.593014
4213,341.574752
4214,341.550001
4215,341.518061
4216,341.477908
4217,341.42805
4218,341.366146
4219,341.298681
4220,341.243033
4221,341.198035
4222,341.162462
4223,341.135366
4224,341.008394
4225,341.006361
4226,341.005318
4227,341.005133
4228,341.00568
4229,341.006844
4230,341.008533
4231,341.010666
4232,341.013177
4233,341.016009
4234,341.019114
4235,341.022453
4236,341.025992
4237,341.029701
4238,341.033558
4239,341.037543
4240,341.041644
4241,341.04585
4242,341.050158
4243,341.054569
4244,341.059092
4245,341.06374
4246,341.068538
4247,341.073516
4248,341.078719
4249,341.084201
4250,341.090034
4251,341.096307
4252,341.10313
4253,341.110642
4254,341.119013
4255,341.128452
4256,341.139216
4257,341.151621
4258,341.166057
4259,341.183003
4260,341.203046
4261,341.226914
4262,341.255497
4263,341.289884
4264,341.331376
4265,341.38143
4266,341.441354
4267,341.503494
4268,341.551578
4269,341.588419
4270,341.615825
4271,341.635075
4272,341.64709
4273,341.652514
4274,341.651752
4275,341.644994
4276,341.632221
4277,341.613204
4278,341.587492
4279,341.554377
4280,341.51284
4281,341.46141
4282,341.397812
4283,341.32859
4284,341.27119
4285,341.224555
4286,341.187488
4287,341.159016
4288,341.025739
4289,341.024457
4290,341.023999
4291,341.024287
4292,341.025233
4293,341.026751
4294,341.028762
4295,341.031199
4296,341.034001
4297,341.037116
4298,341.040499
4299,341.044111
4300,341.047919
4301,341.051894
4302,341.056013
4303,341.060258
4304,341.064613
4305,341.069069
4306,341.073622
4307,341.078273
4308,341.08303
4309,341.087906
4310,341.092927
4311,341.098123
4312,341.103539
4313,341.109231
4314,341.115273
4315,341.121755
4316,341.128792
4317,341.136525
4318,341.145128
4319,341.154815
4320,341.165851
4321,341.17856
4322,341.193339
4323,341.210677
4324,341.231175
4325,341.255568
4326,341.284756
4327,341.319832
4328,341.362089
4329,341.412959
4330,341.473696
4331,341.536593
4332,341.585358
4333,341.622762
4334,341.650586
4335,341.670096
4336,341.682211
4337,341.687578
4338,341.686606
4339,341.679485
4340,341.666198
4341,341.646515
4342,341.619983
4343,341.585897
4344,341.543247
4345,341.490583
4346,341.425662
4347,341.355058
4348,341.296264
4349,341.248279
4350,341.209927
4351,341.180232
4352,341.042426
4353,341.041925
4354,341.04212
4355,341.04296
4356,341.044386
4357,341.04633
4358,341.048732
4359,341.051532
4360,341.054678
4361,341.058123
4362,341.061825
4363,341.065748
4364,341.069859
4365,341.07413
4366,341.078539
4367,341.083065
4368,341.087695
4369,341.092417
4370,341.097227
4371,341.102126
4372,341.107121
4373,341.112226
4374,341.117463
4375,341.122866
4376,341.128478
4377,341.134357
4378,341.140577
4379,341.14723
4380,341.154432
4381,341.162327
4382,341.171092
4383,341.180945
4384,341.192154
4385,341.205049
4386,341.220033
4387,341.237601
4388,341.25836
4389,341.283052
4390,341.312582
4391,341.348041
4392,341.390716
4393,341.44202
4394,341.503182
4395,341.566463
4396,341.615558
4397,341.653213
4398,341.681194
4399,341.700755
4400,341.712814
4401,341.718017
4402,341.716773
4403,341.709275
4404,341.695505
4405,341.675234
4406,341.64801
4407,341.61313
4408,341.56959
4409,341.515956
4410,341.449998
4411,341.3783
4412,341.318394
4413,341.269303
4414,341.229865
4415,341.199104
4416,341.058601
4417,341.058891
4418,341.059777
4419,341.061224
4420,341.063188
4421,341.065619
4422,341.068467
4423,341.071683
4424,341.075222
4425,341.079042
4426,341.083104
4427,341.087375
4428,341.091822
4429,341.096421
4430,341.101146
4431,341.105979
4432,341.110904
4433,341.115911
4434,341.120993
4435,341.12615
4436,341.131388
4437,341.136721
4438,341.142171
4439,341.14777
4440,341.153562
4441,341.159604
4442,341.16597
4443,341.172754
4444,341.180072
4445,341.188069
4446,341.196924
4447,341.206857
4448,341.218139
4449,341.231101
4450,341.24615
4451,341.263785
4452,341.284616
4453,341.309388
4454,341.339006
4455,341.374563
4456,341.417341
4457,341.468744
4458,341.529988
4459,341.593325
4460,341.642439
4461,341.680067
4462,341.707965
4463,341.727383
4464,341.739236
4465,341.74417
4466,341.742596
4467,341.734705
4468,341.720481
4469,341.699695
4470,341.671893
4471,341.636376
4472,341.592144
4473,341.537764
4474,341.471011
4475,341.39847
4476,341.337693
4477,341.287713
4478,341.247376
4479,341.215704
4480,341.074371
4481,341.075456
4482,341.077057
4483,341.079147
4484,341.081694
4485,341.084658
4486,341.088
4487,341.091678
4488,341.095654
4489,341.09989
4490,341.104352
4491,341.109007
4492,341.113826
4493,341.118783
4494,341.123855
4495,341.12902
4496,341.134265
4497,341.139575
4498,341.144944
4499,341.150371
4500,341.15586
4501,341.161424
4502,341.167083
4503,341.172868
4504,341.178824
4505,341.185005
4506,341.191487
4507,341.198362
4508,341.205746
4509,341.213785
4510,341.222657
4511,341.232584
4512,341.243835
4513,341.256743
4514,341.271717
4515,341.289255
4516,341.309967
4517,341.334601
4518,341.364062
4519,341.399442
4520,341.442022
4521,341.493208
4522,341.554214
4523,341.617294
4524,341.666136
4525,341.703474
4526,341.731061
4527,341.750148
4528,341.761649
4529,341.766212
4530,341.764248
4531,341.755948
4532,341.741297
4533,341.720064
4534,341.691796
4535,341.655791
4536,341.611047
4537,341.55613
4538,341.488808
4539,341.415656
4540,341.354235
4541,341.303575
4542,341.262519
4543,341.230088
4544,341.089822
4545,341.091701
4546,341.09403
4547,341.096789
4548,341.099953
4549,341.103489
4550,341.107365
4551,341.111546
4552,341.115999
4553,341.120691
4554,341.12559
4555,341.130667
4556,341.135892
4557,341.141241
4558,341.14669
4559,341.152218
4560,341.157807
4561,341.163444
4562,341.16912
4563,341.174831
4564,341.18058
4565,341.186378
4566,341.192244
4567,341.198209
4568,341.204312
4569,341.210611
4570,341.217177
4571,341.224102
4572,341.231502
4573,341.239521
4574,341.248336
4575,341.258167
4576,341.269283
4577,341.282016
4578,341.296771
4579,341.314045
4580,341.334448
4581,341.358724
4582,341.38778
4583,341.422707
4584,341.464791
4585,341.515443
4586,341.575887
4587,341.638398
4588,341.686678
4589,341.723463
4590,341.75051
4591,341.769076
4592,341.780079
4593,341.784167
4594,341.781752
4595,341.773028
4596,341.757977
4597,341.736367
4598,341.707743
4599,341.671399
4600,341.626327
4601,341.571083
4602,341.50342
4603,341.429895
4604,341.368058
4605,341.316927
4606,341.275335
4607,341.242296
4608,341.105019
4609,341.107691
4610,341.110759
4611,341.114207
4612,341.118014
4613,341.122153
4614,341.126598
4615,341.131319
4616,341.136286
4617,341.141472
4618,341.146846
4619,341.152381
4620,341.158049
4621,341.163826
4622,341.169686
4623,341.175607
4624,341.181571
4625,341.187561
4626,341.193565
4627,341.199578
4628,341.205601
4629,341.21164
4630,341.217715
4631,341.223851
4632,341.230089
4633,341.236483
4634,341.243102
4635,341.250038
4636,341.257402
4637,341.265338
4638,341.274021
4639,341.283666
4640,341.294542
4641,341.306974
4642,341.321364
4643,341.338206
4644,341.358102
4645,341.381795
4646,341.410187
4647,341.444375
4648,341.485648
4649,341.535433
4650,341.594972
4651,341.65658
4652,341.703989
4653,341.739941
4654,341.766209
4655,341.784056
4656,341.794406
4657,341.797912
4658,341.794986
4659,341.785822
4660,341.7704
4661,341.748488
4662,341.719627
4663,341.683105
4664,341.637902
4665,341.582559
4666,341.514803
4667,341.441163
4668,341.379159
4669,341.327783
4670,341.285848
4671,341.252359
4672,341.120021
4673,341.123483
4674,341.127298
4675,341.131451
4676,341.135923
4677,341.140692
4678,341.145736
4679,341.151029
4680,341.156547
4681,341.162262
4682,341.168149
4683,341.17418
4684,341.180331
4685,341.186573
4686,341.192883
4687,341.199235
4688,341.205607
4689,341.211981
4690,341.218341
4691,341.224678
4692,341.23099
4693,341.237282
4694,341.243568
4695,341.249872
4696,341.256233
4697,341.262701
4698,341.269343
4699,341.276248
4700,341.283526
4701,341.291315
4702,341.299788
4703,341.309157
4704,341.319683
4705,341.331687
4706,341.345564
4707,341.361798
4708,341.380984
4709,341.403856
4710,341.431314
4711,341.464452
4712,341.50457
4713,341.553114
4714,341.611364
4715,341.671692
4716,341.717883
4717,341.752695
4718,341.777918
4719,341.794831
4720,341.804366
4721,341.807176
4722,341.803674
4723,341.794055
4724,341.778296
4725,341.756166
4726,341.727201
4727,341.690682
4728,341.645574
4729,341.590393
4730,341.522836
4731,341.449384
4732,341.387499
4733,341.336134
4734,341.294072
4735,341.260299
4736,341.134874
4737,341.139126
4738,341.143695
4739,341.148565
4740,341.153721
4741,341.159144
4742,341.164815
4743,341.170712
4744,341.176813
4745,341.183095
4746,341.189533
4747,341.196102
4748,341.202776
4749,341.209527
4750,341.216329
4751,341.223153
4752,341.229975
4753,341.23677
4754,341.243519
4755,341.250209
4756,341.256832
4757,341.263391
4758,341.269895
4759,341.276367
4760,341.28284
4761,341.289362
4762,341.295999
4763,341.302833
4764,341.309972
4765,341.317551
4766,341.325735
4767,341.334734
4768,341.344799
4769,341.356246
4770,341.369456
4771,341.384902
4772,341.403166
4773,341.424967
4774,341.451194
4775,341.482939
4776,341.52151
4777,341.568382
4778,341.624885
4779,341.683488
4780,341.728052
4781,341.761365
4782,341.785245
4783,341.800987
4784,341.809527
4785,341.81152
4786,341.807376
4787,341.797286
4788,341.781231
4789,341.758977
4790,341.73006
4791,341.693754
4792,341.649011
4793,341.594314
4794,341.527313
4795,341.454422
4796,341.393009
4797,341.34196
4798,341.300017
4799,341.266143
4800,341.149621
4801,341.154664
4802,341.159991
4803,341.165591
4804,341.171448
4805,341.177547
4806,341.18387
4807,341.190401
4808,341.197119
4809,341.204004
4810,341.211033
4811,341.218183
4812,341.225427
4813,341.232737
4814,341.240081
4815,341.247429
4816,341.254749
4817,341.262011
4818,341.269191
4819,341.276268
4820,341.28323
4821,341.290075
4822,341.296809
4823,341.303451
4824,341.310029
4825,341.316589
4826,341.323191
4827,341.329914
4828,341.336862
4829,341.344164
4830,341.35198
4831,341.360511
4832,341.370004
4833,341.380759
4834,341.393147
4835,341.407621
4836,341.424742
4837,341.445207
4838,341.469882
4839,341.499846
4840,341.536412
4841,341.581089
4842,341.635283
4843,341.691605
4844,341.734041
4845,341.765428
4846,341.787618
4847,341.801922
4848,341.809273
4849,341.810318
4850,341.805461
4851,341.794888
4852,341.778581
4853,341.756309
4854,341.727615
4855,341.691775
4856,341.647726
4857,341.593918
4858,341.527935
4859,341.456089
4860,341.395596
4861,341.345243
4862,341.30371
4863,341.269936
4864,341.164299
4865,341.170133
4866,341.176226
4867,341.182566
4868,341.18914
4869,341.195935
4870,341.202936
4871,341.210129
4872,341.217498
4873,341.225024
4874,341.232688
4875,341.240467
4876,341.248334
4877,341.256258
4878,341.264205
4879,341.272137
4880,341.280016
4881,341.287803
4882,341.295464
4883,341.302973
4884,341.310311
4885,341.317469
4886,341.32445
4887,341.331267
4888,341.337947
4889,341.344529
4890,341.351069
4891,341.357642
4892,341.364344
4893,341.3713
4894,341.378665
4895,341.386631
4896,341.395434
4897,341.405363
4898,341.41677
4899,341.430085
4900,341.445839
4901,341.46469
4902,341.487467
4903,341.515214
4904,341.549231
4905,341.59106
4906,341.642214
4907,341.695531
4908,341.735202
4909,341.764143
4910,341.784244
4911,341.796813
4912,341.802765
4913,341.802726
4914,341.797082
4915,341.786012
4916,341.769501
4917,341.747328
4918,341.719055
4919,341.683974
4920,341.641026
4921,341.588632
4922,341.52429
4923,341.454147
4924,341.395168
4925,341.345988
4926,341.305214
4927,341.271764
4928,341.178941
4929,341.185569
4930,341.192433
4931,341.199524
4932,341.206831
4933,341.214341
4934,341.222044
4935,341.229928
4936,341.237982
4937,341.24619
4938,341.254535
4939,341.262996
4940,341.271547
4941,341.280153
4942,341.288776
4943,341.297368
4944,341.305881
4945,341.314264
4946,341.322473
4947,341.330469
4948,341.338228
4949,341.345735
4950,341.352986
4951,341.359991
4952,341.366771
4953,341.373362
4954,341.379814
4955,341.386196
4956,341.392598
4957,341.399138
4958,341.405964
4959,341.41326
4960,341.421253
4961,341.430219
4962,341.440488
4963,341.45246
4964,341.466623
4965,341.483581
4966,341.504097
4967,341.529145
4968,341.559971
4969,341.59812
4970,341.645243
4971,341.694552
4972,341.730622
4973,341.756486
4974,341.774044
4975,341.784559
4976,341.788895
4977,341.787632
4978,341.781127
4979,341.769546
4980,341.752876
4981,341.730922
4982,341.70328
4983,341.66929
4984,341.627938
4985,341.577648
4986,341.515823
4987,341.448324
4988,341.39167
4989,341.344271
4990,341.304667
4991,341.271786
4992,341.193579
4993,341.201003
4994,341.208646
4995,341.216499
4996,341.224551
4997,341.232795
4998,341.241224
4999,341.249829
5000,341.258602
5001,341.267534
5002,341.276611
5003,341.285815
5004,341.29512
5005,341.30449
5006,341.313878
5007,341.323226
5008,341.33247
5009,341.341542
5010,341.35038
5011,341.358936
5012,341.367174
5013,341.375072
5014,341.382623
5015,341.389832
5016,341.396717
5017,341.403307
5018,341.409647
5019,341.415797
5020,341.421842
5021,341.42789
5022,341.434083
5023,341.440598
5024,341.447655
5025,341.455517
5026,341.464493
5027,341.474946
5028,341.487311
5029,341.502114
5030,341.520016
5031,341.541864
5032,341.568766
5033,341.602169
5034,341.64383
5035,341.687631
5036,341.718981
5037,341.741021
5038,341.755548
5039,341.763691
5040,341.766202
5041,341.763583
5042,341.756142
5043,341.74403
5044,341.727239
5045,341.705608
5046,341.678799
5047,341.646247
5048,341.60706
5049,341.559777
5050,341.501767
5051,341.438371
5052,341.385169
5053,341.340299
5054,341.302322
5055,341.270258
5056,341.208239
5057,341.216464
5058,341.224893
5059,341.233518
5060,341.242331
5061,341.251328
5062,341.260504
5063,341.269858
5064,341.279387
5065,341.289087
5066,341.298951
5067,341.308966
5068,341.319107
5069,341.329339
5070,341.339605
5071,341.349833
5072,341.359934
5073,341.369814
5074,341.379389
5075,341.388593
5076,341.39738
5077,341.405724
5078,341.413614
5079,341.421051
5080,341.428049
5081,341.434631
5082,341.440836
5083,341.446714
5084,341.452341
5085,341.457815
5086,341.463271
5087,341.468882
5088,341.474865
5089,341.481477
5090,341.489007
5091,341.497782
5092,341.50817
5093,341.520601
5094,341.535595
5095,341.553796
5096,341.576028
5097,341.603379
5098,341.637364
5099,341.673089
5100,341.698248
5101,341.715667
5102,341.726706
5103,341.732195
5104,341.732699
5105,341.728603
5106,341.720157
5107,341.707482
5108,341.690585
5109,341.66935
5110,341.643529
5111,341.612714
5112,341.576263
5113,341.533096
5114,341.480976
5115,341.424249
5116,341.376034
5117,341.334517
5118,341.298599
5119,341.267565
5120,341.222951
5121,341.231982
5122,341.241205
5123,341.250612
5124,341.260199
5125,341.269964
5126,341.27991
5127,341.290041
5128,341.30036
5129,341.310874
5130,341.321583
5131,341.332484
5132,341.343558
5133,341.354771
5134,341.36606
5135,341.37733
5136,341.388456
5137,341.399302
5138,341.409749
5139,341.419712
5140,341.429135
5141,341.43799
5142,341.446264
5143,341.453959
5144,341.461084
5145,341.467657
5146,341.473707
5147,341.479274
5148,341.484419
5149,341.489228
5150,341.493828
5151,341.498391
5152,341.503139
5153,341.50834
5154,341.514275
5155,341.521233
5156,341.529512
5157,341.539432
5158,341.551348
5159,341.565645
5160,341.582711
5161,341.602779
5162,341.6254
5163,341.647595
5164,341.665023
5165,341.677218
5166,341.684445
5167,341.687067
5168,341.68541
5169,341.679727
5170,341.670193
5171,341.656906
5172,341.639883
5173,341.619063
5174,341.594303
5175,341.565384
5176,341.532027
5177,341.493974
5178,341.451382
5179,341.40685
5180,341.365297
5181,341.327723
5182,341.294109
5183,341.264213
5184,341.237742
5185,341.247584
5186,341.257607
5187,341.267806
5188,341.278179
5189,341.28873
5190,341.299465
5191,341.310397
5192,341.321541
5193,341.332913
5194,341.344528
5195,341.356395
5196,341.368512
5197,341.380851
5198,341.393346
5199,341.405876
5200,341.41826
5201,341.430283
5202,341.441777
5203,341.452634
5204,341.462796
5205,341.472236
5206,341.480948
5207,341.488935
5208,341.496207
5209,341.502775
5210,341.508656
5211,341.513874
5212,341.518472
5213,341.522516
5214,341.526119
5215,341.529452
5216,341.532765
5217,341.536366
5218,341.540551
5219,341.545577
5220,341.551671
5221,341.559041
5222,341.567886
5223,341.57837
5224,341.590566
5225,341.604303
5226,341.618859
5227,341.63256
5228,341.643461
5229,341.650765
5230,341.65428
5231,341.654058
5232,341.650227
5233,341.642925
5234,341.632263
5235,341.618313
5236,341.601106
5237,341.580629
5238,341.556838
5239,341.529677
5240,341.499132
5241,341.465354
5242,341.428946
5243,341.391475
5244,341.35515
5245,341.321061
5246,341.289585
5247,341.260774
5248,341.252637
5249,341.263298
5250,341.27413
5251,341.285129
5252,341.296299
5253,341.307648
5254,341.319189
5255,341.330945
5256,341.342943
5257,341.355213
5258,341.367791
5259,341.380708
5260,341.393986
5261,341.40762
5262,341.421556
5263,341.435648
5264,341.449624
5265,341.463114
5266,341.475874
5267,341.487784
5268,341.498796
5269,341.508902
5270,341.518111
5271,341.526433
5272,341.533878
5273,341.540453
5274,341.546159
5275,341.551
5276,341.554987
5277,341.558157
5278,341.560591
5279,341.562457
5280,341.564053
5281,341.565812
5282,341.568077
5283,341.571077
5284,341.574962
5285,341.579834
5286,341.585758
5287,341.59274
5288,341.600684
5289,341.609291
5290,341.617942
5291,341.625647
5292,341.631358
5293,341.634424
5294,341.634546
5295,341.631628
5296,341.625684
5297,341.616768
5298,341.604944
5299,341.590269
5300,341.572782
5301,341.552513
5302,341.529486
5303,341.503752
5304,341.475436
5305,341.444822
5306,341.412489
5307,341.379417
5308,341.346779
5309,341.315385
5310,341.285657
5311,341.25776
5312,341.267666
5313,341.279153
5314,341.290801
5315,341.30261
5316,341.314585
5317,341.326741
5318,341.339101
5319,341.351698
5320,341.364572
5321,341.377774
5322,341.391364
5323,341.405405
5324,341.419961
5325,341.435075
5326,341.450739
5327,341.466815
5328,341.482907
5329,341.498258
5330,341.512546
5331,341.52568
5332,341.537658
5333,341.548511
5334,341.558275
5335,341.566977
5336,341.574631
5337,341.581235
5338,341.586775
5339,341.591225
5340,341.594555
5341,341.596743
5342,341.597811
5343,341.597882
5344,341.597318
5345,341.5969
5346,341.597054
5347,341.597957
5348,341.599659
5349,341.60215
5350,341.605384
5351,341.609259
5352,341.613593
5353,341.618074
5354,341.622221
5355,341.625397
5356,341.626961
5357,341.626437
5358,341.62354
5359,341.618131
5360,341.610168
5361,341.599661
5362,341.586646
5363,341.571169
5364,341.55328
5365,341.533035
5366,341.510505
5367,341.485795
5368,341.459084
5369,341.430669
5370,341.401015
5371,341.370767
5372,341.340633
5373,341.311177
5374,341.282759
5375,341.255559
5376,341.282859
5377,341.29518
5378,341.307652
5379,341.320276
5380,341.333064
5381,341.346034
5382,341.35922
5383,341.372666
5384,341.386429
5385,341.400583
5386,341.415217
5387,341.430437
5388,341.446364
5389,341.463127
5390,341.480831
5391,341.499465
5392,341.518589
5393,341.536317
5394,341.552408
5395,341.56692
5396,341.579961
5397,341.591631
5398,341.602005
5399,341.611134
5400,341.619038
5401,341.625711
5402,341.631115
5403,341.63519
5404,341.637847
5405,341.638982
5406,341.638488
5407,341.63633
5408,341.632794
5409,341.629742
5410,341.627601
5411,341.626382
5412,341.62598
5413,341.626261
5414,341.627072
5415,341.628236
5416,341.629528
5417,341.630652
5418,341.63123
5419,341.630824
5420,341.629005
5421,341.625427
5422,341.619855
5423,341.612157
5424,341.602273
5425,341.590196
5426,341.575951
5427,341.559583
5428,341.54115
5429,341.520724
5430,341.498402
5431,341.474313
5432,341.448643
5433,341.421659
5434,341.393722
5435,341.365275
5436,341.336784
5437,341.308644
5438,341.281134
5439,341.254416
5440,341.298251
5441,341.311415
5442,341.324718
5443,341.338164
5444,341.351767
5445,341.365554
5446,341.379567
5447,341.393862
5448,341.408514
5449,341.423622
5450,341.439306
5451,341.45572
5452,341.473056
5453,341.491553
5454,341.511512
5455,341.533309
5456,341.557391
5457,341.578006
5458,341.596071
5459,341.612042
5460,341.626199
5461,341.63873
5462,341.64976
5463,341.659363
5464,341.66757
5465,341.674367
5466,341.679696
5467,341.683456
5468,341.685491
5469,341.685588
5470,341.68345
5471,341.678634
5472,341.670358
5473,341.664216
5474,341.659716
5475,341.656453
5476,341.654101
5477,341.652384
5478,341.651057
5479,341.649879
5480,341.648602
5481,341.646948
5482,341.644609
5483,341.641264
5484,341.636605
5485,341.630383
5486,341.622415
5487,341.612593
5488,341.600864
5489,341.587223
5490,341.571696
5491,341.554332
5492,341.535198
5493,341.514378
5494,341.491979
5495,341.468137
5496,341.443027
5497,341.416877
5498,341.389967
5499,341.362613
5500,341.335139
5501,341.307827
5502,341.28089
5503,341.254458
5504,341.31388
5505,341.327899
5506,341.34204
5507,341.356311
5508,341.370731
5509,341.385332
5510,341.400165
5511,341.415299
5512,341.430828
5513,341.44687
5514,341.463581
5515,341.481158
5516,341.499856
5517,341.52001
5518,341.54207
5519,341.566649
5520,341.594594
5521,341.617772
5522,341.637684
5523,341.655054
5524,341.6703
5525,341.683689
5526,341.695391
5527,341.705505
5528,341.714069
5529,341.721066
5530,341.726416
5531,341.729979
5532,341.731542
5533,341.730793
5534,341.727281
5535,341.720292
5536,341.708531
5537,341.699835
5538,341.693292
5539,341.688241
5540,341.684182
5541,341.680727
5542,341.677552
5543,341.674369
5544,341.670913
5545,341.666919
5546,341.662128
5547,341.656289
5548,341.649174
5549,341.640601
5550,341.630437
5551,341.618604
5552,341.60507
5553,341.589843
5554,341.57296
5555,341.554478
5556,341.534475
5557,341.513044
5558,341.490297
5559,341.466366
5560,341.441414
5561,341.415628
5562,341.38923
5563,341.362453
5564,341.335531
5565,341.308671
5566,341.282033
5567,341.255719
5568,341.329794
5569,341.344678
5570,341.359665
5571,341.374765
5572,341.389999
5573,341.405407
5574,341.421048
5575,341.437002
5576,341.453379
5577,341.470319
5578,341.488004
5579,341.506668
5580,341.526615
5581,341.548239
5582,341.572055
5583,341.598717
5584,341.628948
5585,341.654076
5586,341.675558
5587,341.694191
5588,341.710461
5589,341.724686
5590,341.737071
5591,341.747737
5592,341.756729
5593,341.764022
5594,341.769523
5595,341.773059
5596,341.774369
5597,341.773077
5598,341.768648
5599,341.760296
5600,341.746778
5601,341.736395
5602,341.728335
5603,341.721871
5604,341.716423
5605,341.711524
5606,341.706794
5607,341.701913
5608,341.696601
5609,341.690604
5610,341.683695
5611,341.675671
5612,341.666359
5613,341.655627
5614,341.643389
5615,341.629599
5616,341.614254
5617,341.597382
5618,341.579037
5619,341.559293
5620,341.53824
5621,341.515979
5622,341.492625
5623,341.468307
5624,341.443169
5625,341.417371
5626,341.391087
5627,341.364497
5628,341.337775
5629,341.311073
5630,341.284513
5631,341.258173
5632,341.346046
5633,341.361809
5634,341.377651
5635,341.393581
5636,341.409625
5637,341.425829
5638,341.442258
5639,341.459005
5640,341.47619
5641,341.493973
5642,341.512558
5643,341.532207
5644,341.553255
5645,341.576128
5646,341.601362
5647,341.629595
5648,341.661442
5649,341.688056
5650,341.710832
5651,341.730569
5652,341.747781
5653,341.762813
5654,341.775895
5655,341.787162
5656,341.796666
5657,341.804378
5658,341.81019
5659,341.813908
5660,341.815235
5661,341.813754
5662,341.80889
5663,341.799843
5664,341.78543
5665,341.774071
5666,341.765033
5667,341.757585
5668,341.751103
5669,341.745076
5670,341.739085
5671,341.732786
5672,341.725889
5673,341.71815
5674,341.709362
5675,341.699358
5676,341.688007
5677,341.675222
5678,341.660954
5679,341.645197
5680,341.627979
5681,341.609357
5682,341.58941
5683,341.568233
5684,341.54593
5685,341.522613
5686,341.498402
5687,341.473421
5688,341.447799
5689,341.421675
5690,341.395189
5691,341.36848
5692,341.341679
5693,341.314903
5694,341.288242
5695,341.261756
5696,341.362702
5697,341.379361
5698,341.396066
5699,341.412828
5700,341.429677
5701,341.446662
5702,341.463855
5703,341.481357
5704,341.499301
5705,341.517861
5706,341.537258
5707,341.557774
5708,341.579763
5709,341.60367
5710,341.630036
5711,341.659476
5712,341.692547
5713,341.720317
5714,341.744152
5715,341.764841
5716,341.782909
5717,341.798717
5718,341.812511
5719,341.824436
5720,341.83455
5721,341.842823
5722,341.849139
5723,341.853282
5724,341.854932
5725,341.853645
5726,341.848819
5727,341.839646
5728,341.824964
5729,341.81323
5730,341.803736
5731,341.795746
5732,341.78861
5733,341.781784
5734,341.774825
5735,341.767367
5736,341.759116
5737,341.749834
5738,341.739332
5739,341.727471
5740,341.714156
5741,341.699337
5742,341.683009
5743,341.665204
5744,341.645989
5745,341.625458
5746,341.603722
5747,341.580902
5748,341.557123
5749,341.532513
5750,341.507194
5751,341.481289
5752,341.454917
5753,341.428197
5754,341.401243
5755,341.374166
5756,341.347063
5757,341.320024
5758,341.293115
5759,341.26638
5760,341.379841
5761,341.397415
5762,341.414994
5763,341.432592
5764,341.450238
5765,341.467986
5766,341.485914
5767,341.504129
5768,341.522775
5769,341.542036
5770,341.562147
5771,341.583404
5772,341.606177
5773,341.630919
5774,341.658173
5775,341.688543
5776,341.722557
5777,341.751234
5778,341.775931
5779,341.797437
5780,341.81628
5781,341.832835
5782,341.847358
5783,341.860007
5784,341.870845
5785,341.879845
5786,341.886881
5787,341.891728
5788,341.894043
5789,341.893358
5790,341.889048
5791,341.880285
5792,341.865907
5793,341.854359
5794,341.844927
5795,341.836854
5796,341.829461
5797,341.82218
5798,341.814542
5799,341.806169
5800,341.796762
5801,341.786088
5802,341.773974
5803,341.760307
5804,341.745023
5805,341.728111
5806,341.70961
5807,341.689598
5808,341.668189
5809,341.645523
5810,341.621753
5811,341.597034
5812,341.57152
5813,341.545354
5814,341.518668
5815,341.491583
5816,341.464211
5817,341.436653
5818,341.409003
5819,341.381345
5820,341.353755
5821,341.326295
5822,341.299015
5823,341.271944
5824,341.39756
5825,341.416071
5826,341.434539
5827,341.452975
5828,341.471411
5829,341.489902
5830,341.508532
5831,341.527413
5832,341.546696
5833,341.566576
5834,341.587296
5835,341.609166
5836,341.632565
5837,341.657956
5838,341.685886
5839,341.716955
5840,341.751683
5841,341.78106
5842,341.806452
5843,341.82865
5844,341.848194
5845,341.865469
5846,341.880745
5847,341.894193
5848,341.905885
5849,341.915797
5850,341.923804
5851,341.929668
5852,341.933031
5853,341.933398
5854,341.930112
5855,341.922318
5856,341.908828
5857,341.898048
5858,341.88922
5859,341.881551
5860,341.874327
5861,341.86695
5862,341.85893
5863,341.849876
5864,341.839483
5865,341.827527
5866,341.813848
5867,341.798356
5868,341.78102
5869,341.761871
5870,341.740994
5871,341.718524
5872,341.694636
5873,341.669527
5874,341.643404
5875,341.616471
5876,341.588913
5877,341.560898
5878,341.532567
5879,341.504043
5880,341.475427
5881,341.446806
5882,341.418253
5883,341.389831
5884,341.361592
5885,341.333579
5886,341.305823
5887,341.27834
5888,341.415974
5889,341.435451
5890,341.454824
5891,341.474104
5892,341.493322
5893,341.512537
5894,341.531833
5895,341.551328
5896,341.571179
5897,341.591587
5898,341.612807
5899,341.635156
5900,341.659024
5901,341.684882
5902,341.713287
5903,341.744846
5904,341.78008
5905,341.809973
5906,341.835904
5907,341.858678
5908,341.878849
5909,341.89682
5910,341.912877
5911,341.927207
5912,341.939897
5913,341.950933
5914,341.960193
5915,341.967434
5916,341.972281
5917,341.974209
5918,341.972523
5919,341.966316
5920,341.954369
5921,341.944997
5922,341.937376
5923,341.930651
5924,341.924064
5925,341.91698
5926,341.908885
5927,341.899377
5928,341.88815
5929,341.874983
5930,341.859732
5931,341.842329
5932,341.822776
5933,341.801148
5934,341.777588
5935,341.7523
5936,341.725534
5937,341.697568
5938,341.668682
5939,341.63914
5940,341.609172
5941,341.578971
5942,341.548692
5943,341.518454
5944,341.48835
5945,341.458448
5946,341.428801
5947,341.399449
5948,341.37042
5949,341.341738
5950,341.313416
5951,341.285456
5952,341.435224
5953,341.455703
5954,341.476003
5955,341.496134
5956,341.516129
5957,341.536045
5958,341.555969
5959,341.576022
5960,341.596366
5961,341.617207
5962,341.638809
5963,341.661495
5964,341.685668
5965,341.711811
5966,341.740491
5967,341.77233
5968,341.807867
5969,341.83809
5970,341.864404
5971,341.887635
5972,341.908358
5973,341.926997
5974,341.943864
5975,341.959166
5976,341.973014
5977,341.98541
5978,341.996244
5979,342.005274
5980,342.012111
5981,342.016197
5982,342.016784
5983,342.012899
5984,342.003262
5985,341.996052
5986,341.990338
5987,341.98518
5988,341.979757
5989,341.973393
5990,341.965552
5991,341.955821
5992,341.943892
5993,341.929551
5994,341.912668
5995,341.893195
5996,341.871167
5997,341.846709
5998,341.82003
5999,341.791422
6000,341.761238
6001,341.729866
6002,341.697686
6003,341.665041
6004,341.632219
6005,341.599442
6006,341.566875
6007,341.534633
6008,341.502791
6009,341.471394
6010,341.440471
6011,341.410035
6012,341.380091
6013,341.350638
6014,341.321671
6015,341.29318
6016,341.455483
6017,341.477004
6018,341.498259
6019,341.519255
6020,341.540022
6021,341.560617
6022,341.581129
6023,341.601681
6024,341.622436
6025,341.643608
6026,341.665463
6027,341.688337
6028,341.712639
6029,341.738868
6030,341.767609
6031,341.799507
6032,341.835126
6033,341.865481
6034,341.892007
6035,341.915562
6036,341.936749
6037,341.956022
6038,341.973722
6039,341.990091
6040,342.005266
6041,342.019282
6042,342.032052
6043,342.043346
6044,342.052769
6045,342.05973
6046,342.063412
6047,342.062747
6048,342.056368
6049,342.052242
6050,342.049281
6051,342.046427
6052,342.042779
6053,342.037618
6054,342.030388
6055,342.020669
6056,342.008157
6057,341.992645
6058,341.974015
6059,341.952235
6060,341.927372
6061,341.899598
6062,341.869204
6063,341.836592
6064,341.802261
6065,341.766753
6066,341.730589
6067,341.694224
6068,341.658009
6069,341.622202
6070,341.586968
6071,341.552408
6072,341.518568
6073,341.485466
6074,341.453093
6075,341.421431
6076,341.390457
6077,341.360144
6078,341.330466
6079,341.301396
6080,341.476957
6081,341.499573
6082,341.521818
6083,341.543695
6084,341.565234
6085,341.586488
6086,341.607547
6087,341.628534
6088,341.649614
6089,341.671003
6090,341.692973
6091,341.715866
6092,341.740104
6093,341.766198
6094,341.794759
6095,341.82646
6096,341.861907
6097,341.892164
6098,341.918705
6099,341.942427
6100,341.96397
6101,341.983826
6102,342.002374
6103,342.019896
6104,342.036575
6105,342.052491
6106,342.067599
6107,342.081703
6108,342.094418
6109,342.105124
6110,342.112928
6111,342.116628
6112,342.114717
6113,342.114844
6114,342.115687
6115,342.116027
6116,342.114871
6117,342.111459
6118,342.105229
6119,342.095767
6120,342.08278
6121,342.066069
6122,342.045521
6123,342.021116
6124,341.992938
6125,341.961205
6126,341.926293
6127,341.888751
6128,341.849282
6129,341.808661
6130,341.76762
6131,341.726756
6132,341.686502
6133,341.647137
6134,341.608815
6135,341.571601
6136,341.535501
6137,341.500482
6138,341.466493
6139,341.433476
6140,341.401369
6141,341.370118
6142,341.339672
6143,341.309986
6144,341.499899
6145,341.523674
6146,341.546953
6147,341.569737
6148,341.59205
6149,341.613945
6150,341.635508
6151,341.656861
6152,341.678172
6153,341.699656
6154,341.721589
6155,341.744316
6156,341.768269
6157,341.793975
6158,341.82207
6159,341.853269
6160,341.888236
6161,341.918112
6162,341.944426
6163,341.968122
6164,341.989884
6165,342.010246
6166,342.029634
6167,342.048384
6168,342.066739
6169,342.084846
6170,342.102729
6171,342.120258
6172,342.137094
6173,342.152616
6174,342.165848
6175,342.175408
6176,342.179563
6177,342.185468
6178,342.191446
6179,342.196063
6180,342.198236
6181,342.197192
6182,342.192385
6183,342.183434
6184,342.170068
6185,342.152099
6186,342.129415
6187,342.101982
6188,342.069882
6189,342.033355
6190,341.99286
6191,341.949126
6192,341.903158
6193,341.856107
6194,341.80902
6195,341.762688
6196,341.717622
6197,341.674099
6198,341.63223
6199,341.592014
6200,341.553388
6201,341.516251
6202,341.480493
6203,341.446002
6204,341.412676
6205,341.380422
6206,341.349163
6207,341.31883
6208,341.524617
6209,341.549628
6210,341.573997
6211,341.597721
6212,341.620817
6213,341.643336
6214,341.66536
6215,341.68701
6216,341.708451
6217,341.729897
6218,341.751623
6219,341.773977
6220,341.797394
6221,341.822415
6222,341.8497
6223,341.880014
6224,341.914103
6225,341.943242
6226,341.969026
6227,341.992454
6228,342.014257
6229,342.035014
6230,342.055207
6231,342.075232
6232,342.095414
6233,342.115993
6234,342.137103
6235,342.158731
6236,342.180646
6237,342.202287
6238,342.22263
6239,342.240062
6240,342.252463
6241,342.266188
6242,342.278999
6243,342.289204
6244,342.295671
6245,342.29767
6246,342.294734
6247,342.28655
6248,342.272891
6249,342.253585
6250,342.228501
6251,342.197567
6252,342.160813
6253,342.118445
6254,342.070966
6255,342.019308
6256,341.964925
6257,341.909635
6258,341.854979
6259,341.801986
6260,341.75121
6261,341.702871
6262,341.656975
6263,341.613409
6264,341.572002
6265,341.532563
6266,341.4949
6267,341.458837
6268,341.424219
6269,341.390911
6270,341.358804
6271,341.327806
6272,341.551483
6273,341.577826
6274,341.603356
6275,341.628062
6276,341.651958
6277,341.675089
6278,341.697532
6279,341.719405
6280,341.740868
6281,341.762131
6282,341.783466
6283,341.805215
6284,341.827811
6285,341.851798
6286,341.877851
6287,341.906788
6288,341.939466
6289,341.967403
6290,341.992277
6291,342.015137
6292,342.036755
6293,342.057755
6294,342.078672
6295,342.099979
6296,342.122098
6297,342.145394
6298,342.170162
6299,342.19658
6300,342.224627
6301,342.253938
6302,342.283561
6303,342.31165
6304,342.335401
6305,342.359749
6306,342.381545
6307,342.398874
6308,342.410689
6309,342.416435
6310,342.415815
6311,342.408643
6312,342.394766
6313,342.37403
6314,342.346267
6315,342.311317
6316,342.269079
6317,342.219617
6318,342.163353
6319,342.101363
6320,342.035762
6321,341.969703
6322,341.905511
6323,341.844434
6324,341.786958
6325,341.73312
6326,341.682728
6327,341.635489
6328,341.591079
6329,341.549181
6330,341.509505
6331,341.471795
6332,341.435833
6333,341.401437
6334,341.368462
6335,341.336788
6336,341.580954
6337,341.608745
6338,341.635523
6339,341.661269
6340,341.68599
6341,341.709724
6342,341.732545
6343,341.754564
6344,341.775935
6345,341.796862
6346,341.817606
6347,341.838498
6348,341.859956
6349,341.882507
6350,341.906818
6351,341.933729
6352,341.964235
6353,341.990357
6354,342.013851
6355,342.035783
6356,342.05694
6357,342.077977
6358,342.099486
6359,342.122021
6360,342.14612
6361,342.172307
6362,342.201088
6363,342.232924
6364,342.26816
6365,342.306867
6366,342.348494
6367,342.391198
6368,342.431026
6369,342.469888
6370,342.503281
6371,342.529398
6372,342.547609
6373,342.557761
6374,342.559856
6375,342.553909
6376,342.539874
6377,342.517621
6378,342.486918
6379,342.447457
6380,342.398894
6381,342.340961
6382,342.273709
6383,342.198039
6384,342.116812
6385,342.036409
6386,341.960234
6387,341.889501
6388,341.824328
6389,341.764359
6390,341.709067
6391,341.657893
6392,341.61031
6393,341.565843
6394,341.524082
6395,341.484679
6396,341.447346
6397,341.411847
6398,341.377997
6399,341.34565
6400,341.613583
6401,341.642966
6402,341.6711
6403,341.697958
6404,341.72354
6405,341.747877
6406,341.771037
6407,341.793124
6408,341.814283
6409,341.83471
6410,341.854651
6411,341.874418
6412,341.8944
6413,341.915079
6414,341.937058
6415,341.961102
6416,341.988246
6417,342.01176
6418,342.033323
6419,342.053914
6420,342.074283
6421,342.095099
6422,342.117004
6423,342.140641
6424,342.166674
6425,342.195812
6426,342.228819
6427,342.266528
6428,342.309822
6429,342.359556
6430,342.416268
6431,342.479169
6432,342.54324
6433,342.601766
6434,342.649516
6435,342.685928
6436,342.711391
6437,342.726447
6438,342.731547
6439,342.726977
6440,342.712831
6441,342.689
6442,342.655168
6443,342.610819
6444,342.55524
6445,342.487578
6446,342.406988
6447,342.313173
6448,342.208537
6449,342.108882
6450,342.018028
6451,341.936174
6452,341.862489
6453,341.795923
6454,341.73546
6455,341.680194
6456,341.629346
6457,341.582261
6458,341.53839
6459,341.497286
6460,341.458582
6461,341.421987
6462,341.387272
6463,341.354262
6464,341.650049
6465,341.681197
6466,341.710821
6467,341.738883
6468,341.765376
6469,341.790323
6470,341.813786
6471,341.835861
6472,341.856684
6473,341.876438
6474,341.895353
6475,341.913719
6476,341.931885
6477,341.950266
6478,341.96933
6479,341.989549
6480,342.011169
6481,342.031192
6482,342.050265
6483,342.069067
6484,342.088269
6485,342.108544
6486,342.13058
6487,342.155111
6488,342.182936
6489,342.21496
6490,342.252231
6491,342.295997
6492,342.347782
6493,342.409498
6494,342.48361
6495,342.573091
6496,342.678357
6497,342.761874
6498,342.825958
6499,342.873484
6500,342.906584
6501,342.926747
6502,342.934968
6503,342.931841
6504,342.917611
6505,342.892193
6506,342.855174
6507,342.805793
6508,342.742899
6509,342.664858
6510,342.569346
6511,342.452762
6512,342.308317
6513,342.184104
6514,342.076631
6515,341.982856
6516,341.900303
6517,341.82698
6518,341.761281
6519,341.701908
6520,341.647808
6521,341.598128
6522,341.552179
6523,341.509405
6524,341.469363
6525,341.431701
6526,341.396149
6527,341.362501
6528,341.691181
6529,341.724308
6530,341.755585
6531,341.784966
6532,341.812434
6533,341.838009
6534,341.861742
6535,341.883723
6536,341.904078
6537,341.922977
6538,341.940634
6539,341.957316
6540,341.973339
6541,341.989063
6542,342.00486
6543,342.021031
6544,342.037589
6545,342.053834
6546,342.069988
6547,342.086567
6548,342.104193
6549,342.123549
6550,342.145378
6551,342.170498
6552,342.199843
6553,342.234504
6554,342.275801
6555,342.32537
6556,342.385298
6557,342.458336
6558,342.548236
6559,342.660295
6560,342.801509
6561,342.906325
6562,342.984882
6563,343.04258
6564,343.0828
6565,343.107771
6566,343.118946
6567,343.117194
6568,343.102895
6569,343.075982
6570,343.035947
6571,342.981799
6572,342.911979
6573,342.824155
6574,342.714773
6575,342.577868
6576,342.401633
6577,342.255639
6578,342.132668
6579,342.027531
6580,341.936451
6581,341.856612
6582,341.785863
6583,341.722532
6584,341.665304
6585,341.613136
6586,341.565198
6587,341.520831
6588,341.479513
6589,341.440838
6590,341.404493
6591,341.370242
6592,341.737997
6593,341.77336
6594,341.80649
6595,341.837331
6596,341.865859
6597,341.892088
6598,341.916063
6599,341.937865
6600,341.957612
6601,341.97546
6602,341.991608
6603,342.006306
6604,342.019852
6605,342.032587
6606,342.04487
6607,342.057026
6608,342.069265
6609,342.081655
6610,342.094544
6611,342.108467
6612,342.124069
6613,342.14207
6614,342.163266
6615,342.18856
6616,342.218997
6617,342.255832
6618,342.300609
6619,342.355279
6620,342.422355
6621,342.505152
6622,342.608085
6623,342.736928
6624,342.89827
6625,343.018632
6626,343.108828
6627,343.175117
6628,343.221527
6629,343.250751
6630,343.264568
6631,343.26405
6632,343.249683
6633,343.221414
6634,343.178655
6635,343.120235
6636,343.044289
6637,342.94803
6638,342.82728
6639,342.675418
6640,342.48084
6641,342.318947
6642,342.183338
6643,342.068382
6644,341.969694
6645,341.883937
6646,341.808556
6647,341.741576
6648,341.681455
6649,341.626984
6650,341.577204
6651,341.531363
6652,341.488867
6653,341.449256
6654,341.412179
6655,341.377372
6656,341.791746
6657,341.829661
6658,341.864886
6659,341.897358
6660,341.92705
6661,341.95397
6662,341.978161
6663,341.999697
6664,342.018683
6665,342.035264
6666,342.049623
6667,342.061996
6668,342.072678
6669,342.082021
6670,342.09043
6671,342.098341
6672,342.106188
6673,342.114416
6674,342.123578
6675,342.134323
6676,342.147367
6677,342.163487
6678,342.183537
6679,342.208484
6680,342.239464
6681,342.277851
6682,342.325356
6683,342.384143
6684,342.456989
6685,342.547489
6686,342.660246
6687,342.800878
6688,342.975081
6689,343.106494
6690,343.205584
6691,343.278749
6692,343.330262
6693,343.363061
6694,343.379121
6695,343.379652
6696,343.365213
6697,343.335759
6698,343.290644
6699,343.228576
6700,343.147503
6701,343.044404
6702,342.914884
6703,342.752306
6704,342.545635
6705,342.372381
6706,342.227049
6707,342.104133
6708,341.999058
6709,341.908215
6710,341.828792
6711,341.758598
6712,341.695916
6713,341.639396
6714,341.587975
6715,341.540818
6716,341.497269
6717,341.456822
6718,341.419089
6719,341.383784
6720,341.85397
6721,341.894817
6722,341.932429
6723,341.966737
6724,341.997716
6725,342.025377
6726,342.049762
6727,342.070938
6728,342.088999
6729,342.104069
6730,342.116317
6731,342.125962
6732,342.133297
6733,342.138705
6734,342.142666
6735,342.145763
6736,342.148663
6737,342.152099
6738,342.156856
6739,342.163742
6740,342.173572
6741,342.187188
6742,342.205486
6743,342.229478
6744,342.260355
6745,342.299566
6746,342.348921
6747,342.410708
6748,342.487838
6749,342.584002
6750,342.70379
6751,342.852552
6752,343.035333
6753,343.174473
6754,343.280086
6755,343.358478
6756,343.413972
6757,343.449607
6758,343.467462
6759,343.468828
6760,343.454309
6761,343.423864
6762,343.376813
6763,343.31179
6764,343.226645
6765,343.118265
6766,342.982225
6767,342.812018
6768,342.596989
6769,342.415651
6770,342.263095
6771,342.13403
6772,342.023866
6773,341.928881
6774,341.846115
6775,341.773231
6776,341.708388
6777,341.650132
6778,341.597315
6779,341.549035
6780,341.504585
6781,341.46342
6782,341.425122
6783,341.389386
6784,341.926571
6785,341.97081
6786,342.011154
6787,342.047538
6788,342.079951
6789,342.108413
6790,342.132972
6791,342.153689
6792,342.170643
6793,342.183934
6794,342.1937
6795,342.200133
6796,342.203517
6797,342.204257
6798,342.202922
6799,342.20027
6800,342.197241
6801,342.194891
6802,342.194284
6803,342.196423
6804,342.202236
6805,342.212612
6806,342.22847
6807,342.250828
6808,342.280891
6809,342.320133
6810,342.370407
6811,342.434049
6812,342.514014
6813,342.613999
6814,342.738512
6815,342.892668
6816,343.081099
6817,343.225456
6818,343.33561
6819,343.417738
6820,343.476136
6821,343.513868
6822,343.533055
6823,343.535031
6824,343.520423
6825,343.489195
6826,343.440644
6827,343.373368
6828,343.285174
6829,343.172926
6830,343.032233
6831,342.856716
6832,342.635937
6833,342.448971
6834,342.291257
6835,342.15768
6836,342.043697
6837,341.945542
6838,341.86018
6839,341.785186
6840,341.718634
6841,341.658995
6842,341.605061
6843,341.555878
6844,341.5107
6845,341.468951
6846,341.430191
6847,341.394098
6848,342.011909
6849,342.060091
6850,342.103568
6851,342.142302
6852,342.17631
6853,342.205642
6854,342.230356
6855,342.250512
6856,342.266167
6857,342.277385
6858,342.284253
6859,342.28691
6860,342.285596
6861,342.280712
6862,342.272904
6863,342.263134
6864,342.252702
6865,342.243124
6866,342.235849
6867,342.232113
6868,342.232943
6869,342.239243
6870,342.251903
6871,342.271901
6872,342.300402
6873,342.338859
6874,342.38911
6875,342.453488
6876,342.534935
6877,342.637112
6878,342.76443
6879,342.921835
6880,343.113705
6881,343.261298
6882,343.374332
6883,343.458877
6884,343.519179
6885,343.558294
6886,343.578359
6887,343.580721
6888,343.566019
6889,343.534216
6890,343.484601
6891,343.415754
6892,343.325467
6893,343.210607
6894,343.066826
6895,342.887837
6896,342.663319
6897,342.472673
6898,342.311536
6899,342.174913
6900,342.058306
6901,341.957943
6902,341.87075
6903,341.794253
6904,341.726473
6905,341.665834
6906,341.611086
6907,341.561241
6908,341.515524
6909,341.473339
6910,341.434229
6911,341.397859
6912,342.112913
6913,342.165688
6914,342.212752
6915,342.254131
6916,342.289907
6917,342.320178
6918,342.34503
6919,342.364521
6920,342.378682
6921,342.38752
6922,342.391044
6923,342.389293
6924,342.382403
6925,342.370701
6926,342.354849
6927,342.336022
6928,342.31604
6929,342.297203
6930,342.281532
6931,342.270526
6932,342.265258
6933,342.266566
6934,342.275231
6935,342.292121
6936,342.318308
6937,342.355166
6938,342.404474
6939,342.468517
6940,342.550192
6941,342.653102
6942,342.781579
6943,342.940454
6944,343.133954
6945,343.283133
6946,343.397613
6947,343.483392
6948,343.544673
6949,343.584499
6950,343.605002
6951,343.607533
6952,343.592734
6953,343.560566
6954,343.510313
6955,343.440547
6956,343.349059
6957,343.232722
6958,343.087216
6959,342.906307
6960,342.679729
6961,342.487049
6962,342.324005
6963,342.185666
6964,342.067565
6965,341.96593
6966,341.877672
6967,341.800291
6968,341.731783
6969,341.670545
6970,341.615303
6971,341.565049
6972,341.518995
6973,341.476529
6974,341.437187
6975,341.400626
6976,342.233219
6977,342.291332
6978,342.342467
6979,342.386787
6980,342.424493
6981,342.455766
6982,342.480736
6983,342.499463
6984,342.511943
6985,342.518106
6986,342.517841
6987,342.511026
6988,342.497594
6989,342.477659
6990,342.451741
6991,342.421136
6992,342.388406
6993,342.357444
6994,342.331148
6995,342.311228
6996,342.298644
6997,342.294013
6998,342.297891
6999,342.310948
7000,342.33409
7001,342.368563
7002,342.416043
7003,342.478733
7004,342.55946
7005,342.661765
7006,342.789918
7007,342.948685
7008,343.142227
7009,343.291526
7010,343.406154
7011,343.492073
7012,343.553465
7013,343.593358
7014,343.613876
7015,343.616368
7016,343.601473
7017,343.569149
7018,343.518676
7019,343.448626
7020,343.356786
7021,343.240035
7022,343.094057
7023,342.912631
7024,342.685503
7025,342.492282
7026,342.328727
7027,342.189926
7028,342.071415
7029,341.969426
7030,341.880865
7031,341.803226
7032,341.734497
7033,341.673069
7034,341.617662
7035,341.567263
7036,341.521078
7037,341.478492
7038,341.439039
7039,341.402375
7040,342.37729
7041,342.441542
7042,342.497205
7043,342.544718
7044,342.584481
7045,342.616799
7046,342.641862
7047,342.659737
7048,342.670375
7049,342.673609
7050,342.669164
7051,342.656679
7052,342.635758
7053,342.606075
7054,342.56765
7055,342.52147
7056,342.470889
7057,342.42375
7058,342.384096
7059,342.353479
7060,342.332373
7061,342.320922
7062,342.319292
7063,342.327853
7064,342.347277
7065,342.378629
7066,342.423441
7067,342.483804
7068,342.562457
7069,342.662876
7070,342.789291
7071,342.94645
7072,343.138522
7073,343.286541
7074,343.40007
7075,343.485073
7076,343.54573
7077,343.585062
7078,343.605184
7079,343.607436
7080,343.592449
7081,343.560179
7082,343.509906
7083,343.4402
7084,343.348851
7085,343.232729
7086,343.087505
7087,342.906931
7088,342.680725
7089,342.488417
7090,342.32572
7091,342.187688
7092,342.069843
7093,341.968412
7094,341.880309
7095,341.803038
7096,341.734599
7097,341.673394
7098,341.618153
7099,341.567872
7100,341.521765
7101,341.479223
7102,341.439782
7103,341.403103
7104,342.550398
7105,342.621494
7106,342.681991
7107,342.732834
7108,342.77471
7109,342.80808
7110,342.833203
7111,342.850156
7112,342.858838
7113,342.858964
7114,342.850065
7115,342.831477
7116,342.802335
7117,342.761597
7118,342.708157
7119,342.641383
7120,342.563688
7121,342.494875
7122,342.438961
7123,342.396056
7124,342.365459
7125,342.346505
7126,342.338801
7127,342.342319
7128,342.35744
7129,342.385001
7130,342.426357
7131,342.483454
7132,342.558925
7133,342.656177
7134,342.779418
7135,342.93343
7136,343.122472
7137,343.267766
7138,343.378915
7139,343.461925
7140,343.520992
7141,343.559133
7142,343.57845
7143,343.580264
7144,343.565195
7145,343.533196
7146,343.483548
7147,343.41483
7148,343.324836
7149,343.210426
7150,343.067237
7151,342.888955
7152,342.665222
7153,342.475358
7154,342.314945
7155,342.178955
7156,342.062873
7157,341.962925
7158,341.876044
7159,341.799766
7160,341.732123
7161,341.671549
7162,341.616803
7163,341.566902
7164,341.52108
7165,341.478741
7166,341.439434
7167,341.402827
7168,342.757966
7169,342.836024
7170,342.90128
7171,342.955392
7172,342.999335
7173,343.033715
7174,343.058858
7175,343.074845
7176,343.081519
7177,343.078474
7178,343.065031
7179,343.040199
7180,343.002592
7181,342.950287
7182,342.880462
7183,342.788307
7184,342.663031
7185,342.567036
7186,342.493101
7187,342.437176
7188,342.396669
7189,342.369877
7190,342.355762
7191,342.353853
7192,342.364202
7193,342.387388
7194,342.424555
7195,342.477475
7196,342.548644
7197,342.641386
7198,342.7599
7199,342.90906
7200,343.093324
7201,343.234283
7202,343.341648
7203,343.421511
7204,343.478095
7205,343.514402
7206,343.532501
7207,343.533683
7208,343.518548
7209,343.487042
7210,343.438459
7211,343.371399
7212,343.283675
7213,343.172152
7214,343.03242
7215,342.85806
7216,342.638568
7217,342.452875
7218,342.296325
7219,342.163748
7220,342.05058
7221,341.953062
7222,341.868172
7223,341.793507
7224,341.727158
7225,341.667614
7226,341.613679
7227,341.564412
7228,341.519073
7229,341.477092
7230,341.438036
7231,341.401584
7232,342.921345
7233,343.005802
7234,343.075546
7235,343.132723
7236,343.178583
7237,343.213875
7238,343.238994
7239,343.254028
7240,343.258768
7241,343.252698
7242,343.234949
7243,343.204238
7244,343.158736
7245,343.09584
7246,343.011678
7247,342.899982
7248,342.749355
7249,342.632632
7250,342.542852
7251,342.474757
7252,342.424681
7253,342.390146
7254,342.369555
7255,342.362018
7256,342.36726
7257,342.385585
7258,342.417896
7259,342.465754
7260,342.531473
7261,342.618249
7262,342.73026
7263,342.87253
7264,343.049893
7265,343.184583
7266,343.286543
7267,343.361983
7268,343.415134
7269,343.448943
7270,343.465411
7271,343.465771
7272,343.450588
7273,343.419804
7274,343.372738
7275,343.308036
7276,343.223569
7277,343.116242
7278,342.981626
7279,342.813161
7280,342.600081
7281,342.420649
7282,342.269795
7283,342.142152
7284,342.033123
7285,341.939005
7286,341.856872
7287,341.784423
7288,341.719845
7289,341.66171
7290,341.608888
7291,341.560491
7292,341.515823
7293,341.474346
7294,341.43565
7295,341.399432
7296,343.05154
7297,343.141442
7298,343.215145
7299,343.275064
7300,343.322633
7301,343.358716
7302,343.383761
7303,343.397862
7304,343.400768
7305,343.391866
7306,343.370138
7307,343.334074
7308,343.281539
7309,343.209529
7310,343.113735
7311,342.98764
7312,342.820526
7313,342.688543
7314,342.585872
7315,342.507185
7316,342.448391
7317,342.40655
7318,342.379656
7319,342.366471
7320,342.36641
7321,342.379502
7322,342.406378
7323,342.448335
7324,342.507428
7325,342.586635
7326,342.69003
7327,342.822807
7328,342.990447
7329,343.11639
7330,343.211004
7331,343.280596
7332,343.329311
7333,343.359953
7334,343.374388
7335,343.373746
7336,343.35854
7337,343.328707
7338,343.283607
7339,343.221979
7340,343.141817
7341,343.04016
7342,342.91265
7343,342.752616
7344,342.548839
7345,342.378354
7346,342.235399
7347,342.114394
7348,342.010794
7349,341.92105
7350,341.842414
7351,341.772751
7352,341.710387
7353,341.654007
7354,341.602571
7355,341.555262
7356,341.511435
7357,341.470594
7358,341.432358
7359,341.396446
7360,343.15506
7361,343.249429
7362,343.326463
7363,343.388718
7364,343.437738
7365,343.474462
7366,343.499379
7367,343.512582
7368,343.513786
7369,343.502308
7370,343.477014
7371,343.436246
7372,343.377681
7373,343.298127
7374,343.193143
7375,343.056304
7376,342.877391
7377,342.73399
7378,342.621066
7379,342.533486
7380,342.467037
7381,342.418533
7382,342.385691
7383,342.366991
7384,342.361576
7385,342.369191
7386,342.390172
7387,342.425482
7388,342.476807
7389,342.546724
7390,342.638967
7391,342.758714
7392,342.91243
7393,343.026267
7394,343.111204
7395,343.173404
7396,343.216681
7397,343.243525
7398,343.25556
7399,343.253762
7400,343.238562
7401,343.209892
7402,343.167182
7403,343.109317
7404,343.034519
7405,342.940129
7406,342.822114
7407,342.67394
7408,342.48377
7409,342.325876
7410,342.193477
7411,342.080964
7412,341.984087
7413,341.899639
7414,341.825176
7415,341.758805
7416,341.699043
7417,341.64472
7418,341.594909
7419,341.548875
7420,341.506039
7421,341.46595
7422,341.428263
7423,341.392721
7424,343.236342
7425,343.334274
7426,343.414001
7427,343.478154
7428,343.528339
7429,343.56554
7430,343.590269
7431,343.602621
7432,343.602284
7433,343.588521
7434,343.560126
7435,343.515346
7436,343.451761
7437,343.366102
7438,343.25393
7439,343.108955
7440,342.921233
7441,342.76914
7442,342.648109
7443,342.553199
7444,342.480188
7445,342.42576
7446,342.387443
7447,342.363494
7448,342.35281
7449,342.354859
7450,342.369653
7451,342.397757
7452,342.440343
7453,342.499315
7454,342.577545
7455,342.679341
7456,342.811614
7457,342.908699
7458,342.981346
7459,343.034655
7460,343.071604
7461,343.09412
7462,343.103464
7463,343.100393
7464,343.085233
7465,343.057911
7466,343.017952
7467,342.964445
7468,342.895964
7469,342.8104
7470,342.70455
7471,342.572955
7472,342.404047
7473,342.26381
7474,342.144975
7475,342.042771
7476,341.95377
7477,341.875394
7478,341.805651
7479,341.742977
7480,341.686126
7481,341.634104
7482,341.58611
7483,341.541507
7484,341.499785
7485,341.460545
7486,341.423481
7487,341.388364
7488,343.298637
7489,343.399315
7490,343.481126
7491,343.546739
7492,343.597794
7493,343.635301
7494,343.659785
7495,343.671339
7496,343.669632
7497,343.653894
7498,343.622873
7499,343.574761
7500,343.507093
7501,343.416583
7502,343.298829
7503,343.147652
7504,342.953248
7505,342.794486
7506,342.667069
7507,342.566198
7508,342.487667
7509,342.428084
7510,342.384841
7511,342.356017
7512,342.340287
7513,342.336856
7514,342.3454
7515,342.366045
7516,342.399343
7517,342.446254
7518,342.508055
7519,342.585921
7520,342.679066
7521,342.75388
7522,342.812016
7523,342.855325
7524,342.885318
7525,342.903136
7526,342.909589
7527,342.905172
7528,342.890093
7529,342.864272
7530,342.827343
7531,342.778642
7532,342.717182
7533,342.641615
7534,342.550187
7535,342.440711
7536,342.310986
7537,342.194561
7538,342.091875
7539,342.001279
7540,341.920912
7541,341.849102
7542,341.784433
7543,341.725724
7544,341.671996
7545,341.622445
7546,341.576411
7547,341.533354
7548,341.492842
7549,341.454528
7550,341.418147
7551,341.383497
7552,343.34437
7553,343.44706
7554,343.530385
7555,343.597037
7556,343.648672
7557,343.686314
7558,343.710496
7559,343.721308
7560,343.718407
7561,343.701004
7562,343.667816
7563,343.61701
7564,343.546104
7565,343.451816
7566,343.329784
7567,343.173906
7568,342.974443
7569,342.810583
7570,342.678188
7571,342.572545
7572,342.489462
7573,342.425494
7574,342.377927
7575,342.344692
7576,342.324274
7577,342.315632
7578,342.318131
7579,342.331471
7580,342.355607
7581,342.390603
7582,342.436309
7583,342.491564
7584,342.552127
7585,342.60585
7586,342.64963
7587,342.682905
7588,342.705888
7589,342.718974
7590,342.722524
7591,342.716778
7592,342.701823
7593,342.677576
7594,342.643779
7595,342.600013
7596,342.545725
7597,342.4803
7598,342.403271
7599,342.314883
7600,342.217864
7601,342.124071
7602,342.037369
7603,341.958429
7604,341.886794
7605,341.821662
7606,341.762177
7607,341.707539
7608,341.657036
7609,341.61005
7610,341.56606
7611,341.524627
7612,341.48539
7613,341.448058
7614,341.412404
7615,341.378254
7616,343.375338
7617,343.479369
7618,343.563679
7619,343.630967
7620,343.682901
7621,343.720511
7622,343.744335
7623,343.75446
7624,343.750539
7625,343.731767
7626,343.696849
7627,343.64394
7628,343.570551
7629,343.47341
7630,343.348188
7631,343.188829
7632,342.985616
7633,342.817941
7634,342.681755
7635,342.572393
7636,342.485659
7637,342.418067
7638,342.366815
7639,342.329712
7640,342.305081
7641,342.291673
7642,342.288584
7643,342.295166
7644,342.310907
7645,342.335262
7646,342.367334
7647,342.405346
7648,342.445833
7649,342.483328
7650,342.514879
7651,342.539172
7652,342.555721
7653,342.564411
7654,342.56526
7655,342.5583
7656,342.543516
7657,342.520821
7658,342.490051
7659,342.450989
7660,342.403414
7661,342.347214
7662,342.282618
7663,342.210639
7664,342.133891
7665,342.057485
7666,341.98447
7667,341.916112
7668,341.85268
7669,341.79396
7670,341.739532
7671,341.688915
7672,341.641629
7673,341.597227
7674,341.555313
7675,341.51554
7676,341.477617
7677,341.441303
7678,341.406405
7679,341.372776
7680,343.39281
7681,343.497564
7682,343.582358
7683,343.649899
7684,343.701859
7685,343.739273
7686,343.762682
7687,343.772174
7688,343.767398
7689,343.747542
7690,343.711306
7691,343.656838
7692,343.58165
7693,343.482478
7694,343.355009
7695,343.193208
7696,342.987359
7697,342.816974
7698,342.678043
7699,342.565917
7700,342.476387
7701,342.405924
7702,342.351656
7703,342.311291
7704,342.283019
7705,342.265428
7706,342.257405
7707,342.258045
7708,342.266534
7709,342.28199
7710,342.303251
7711,342.328599
7712,342.355536
7713,342.381026
7714,342.402841
7715,342.419627
7716,342.430635
7717,342.435477
7718,342.433955
7719,342.425956
7720,342.411393
7721,342.390176
7722,342.362208
7723,342.32741
7724,342.285775
7725,342.237459
7726,342.182954
7727,342.123318
7728,342.060444
7729,341.996993
7730,341.935021
7731,341.875714
7732,341.819594
7733,341.76676
7734,341.71708
7735,341.670304
7736,341.626136
7737,341.584271
7738,341.544418
7739,341.506311
7740,341.469717
7741,341.434437
7742,341.400312
7743,341.367216
7744,343.397603
7745,343.502492
7746,343.587292
7747,343.654713
7748,343.706432
7749,343.743488
7750,343.766425
7751,343.775333
7752,343.76986
7753,343.749194
7754,343.712032
7755,343.65652
7756,343.580169
7757,343.479717
7758,343.350856
7759,343.18755
7760,342.980068
7761,342.807974
7762,342.667263
7763,342.553276
7764,342.46178
7765,342.389202
7766,342.332612
7767,342.289637
7768,342.25837
7769,342.237273
7770,342.225087
7771,342.22074
7772,342.223241
7773,342.231562
7774,342.244504
7775,342.260568
7776,342.27792
7777,342.294581
7778,342.308898
7779,342.319681
7780,342.326142
7781,342.327781
7782,342.324288
7783,342.315463
7784,342.301173
7785,342.281326
7786,342.255869
7787,342.224806
7788,342.188239
7789,342.146436
7790,342.099927
7791,342.049609
7792,341.996798
7793,341.943087
7794,341.889855
7795,341.838059
7796,341.788244
7797,341.740645
7798,341.695294
7799,341.652094
7800,341.61088
7801,341.571454
7802,341.53361
7803,341.497147
7804,341.461877
7805,341.427638
7806,341.394291
7807,341.36173
7808,343.390122
7809,343.494573
7810,343.578908
7811,343.64584
7812,343.69705
7813,343.733584
7814,343.755989
7815,343.764358
7816,343.758342
7817,343.737131
7818,343.699423
7819,343.643364
7820,343.566464
7821,343.465456
7822,343.33602
7823,343.172106
7824,342.963949
7825,342.791108
7826,342.649553
7827,342.534592
7828,342.441954
7829,342.368028
7830,342.309832
7831,342.264938
7832,342.231364
7833,342.207491
7834,342.191966
7835,342.183617
7836,342.181369
7837,342.18415
7838,342.190812
7839,342.200071
7840,342.210509
7841,342.220693
7842,342.229354
7843,342.235492
7844,342.238368
7845,342.23746
7846,342.232414
7847,342.222987
7848,342.209024
7849,342.19043
7850,342.167177
7851,342.139309
7852,342.106973
7853,342.070458
7854,342.030246
7855,341.987045
7856,341.941787
7857,341.895515
7858,341.849187
7859,341.803537
7860,341.759056
7861,341.716017
7862,341.67453
7863,341.634594
7864,341.596129
7865,341.559014
7866,341.523105
7867,341.488246
7868,341.454287
7869,341.421085
7870,341.388518
7871,341.356488
7872,343.370376
7873,343.473812
7874,343.557205
7875,343.623273
7876,343.673703
7877,343.709546
7878,343.731354
7879,343.739226
7880,343.732818
7881,343.711325
7882,343.673449
7883,343.61734
7884,343.540506
7885,343.439669
7886,343.310489
7887,343.146874
7888,342.939014
7889,342.76641
7890,342.624967
7891,342.509937
7892,342.417003
7893,342.342513
7894,342.283452
7895,342.23735
7896,342.202184
7897,342.176286
7898,342.158249
7899,342.146857
7900,342.141002
7901,342.139623
7902,342.141648
7903,342.145961
7904,342.151416
7905,342.156892
7906,342.161378
7907,342.164032
7908,342.16419
7909,342.161353
7910,342.155159
7911,342.145354
7912,342.131771
7913,342.114318
7914,342.092975
7915,342.067802
7916,342.038952
7917,342.006697
7918,341.971443
7919,341.933743
7920,341.894273
7921,341.853765
7922,341.812905
7923,341.77226
7924,341.732243
7925,341.693121
7926,341.655038
7927,341.618039
7928,341.582101
7929,341.547153
7930,341.513091
7931,341.479792
7932,341.447127
7933,341.414962
7934,341.383177
7935,341.351671
7936,343.337977
7937,343.439798
7938,343.521753
7939,343.586565
7940,343.635929
7941,343.670904
7942,343.692045
7943,343.699459
7944,343.692807
7945,343.671295
7946,343.633637
7947,343.577989
7948,343.501862
7949,343.401968
7950,343.273931
7951,343.111599
7952,342.905084
7953,342.73378
7954,342.593476
7955,342.479337
7956,342.38699
7957,342.312752
7958,342.253585
7959,342.207005
7960,342.17097
7961,342.143794
7962,342.124053
7963,342.110517
7964,342.102085
7965,342.097725
7966,342.096444
7967,342.097256
7968,342.099192
7969,342.101329
7970,342.102829
7971,342.102973
7972,342.101172
7973,342.096963
7974,342.089998
7975,342.080024
7976,342.066876
7977,342.050462
7978,342.030766
7979,342.007847
7980,341.98185
7981,341.95301
7982,341.921667
7983,341.888252
7984,341.853275
7985,341.817273
7986,341.780761
7987,341.74418
7988,341.707875
7989,341.672089
7990,341.636972
7991,341.602594
7992,341.568961
7993,341.536032
7994,341.503731
7995,341.471952
7996,341.440572
7997,341.409456
7998,341.378467
7999,341.347482
8000,343.2921
8001,343.39166
8002,343.47164
8003,343.534776
8004,343.582772
8005,343.616688
8006,343.637085
8007,343.644074
8008,343.637328
8009,343.616068
8010,343.579024
8011,343.524374
8012,343.449643
8013,343.351539
8014,343.225651
8015,343.065737
8016,342.861769
8017,342.69299
8018,342.554982
8019,342.442785
8020,342.351969
8021,342.278832
8022,342.22034
8023,342.174017
8024,342.137834
8025,342.110112
8026,342.089437
8027,342.074592
8028,342.0645
8029,342.058175
8030,342.05469
8031,342.053158
8032,342.052733
8033,342.052622
8034,342.052106
8035,342.050558
8036,342.047453
8037,342.042367
8038,342.03497
8039,342.025023
8040,342.012364
8041,341.996904
8042,341.978625
8043,341.957581
8044,341.933901
8045,341.907789
8046,341.879525
8047,341.849458
8048,341.817983
8049,341.785517
8050,341.752461
8051,341.719171
8052,341.685935
8053,341.652971
8054,341.620422
8055,341.588367
8056,341.556827
8057,341.525779
8058,341.49516
8059,341.464872
8060,341.434789
8061,341.40476
8062,341.374612
8063,341.344167
8064,343.231373
8065,343.327939
8066,343.405344
8067,343.466343
8068,343.512641
8069,343.545295
8070,343.564863
8071,343.571459
8072,343.564769
8073,343.544036
8074,343.508021
8075,343.45494
8076,343.382355
8077,343.287002
8078,343.164454
8079,343.008366
8080,342.808443
8081,342.643702
8082,342.50935
8083,342.400269
8084,342.311995
8085,342.240844
8086,342.183821
8087,342.138493
8088,342.102871
8089,342.07531
8090,342.054431
8091,342.039049
8092,342.028124
8093,342.020718
8094,342.015963
8095,342.013049
8096,342.011214
8097,342.009755
8098,342.008033
8099,342.005491
8100,342.00165
8101,341.996123
8102,341.988603
8103,341.978861
8104,341.966743
8105,341.952164
8106,341.935104
8107,341.915611
8108,341.893799
8109,341.869844
8110,341.843987
8111,341.816515
8112,341.787756
8113,341.758049
8114,341.727724
8115,341.697078
8116,341.66636
8117,341.635763
8118,341.605423
8119,341.575417
8120,341.545776
8121,341.516482
8122,341.487479
8123,341.458673
8124,341.42993
8125,341.401073
8126,341.371872
8127,341.342041
8128,343.153561
8129,343.246238
8130,343.320367
8131,343.378713
8132,343.422954
8133,343.454125
8134,343.472768
8135,343.478998
8136,343.472515
8137,343.452593
8138,343.41804
8139,343.367135
8140,343.297519
8141,343.206014
8142,343.088261
8143,342.937891
8144,342.744221
8145,342.585536
8146,342.456472
8147,342.351818
8148,342.26716
8149,342.198904
8150,342.144148
8151,342.100543
8152,342.066171
8153,342.039451
8154,342.019057
8155,342.003852
8156,341.992846
8157,341.985146
8158,341.97994
8159,341.976473
8160,341.974043
8161,341.972006
8162,341.969779
8163,341.966849
8164,341.962778
8165,341.957202
8166,341.949835
8167,341.940463
8168,341.928937
8169,341.915178
8170,341.899164
8171,341.88094
8172,341.860607
8173,341.838325
8174,341.814307
8175,341.788806
8176,341.762109
8177,341.734512
8178,341.706303
8179,341.677744
8180,341.64906
8181,341.620427
8182,341.591969
8183,341.563765
8184,341.535842
8185,341.50819
8186,341.480754
8187,341.453442
8188,341.426116
8189,341.39858
8190,341.370549
8191,341.341573
8192,340.964287
8193,340.961505
8194,340.960035
8195,340.959533
8196,340.959784
8197,340.960639
8198,340.961987
8199,340.963743
8200,340.96584
8201,340.968222
8202,340.970842
8203,340.973662
8204,340.97665
8205,340.979777
8206,340.983018
8207,340.986354
8208,340.989767
8209,340.993243
8210,340.996769
8211,341.000336
8212,341.003937
8213,341.007567
8214,341.011224
8215,341.014906
8216,341.018615
8217,341.022354
8218,341.026128
8219,341.029944
8220,341.03381
8221,341.037733
8222,341.041723
8223,341.04579
8224,341.049941
8225,341.054182
8226,341.058515
8227,341.062939
8228,341.067443
8229,341.072007
8230,341.076598
8231,341.081164
8232,341.085628
8233,341.089882
8234,341.093779
8235,341.09712
8236,341.099691
8237,341.101341
8238,341.10196
8239,341.101475
8240,341.099838
8241,341.09702
8242,341.093014
8243,341.087827
8244,341.081479
8245,341.07401
8246,341.065474
8247,341.055948
8248,341.045532
8249,341.034361
8250,341.02261
8251,341.010514
8252,340.998343
8253,340.986321
8254,340.974654
8255,340.963555
8256,340.983919
8257,340.981607
8258,340.980399
8259,340.980087
8260,340.980502
8261,340.981515
8262,340.983024
8263,340.984946
8264,340.987215
8265,340.989775
8266,340.99258
8267,340.99559
8268,340.998771
8269,341.002095
8270,341.005537
8271,341.009075
8272,341.012692
8273,341.016372
8274,341.020102
8275,341.023873
8276,341.027677
8277,341.03151
8278,341.035367
8279,341.039248
8280,341.043155
8281,341.047092
8282,341.051062
8283,341.055073
8284,341.059132
8285,341.06325
8286,341.067435
8287,341.071697
8288,341.076043
8289,341.080481
8290,341.085012
8291,341.089635
8292,341.094338
8293,341.099101
8294,341.103888
8295,341.108645
8296,341.113291
8297,341.117713
8298,341.121755
8299,341.125213
8300,341.127862
8301,341.129544
8302,341.130145
8303,341.129587
8304,341.127819
8305,341.124813
8306,341.120559
8307,341.115065
8308,341.108353
8309,341.100463
8310,341.091453
8311,341.081402
8312,341.070415
8313,341.058632
8314,341.046236
8315,341.033467
8316,341.020603
8317,341.007866
8318,340.995446
8319,340.983504
8320,341.002287
8321,341.000656
8322,340.99992
8323,340.999965
8324,341.000676
8325,341.001951
8326,341.003702
8327,341.005857
8328,341.008353
8329,341.011138
8330,341.014166
8331,341.017399
8332,341.020803
8333,341.024349
8334,341.028012
8335,341.031769
8336,341.035603
8337,341.039498
8338,341.043441
8339,341.047421
8340,341.051431
8341,341.055465
8342,341.059521
8343,341.063596
8344,341.067693
8345,341.071814
8346,341.075965
8347,341.080152
8348,341.084385
8349,341.088671
8350,341.093022
8351,341.097445
8352,341.10195
8353,341.106544
8354,341.111228
8355,341.116
8356,341.120849
8357,341.125752
8358,341.130674
8359,341.135556
8360,341.140315
8361,341.144833
8362,341.148951
8363,341.152454
8364,341.155115
8365,341.156769
8366,341.157297
8367,341.156618
8368,341.154679
8369,341.151451
8370,341.146924
8371,341.141104
8372,341.134017
8373,341.125701
8374,341.116217
8375,341.105647
8376,341.094099
8377,341.081716
8378,341.068683
8379,341.055247
8380,341.041681
8381,341.028205
8382,341.01499
8383,341.002158
8384,341.019736
8385,341.018861
8386,341.018714
8387,341.019232
8388,341.020341
8389,341.021964
8390,341.024032
8391,341.026482
8392,341.029259
8393,341.032314
8394,341.035604
8395,341.039093
8396,341.042747
8397,341.046539
8398,341.050443
8399,341.054437
8400,341.058503
8401,341.062625
8402,341.066788
8403,341.070984
8404,341.075202
8405,341.079439
8406,341.083689
8407,341.087952
8408,341.09223
8409,341.096524
8410,341.10084
8411,341.105186
8412,341.109569
8413,341.113998
8414,341.118483
8415,341.123035
8416,341.127661
8417,341.132367
8418,341.137157
8419,341.142028
8420,341.146967
8421,341.151951
8422,341.156943
8423,341.161884
8424,341.166687
8425,341.171231
8426,341.175351
8427,341.178831
8428,341.181437
8429,341.183
8430,341.1834
8431,341.182551
8432,341.1804
8433,341.176917
8434,341.172089
8435,341.165926
8436,341.15845
8437,341.149704
8438,341.139748
8439,341.128665
8440,341.116566
8441,341.103595
8442,341.089939
8443,341.075844
8444,341.061582
8445,341.047365
8446,341.033351
8447,341.019643
8448,341.036482
8449,341.03639
8450,341.036895
8451,341.037964
8452,341.039547
8453,341.04159
8454,341.044037
8455,341.046838
8456,341.049943
8457,341.05331
8458,341.056899
8459,341.060676
8460,341.064609
8461,341.068671
8462,341.072837
8463,341.077085
8464,341.081397
8465,341.085757
8466,341.09015
8467,341.094566
8468,341.098997
8469,341.103435
8470,341.107878
8471,341.112324
8472,341.116773
8473,341.121228
8474,341.125694
8475,341.130178
8476,341.134689
8477,341.139234
8478,341.143824
8479,341.148469
8480,341.153176
8481,341.157953
8482,341.162802
8483,341.167718
8484,341.172691
8485,341.177696
8486,341.182695
8487,341.187626
8488,341.192403
8489,341.196901
8490,341.200953
8491,341.20434
8492,341.206825
8493,341.208236
8494,341.208451
8495,341.207384
8496,341.204979
8497,341.201205
8498,341.19605
8499,341.189523
8500,341.181648
8501,341.172466
8502,341.162039
8503,341.150451
8504,341.137812
8505,341.124267
8506,341.110003
8507,341.095265
8508,341.080322
8509,341.065379
8510,341.050586
8511,341.036035
8512,341.052675
8513,341.053374
8514,341.054567
8515,341.056237
8516,341.05835
8517,341.060867
8518,341.063746
8519,341.066945
8520,341.070422
8521,341.074139
8522,341.078062
8523,341.082157
8524,341.086396
8525,341.090751
8526,341.095199
8527,341.099719
8528,341.104292
8529,341.108901
8530,341.113534
8531,341.118177
8532,341.122823
8533,341.127464
8534,341.132097
8535,341.136719
8536,341.141331
8537,341.145935
8538,341.150535
8539,341.155139
8540,341.159754
8541,341.164388
8542,341.169052
8543,341.173755
8544,341.178505
8545,341.183308
8546,341.188167
8547,341.193077
8548,341.198027
8549,341.202992
8550,341.207932
8551,341.212787
8552,341.217467
8553,341.221849
8554,341.225763
8555,341.228987
8556,341.231285
8557,341.232483
8558,341.232457
8559,341.231122
8560,341.22842
8561,341.224321
8562,341.218812
8563,341.211903
8564,341.203616
8565,341.193993
8566,341.183097
8567,341.171011
8568,341.157845
8569,341.143743
8570,341.128891
8571,341.113531
8572,341.097929
8573,341.082286
8574,341.066745
8575,341.051395
8576,341.068425
8577,341.069916
8578,341.071817
8579,341.074121
8580,341.076804
8581,341.079839
8582,341.083192
8583,341.08683
8584,341.090716
8585,341.094819
8586,341.099107
8587,341.103549
8588,341.108119
8589,341.11279
8590,341.117541
8591,341.12235
8592,341.127198
8593,341.132069
8594,341.136949
8595,341.141826
8596,341.14669
8597,341.151535
8598,341.156356
8599,341.161149
8600,341.165915
8601,341.170656
8602,341.175376
8603,341.18008
8604,341.184777
8605,341.189474
8606,341.194181
8607,341.198907
8608,341.20366
8609,341.208446
8610,341.213266
8611,341.218118
8612,341.222987
8613,341.227851
8614,341.232669
8615,341.23738
8616,341.241894
8617,341.246088
8618,341.249792
8619,341.252785
8620,341.25483
8621,341.255754
8622,341.255432
8623,341.253779
8624,341.250738
8625,341.246278
8626,341.240389
8627,341.233076
8628,341.224366
8629,341.214299
8630,341.202936
8631,341.190361
8632,341.176682
8633,341.162041
8634,341.146624
8635,341.130668
8636,341.114436
8637,341.098126
8638,341.081875
8639,341.06577
8640,341.08382
8641,341.086098
8642,341.08872
8643,341.09168
8644,341.094963
8645,341.098549
8646,341.102411
8647,341.106521
8648,341.11085
8649,341.11537
8650,341.120051
8651,341.124867
8652,341.129792
8653,341.134801
8654,341.139873
8655,341.144988
8656,341.150125
8657,341.15527
8658,341.160407
8659,341.165524
8660,341.170612
8661,341.175661
8662,341.180668
8663,341.185628
8664,341.19054
8665,341.195407
8666,341.200231
8667,341.205017
8668,341.209773
8669,341.214507
8670,341.219227
8671,341.223941
8672,341.228658
8673,341.233384
8674,341.238118
8675,341.242859
8676,341.247592
8677,341.252294
8678,341.256925
8679,341.261424
8680,341.265703
8681,341.269639
8682,341.273063
8683,341.275757
8684,341.277483
8685,341.27807
8686,341.277396
8687,341.275376
8688,341.271953
8689,341.267098
8690,341.2608
8691,341.253065
8692,341.24392
8693,341.233404
8694,341.221578
8695,341.208524
8696,341.194348
8697,341.179191
8698,341.163233
8699,341.14671
8700,341.129881
8701,341.112939
8702,341.09602
8703,341.079206
8704,341.098926
8705,341.101989
8706,341.105338
8707,341.10897
8708,341.112876
8709,341.117038
8710,341.121437
8711,341.126049
8712,341.130849
8713,341.135812
8714,341.140913
8715,341.146127
8716,341.151429
8717,341.156797
8718,341.16221
8719,341.167646
8720,341.173088
8721,341.178518
8722,341.183922
8723,341.189287
8724,341.194601
8725,341.199857
8726,341.205048
8727,341.210171
8728,341.215222
8729,341.220204
8730,341.225118
8731,341.229969
8732,341.234763
8733,341.239507
8734,341.24421
8735,341.24888
8736,341.253523
8737,341.258145
8738,341.262748
8739,341.267325
8740,341.271866
8741,341.276346
8742,341.280727
8743,341.284948
8744,341.288922
8745,341.29253
8746,341.295604
8747,341.297929
8748,341.29927
8749,341.29946
8750,341.298378
8751,341.29594
8752,341.292093
8753,341.286807
8754,341.280073
8755,341.271898
8756,341.262306
8757,341.251339
8758,341.239054
8759,341.225531
8760,341.210876
8761,341.195224
8762,341.178755
8763,341.161697
8764,341.144307
8765,341.126772
8766,341.109226
8767,341.091749
8768,341.113803
8769,341.117646
8770,341.121726
8771,341.126042
8772,341.130586
8773,341.135346
8774,341.140304
8775,341.145442
8776,341.150738
8777,341.156169
8778,341.161714
8779,341.167348
8780,341.173049
8781,341.178795
8782,341.184565
8783,341.19034
8784,341.196099
8785,341.201827
8786,341.207508
8787,341.213127
8788,341.218674
8789,341.224139
8790,341.229515
8791,341.234796
8792,341.23998
8793,341.245066
8794,341.250057
8795,341.254956
8796,341.259767
8797,341.264499
8798,341.269157
8799,341.273749
8800,341.278282
8801,341.28276
8802,341.287184
8803,341.291549
8804,341.295843
8805,341.300043
8806,341.30411
8807,341.307987
8808,341.311589
8809,341.314797
8810,341.317451
8811,341.319338
8812,341.320229
8813,341.31996
8814,341.318413
8815,341.315508
8816,341.311194
8817,341.305443
8818,341.298246
8819,341.289611
8820,341.279562
8821,341.268139
8822,341.255399
8823,341.24142
8824,341.226305
8825,341.210184
8826,341.193233
8827,341.175675
8828,341.15776
8829,341.139673
8830,341.121543
8831,341.103449
8832,341.128496
8833,341.133116
8834,341.13793
8835,341.142938
8836,341.148134
8837,341.153508
8838,341.159046
8839,341.16473
8840,341.170543
8841,341.176464
8842,341.182472
8843,341.188547
8844,341.194667
8845,341.20081
8846,341.206955
8847,341.213084
8848,341.219176
8849,341.225214
8850,341.231181
8851,341.237063
8852,341.242848
8853,341.248525
8854,341.254085
8855,341.259522
8856,341.264833
8857,341.270016
8858,341.275072
8859,341.280003
8860,341.284813
8861,341.289508
8862,341.294094
8863,341.298578
8864,341.302966
8865,341.30726
8866,341.311463
8867,341.315567
8868,341.319562
8869,341.323425
8870,341.327118
8871,341.330585
8872,341.333746
8873,341.336486
8874,341.33865
8875,341.34003
8876,341.340404
8877,341.339614
8878,341.337546
8879,341.334125
8880,341.329301
8881,341.32305
8882,341.315362
8883,341.306248
8884,341.295731
8885,341.28385
8886,341.270661
8887,341.256239
8888,341.240683
8889,341.22412
8890,341.206718
8891,341.188696
8892,341.170296
8893,341.151698
8894,341.133026
8895,341.114357
8896,341.143048
8897,341.148441
8898,341.153992
8899,341.159699
8900,341.165558
8901,341.171559
8902,341.177691
8903,341.18394
8904,341.190288
8905,341.196718
8906,341.20321
8907,341.209745
8908,341.216301
8909,341.222858
8910,341.229396
8911,341.235894
8912,341.242332
8913,341.248692
8914,341.254957
8915,341.261111
8916,341.26714
8917,341.273033
8918,341.278779
8919,341.284371
8920,341.289805
8921,341.295077
8922,341.300187
8923,341.305136
8924,341.309927
8925,341.314565
8926,341.319055
8927,341.323402
8928,341.327611
8929,341.331686
8930,341.335625
8931,341.339424
8932,341.34307
8933,341.346541
8934,341.349801
8935,341.352796
8936,341.355449
8937,341.357652
8938,341.359255
8939,341.360059
8940,341.359851
8941,341.358478
8942,341.355833
8943,341.351846
8944,341.346472
8945,341.339685
8946,341.331481
8947,341.321868
8948,341.310872
8949,341.29853
8950,341.284897
8951,341.270045
8952,341.254069
8953,341.237091
8954,341.219271
8955,341.200822
8956,341.181977
8957,341.162909
8958,341.143736
8959,341.124534
8960,341.157494
8961,341.163659
8962,341.169948
8963,341.17636
8964,341.18289
8965,341.18953
8966,341.196271
8967,341.203098
8968,341.209998
8969,341.216954
8970,341.223947
8971,341.230959
8972,341.237969
8973,341.244958
8974,341.251904
8975,341.258786
8976,341.265585
8977,341.27228
8978,341.278854
8979,341.285288
8980,341.291568
8981,341.297681
8982,341.303615
8983,341.309362
8984,341.314916
8985,341.320271
8986,341.325427
8987,341.330382
8988,341.335139
8989,341.339701
8990,341.344071
8991,341.348256
8992,341.352257
8993,341.356077
8994,341.359716
8995,341.363167
8996,341.366418
8997,341.369446
8998,341.372218
8999,341.374681
9000,341.376762
9001,341.37836
9002,341.379333
9003,341.379494
9004,341.378637
9005,341.376621
9006,341.373345
9007,341.368745
9008,341.362777
9009,341.355421
9010,341.346674
9011,341.336544
9012,341.325057
9013,341.31225
9014,341.298177
9015,341.282907
9016,341.266532
9017,341.249166
9018,341.230963
9019,341.212124
9020,341.192874
9021,341.173375
9022,341.153742
9023,341.134044
9024,341.171865
9025,341.178801
9026,341.18583
9027,341.192951
9028,341.20016
9029,341.207449
9030,341.21481
9031,341.22223
9032,341.229696
9033,341.237192
9034,341.244702
9035,341.252207
9036,341.259687
9037,341.267123
9038,341.274493
9039,341.281776
9040,341.288949
9041,341.295992
9042,341.302886
9043,341.309611
9044,341.31615
9045,341.322489
9046,341.328615
9047,341.334518
9048,341.340189
9049,341.345624
9050,341.350817
9051,341.355769
9052,341.360479
9053,341.364948
9054,341.36918
9055,341.373178
9056,341.376945
9057,341.380481
9058,341.383786
9059,341.386852
9060,341.389665
9061,341.392205
9062,341.394438
9063,341.396313
9064,341.397763
9065,341.398691
9066,341.398967
9067,341.398417
9068,341.396848
9069,341.39413
9070,341.390171
9071,341.38491
9072,341.378311
9073,341.370353
9074,341.361035
9075,341.350368
9076,341.338378
9077,341.325102
9078,341.310591
9079,341.294914
9080,341.278157
9081,341.260431
9082,341.241877
9083,341.222686
9084,341.203069
9085,341.183178
9086,341.16312
9087,341.142963
9088,341.186189
9089,341.193896
9090,341.201668
9091,341.209503
9092,341.217397
9093,341.225344
9094,341.233334
9095,341.241358
9096,341.249402
9097,341.257453
9098,341.265493
9099,341.273506
9100,341.281471
9101,341.28937
9102,341.297179
9103,341.304876
9104,341.312438
9105,341.319843
9106,341.327068
9107,341.334094
9108,341.340901
9109,341.347473
9110,341.353795
9111,341.359856
9112,341.365646
9113,341.371157
9114,341.376384
9115,341.381325
9116,341.385976
9117,341.39034
9118,341.394417
9119,341.39821
9120,341.401719
9121,341.404946
9122,341.407887
9123,341.410535
9124,341.412877
9125,341.414888
9126,341.416538
9127,341.417777
9128,341.41854
9129,341.418739
9130,341.418256
9131,341.41693
9132,341.41459
9133,341.411115
9134,341.406424
9135,341.400461
9136,341.393192
9137,341.384601
9138,341.374687
9139,341.363463
9140,341.350955
9141,341.337201
9142,341.322252
9143,341.306175
9144,341.289052
9145,341.270988
9146,341.252114
9147,341.232606
9148,341.212658
9149,341.192409
9150,341.171959
9151,341.151371
9152,341.200493
9153,341.208971
9154,341.217488
9155,341.226041
9156,341.234626
9157,341.243237
9158,341.251866
9159,341.260503
9160,341.269137
9161,341.277753
9162,341.286336
9163,341.29487
9164,341.303335
9165,341.31171
9166,341.319973
9167,341.328099
9168,341.336065
9169,341.343844
9170,341.351414
9171,341.358751
9172,341.365835
9173,341.372647
9174,341.379171
9175,341.385394
9176,341.391304
9177,341.396892
9178,341.402151
9179,341.407075
9180,341.411662
9181,341.41591
9182,341.419819
9183,341.42339
9184,341.426624
9185,341.429521
9186,341.432075
9187,341.43428
9188,341.43612
9189,341.437572
9190,341.438602
9191,341.439165
9192,341.439198
9193,341.438618
9194,341.437319
9195,341.435162
9196,341.431997
9197,341.427719
9198,341.422253
9199,341.415549
9200,341.407576
9201,341.398322
9202,341.387786
9203,341.375984
9204,341.362942
9205,341.3487
9206,341.333307
9207,341.31683
9208,341.299349
9209,341.280963
9210,341.261795
9211,341.242
9212,341.221749
9213,341.201169
9214,341.180351
9215,341.159357
9216,341.2148
9217,341.224051
9218,341.233315
9219,341.24259
9220,341.251871
9221,341.261153
9222,341.270428
9223,341.279687
9224,341.288918
9225,341.29811
9226,341.307247
9227,341.316313
9228,341.325289
9229,341.334154
9230,341.342884
9231,341.351454
9232,341.359837
9233,341.368005
9234,341.375931
9235,341.383591
9236,341.390961
9237,341.398022
9238,341.404756
9239,341.411146
9240,341.41718
9241,341.422846
9242,341.428136
9243,341.433043
9244,341.43756
9245,341.441686
9246,341.445419
9247,341.448758
9248,341.451704
9249,341.454254
9250,341.456405
9251,341.458148
9252,341.459466
9253,341.460335
9254,341.460723
9255,341.460582
9256,341.459853
9257,341.458459
9258,341.456304
9259,341.453271
9260,341.449242
9261,341.444124
9262,341.43785
9263,341.430374
9264,341.421668
9265,341.411723
9266,341.400541
9267,341.388138
9268,341.374543
9269,341.359796
9270,341.343948
9271,341.327064
9272,341.309222
9273,341.290519
9274,341.271067
9275,341.251002
9276,341.230464
9277,341.209568
9278,341.188398
9279,341.167015
9280,341.229132
9281,341.239157
9282,341.249172
9283,341.259172
9284,341.269155
9285,341.279112
9286,341.289039
9287,341.298925
9288,341.308762
9289,341.318537
9290,341.328237
9291,341.337845
9292,341.347343
9293,341.35671
9294,341.36592
9295,341.374947
9296,341.38376
9297,341.392329
9298,341.400624
9299,341.408617
9300,341.416285
9301,341.423603
9302,341.430553
9303,341.437118
9304,341.443281
9305,341.449031
9306,341.454355
9307,341.459245
9308,341.463694
9309,341.467696
9310,341.471248
9311,341.474349
9312,341.476998
9313,341.479193
9314,341.480931
9315,341.482201
9316,341.482985
9317,341.48326
9318,341.482991
9319,341.482133
9320,341.480629
9321,341.478408
9322,341.475386
9323,341.471467
9324,341.466558
9325,341.460581
9326,341.453475
9327,341.445202
9328,341.435739
9329,341.425077
9330,341.413224
9331,341.400197
9332,341.386026
9333,341.370753
9334,341.35443
9335,341.337122
9336,341.318904
9337,341.299867
9338,341.280115
9339,341.259765
9340,341.238932
9341,341.217718
9342,341.196202
9343,341.174439
9344,341.24351
9345,341.254313
9346,341.265082
9347,341.275811
9348,341.286498
9349,341.297135
9350,341.307718
9351,341.318237
9352,341.328684
9353,341.339049
9354,341.349317
9355,341.359475
9356,341.369503
9357,341.37938
9358,341.389082
9359,341.398577
9360,341.407833
9361,341.416815
9362,341.425491
9363,341.433828
9364,341.441802
9365,341.449387
9366,341.456562
9367,341.463308
9368,341.469609
9369,341.475449
9370,341.480814
9371,341.485693
9372,341.490077
9373,341.493958
9374,341.49733
9375,341.500192
9376,341.502543
9377,341.504382
9378,341.505703
9379,341.506498
9380,341.506747
9381,341.506425
9382,341.505498
9383,341.503922
9384,341.501644
9385,341.498599
9386,341.494716
9387,341.489916
9388,341.484124
9389,341.477278
9390,341.469327
9391,341.460239
9392,341.449996
9393,341.438596
9394,341.426046
9395,341.41237
9396,341.397598
9397,341.381773
9398,341.364949
9399,341.347189
9400,341.328567
9401,341.309168
9402,341.289085
9403,341.26842
9404,341.247271
9405,341.225727
9406,341.203857
9407,341.181715
9408,341.257955
9409,341.26954
9410,341.281065
9411,341.292527
9412,341.303921
9413,341.315242
9414,341.326483
9415,341.337638
9416,341.348698
9417,341.359655
9418,341.370496
9419,341.381207
9420,341.39177
9421,341.402165
9422,341.412366
9423,341.422339
9424,341.432049
9425,341.441455
9426,341.45052
9427,341.459211
9428,341.467499
9429,341.475359
9430,341.482767
9431,341.489705
9432,341.496152
9433,341.502092
9434,341.507508
9435,341.512387
9436,341.516715
9437,341.520483
9438,341.523683
9439,341.526312
9440,341.528369
9441,341.529856
9442,341.530767
9443,341.531093
9444,341.530814
9445,341.529904
9446,341.528328
9447,341.526044
9448,341.523003
9449,341.519147
9450,341.514416
9451,341.508746
9452,341.502078
9453,341.494361
9454,341.485556
9455,341.475639
9456,341.464599
9457,341.452437
9458,341.439167
9459,341.424813
9460,341.409411
9461,341.393005
9462,341.375648
9463,341.357403
9464,341.338341
9465,341.318542
9466,341.298091
9467,341.277075
9468,341.25558
9469,341.233684
9470,341.211449
9471,341.188925
9472,341.272488
9473,341.284857
9474,341.297144
9475,341.309341
9476,341.321445
9477,341.333451
9478,341.345352
9479,341.357143
9480,341.368817
9481,341.380366
9482,341.391779
9483,341.403044
9484,341.414145
9485,341.425059
9486,341.435762
9487,341.44622
9488,341.456391
9489,341.466228
9490,341.475689
9491,341.48474
9492,341.493349
9493,341.501491
9494,341.509142
9495,341.51628
9496,341.522885
9497,341.528937
9498,341.534418
9499,341.539311
9500,341.543599
9501,341.547269
9502,341.550312
9503,341.552722
9504,341.554498
9505,341.555645
9506,341.556162
9507,341.556035
9508,341.555244
9509,341.553763
9510,341.551555
9511,341.548582
9512,341.544796
9513,341.540149
9514,341.534588
9515,341.528063
9516,341.520526
9517,341.51194
9518,341.502276
9519,341.491519
9520,341.479663
9521,341.466718
9522,341.452701
9523,341.437641
9524,341.421577
9525,341.404555
9526,341.386629
9527,341.367861
9528,341.34832
9529,341.32808
9530,341.307218
9531,341.285812
9532,341.263939
9533,341.241666
9534,341.21905
9535,341.196134
9536,341.287127
9537,341.300288
9538,341.313339
9539,341.326274
9540,341.33909
9541,341.351781
9542,341.364342
9543,341.376768
9544,341.389054
9545,341.401192
9546,341.413174
9547,341.424989
9548,341.436622
9549,341.448053
9550,341.459257
9551,341.470199
9552,341.480833
9553,341.491102
9554,341.500961
9555,341.510373
9556,341.519307
9557,341.527737
9558,341.535639
9559,341.542988
9560,341.549763
9561,341.555943
9562,341.561507
9563,341.566433
9564,341.570702
9565,341.574299
9566,341.577208
9567,341.579421
9568,341.580938
9569,341.581771
9570,341.581918
9571,341.581364
9572,341.580088
9573,341.57806
9574,341.575247
9575,341.571608
9576,341.567102
9577,341.561685
9578,341.555315
9579,341.54795
9580,341.539554
9581,341.530102
9582,341.519574
9583,341.507964
9584,341.495275
9585,341.481523
9586,341.466732
9587,341.450935
9588,341.434174
9589,341.416498
9590,341.397964
9591,341.378632
9592,341.358568
9593,341.337843
9594,341.316528
9595,341.294694
9596,341.272408
9597,341.249731
9598,341.226714
9599,341.203396
9600,341.301896
9601,341.315853
9602,341.329672
9603,341.343349
9604,341.356877
9605,341.370253
9606,341.383471
9607,341.396529
9608,341.40942
9609,341.422141
9610,341.434684
9611,341.447041
9612,341.459197
9613,341.471135
9614,341.48283
9615,341.494245
9616,341.505332
9617,341.516026
9618,341.526277
9619,341.536048
9620,341.545308
9621,341.55403
9622,341.562188
9623,341.569759
9624,341.576719
9625,341.583045
9626,341.588712
9627,341.593697
9628,341.597977
9629,341.60153
9630,341.60434
9631,341.606393
9632,341.60769
9633,341.608247
9634,341.60806
9635,341.607115
9636,341.605388
9637,341.602848
9638,341.599459
9639,341.595185
9640,341.589986
9641,341.583824
9642,341.576664
9643,341.568473
9644,341.559227
9645,341.548909
9646,341.537511
9647,341.525036
9648,341.511495
9649,341.496911
9650,341.481316
9651,341.464748
9652,341.447253
9653,341.428885
9654,341.409699
9655,341.389759
9656,341.369129
9657,341.347876
9658,341.326066
9659,341.303764
9660,341.281031
9661,341.257922
9662,341.234483
9663,341.210751
9664,341.316815
9665,341.331574
9666,341.346167
9667,341.360587
9668,341.374829
9669,341.388887
9670,341.402759
9671,341.416441
9672,341.42993
9673,341.443224
9674,341.456317
9675,341.469201
9676,341.481866
9677,341.494294
9678,341.506462
9679,341.518332
9680,341.529853
9681,341.540956
9682,341.551587
9683,341.56171
9684,341.571292
9685,341.580307
9686,341.588728
9687,341.596531
9688,341.603692
9689,341.610184
9690,341.615981
9691,341.621056
9692,341.625381
9693,341.62893
9694,341.631683
9695,341.633625
9696,341.634752
9697,341.635081
9698,341.634608
9699,341.633318
9700,341.631182
9701,341.628169
9702,341.624242
9703,341.619365
9704,341.613503
9705,341.60662
9706,341.598689
9707,341.589687
9708,341.579597
9709,341.568413
9710,341.556136
9711,341.542779
9712,341.528364
9713,341.51292
9714,341.496488
9715,341.479112
9716,341.460844
9717,341.44174
9718,341.421861
9719,341.401269
9720,341.380028
9721,341.358202
9722,341.335855
9723,341.313046
9724,341.289833
9725,341.266265
9726,341.242384
9727,341.218224
9728,341.331908
9729,341.347477
9730,341.362848
9731,341.378014
9732,341.392967
9733,341.407705
9734,341.422224
9735,341.436523
9736,341.450599
9737,341.464452
9738,341.478078
9739,341.491472
9740,341.504625
9741,341.517522
9742,341.530139
9743,341.542439
9744,341.554372
9745,341.565862
9746,341.576858
9747,341.58732
9748,341.597218
9749,341.606524
9750,341.615213
9751,341.623259
9752,341.630636
9753,341.637318
9754,341.643273
9755,341.648472
9756,341.652883
9757,341.656475
9758,341.659223
9759,341.661108
9760,341.662123
9761,341.662283
9762,341.661581
9763,341.659997
9764,341.657502
9765,341.654061
9766,341.649638
9767,341.644194
9768,341.637698
9769,341.63012
9770,341.621437
9771,341.611633
9772,341.600702
9773,341.588646
9774,341.575478
9775,341.56122
9776,341.545905
9777,341.52957
9778,341.512265
9779,341.494042
9780,341.474958
9781,341.455075
9782,341.434457
9783,341.413167
9784,341.39127
9785,341.368829
9786,341.345905
9787,341.322554
9788,341.298828
9789,341.274774
9790,341.250431
9791,341.225829
9792,341.3472
9793,341.363588
9794,341.379742
9795,341.395654
9796,341.411319
9797,341.426731
9798,341.44189
9799,341.456794
9800,341.471443
9801,341.485838
9802,341.499977
9803,341.513859
9804,341.527475
9805,341.540814
9806,341.553851
9807,341.566554
9808,341.578869
9809,341.590722
9810,341.602061
9811,341.612848
9812,341.623051
9813,341.632645
9814,341.641604
9815,341.649902
9816,341.657514
9817,341.664408
9818,341.670554
9819,341.675916
9820,341.680458
9821,341.684146
9822,341.686947
9823,341.688837
9824,341.689804
9825,341.689859
9826,341.68899
9827,341.687173
9828,341.684375
9829,341.680556
9830,341.675679
9831,341.669707
9832,341.662609
9833,341.654358
9834,341.644939
9835,341.634341
9836,341.622569
9837,341.609633
9838,341.595557
9839,341.580375
9840,341.564128
9841,341.546867
9842,341.528649
9843,341.509536
9844,341.489592
9845,341.468884
9846,341.447481
9847,341.425448
9848,341.402851
9849,341.379753
9850,341.356212
9851,341.332283
9852,341.308015
9853,341.28345
9854,341.258625
9855,341.233567
9856,341.362718
9857,341.379932
9858,341.396875
9859,341.413536
9860,341.42991
9861,341.445992
9862,341.461781
9863,341.477277
9864,341.492482
9865,341.507398
9866,341.522027
9867,341.536369
9868,341.550419
9869,341.564168
9870,341.577594
9871,341.590665
9872,341.603331
9873,341.615518
9874,341.627176
9875,341.638267
9876,341.648763
9877,341.658637
9878,341.667867
9879,341.676427
9880,341.684289
9881,341.691422
9882,341.697791
9883,341.703358
9884,341.708083
9885,341.711922
9886,341.714839
9887,341.716802
9888,341.717793
9889,341.717813
9890,341.716846
9891,341.714861
9892,341.711818
9893,341.707676
9894,341.702393
9895,341.695932
9896,341.688263
9897,341.679363
9898,341.66922
9899,341.657834
9900,341.645215
9901,341.631385
9902,341.61638
9903,341.600244
9904,341.583031
9905,341.564803
9906,341.545629
9907,341.525579
9908,341.504727
9909,341.483147
9910,341.460911
9911,341.43809
9912,341.41475
9913,341.390954
9914,341.366759
9915,341.342219
9916,341.31738
9917,341.292282
9918,341.266957
9919,341.241432
9920,341.37849
9921,341.396542
9922,341.414279
9923,341.431692
9924,341.448772
9925,341.465516
9926,341.481924
9927,341.497996
9928,341.513737
9929,341.529151
9930,341.544242
9931,341.559013
9932,341.573463
9933,341.587586
9934,341.601363
9935,341.614766
9936,341.627746
9937,341.640234
9938,341.652181
9939,341.663554
9940,341.674324
9941,341.68447
9942,341.693969
9943,341.702796
9944,341.710925
9945,341.718322
9946,341.72495
9947,341.730767
9948,341.735727
9949,341.73978
9950,341.742882
9951,341.744991
9952,341.74608
9953,341.746142
9954,341.745151
9955,341.743067
9956,341.739845
9957,341.735437
9958,341.729797
9959,341.722887
9960,341.714678
9961,341.705149
9962,341.694294
9963,341.68212
9964,341.668645
9965,341.653904
9966,341.637942
9967,341.620817
9968,341.602597
9969,341.583358
9970,341.563178
9971,341.542142
9972,341.520333
9973,341.497831
9974,341.474715
9975,341.45106
9976,341.426935
9977,341.402402
9978,341.377519
9979,341.352338
9980,341.326901
9981,341.301248
9982,341.275407
9983,341.249403
9984,341.394547
9985,341.413448
9986,341.431987
9987,341.450152
9988,341.467936
9989,341.485335
9990,341.502349
9991,341.51898
9992,341.535234
9993,341.551118
9994,341.566639
9995,341.581805
9996,341.596617
9997,341.611073
9998,341.62516
9999,341.638852
10000,341.652106
10001,341.664856
10002,341.677059
10003,341.688684
10004,341.699707
10005,341.71011
10006,341.719873
10007,341.728972
10008,341.737382
10009,341.745068
10010,341.751991
10011,341.758104
10012,341.763354
10013,341.767687
10014,341.771045
10015,341.773378
10016,341.774648
10017,341.774833
10018,341.773897
10019,341.77179
10020,341.768456
10021,341.763841
10022,341.757896
10023,341.750578
10024,341.741858
10025,341.731721
10026,341.720162
10027,341.707196
10028,341.692852
10029,341.677175
10030,341.660223
10031,341.64207
10032,341.622797
10033,341.602495
10034,341.581258
10035,341.559183
10036,341.536363
10037,341.512889
10038,341.488846
10039,341.464313
10040,341.439361
10041,341.414055
10042,341.388452
10043,341.362601
10044,341.336545
10045,341.310317
10046,341.283948
10047,341.257456
10048,341.410923
10049,341.430686
10050,341.450034
10051,341.468954
10052,341.487439
10053,341.505483
10054,341.523088
10055,341.540258
10056,341.556999
10057,341.573323
10058,341.589241
10059,341.604761
10060,341.619892
10061,341.634635
10062,341.648984
10063,341.662918
10064,341.6764
10065,341.689369
10066,341.701788
10067,341.713631
10068,341.724881
10069,341.735523
10070,341.745539
10071,341.754912
10072,341.763613
10073,341.771611
10074,341.778864
10075,341.785319
10076,341.790919
10077,341.795598
10078,341.79929
10079,341.801931
10080,341.803466
10081,341.803862
10082,341.803065
10083,341.801013
10084,341.797639
10085,341.79288
10086,341.78668
10087,341.778995
10088,341.769795
10089,341.759066
10090,341.746809
10091,341.733045
10092,341.717814
10093,341.701172
10094,341.683192
10095,341.663963
10096,341.643585
10097,341.622165
10098,341.599814
10099,341.576643
10100,341.552759
10101,341.528262
10102,341.503245
10103,341.477791
10104,341.451975
10105,341.425862
10106,341.399509
10107,341.372964
10108,341.346267
10109,341.319451
10110,341.292541
10111,341.265555
10112,341.427654
10113,341.448292
10114,341.468458
10115,341.488136
10116,341.507317
10117,341.525997
10118,341.544178
10119,341.561863
10120,341.579065
10121,341.595795
10122,341.612068
10123,341.6279
10124,341.643302
10125,341.658282
10126,341.67284
10127,341.686963
10128,341.700619
10129,341.713758
10130,341.726347
10131,341.738369
10132,341.749812
10133,341.760667
10134,341.770923
10135,341.780564
10136,341.789565
10137,341.797895
10138,341.805509
10139,341.812352
10140,341.818359
10141,341.823456
10142,341.827562
10143,341.830597
10144,341.83249
10145,341.833187
10146,341.832618
10147,341.830703
10148,341.827362
10149,341.822523
10150,341.816121
10151,341.80811
10152,341.798458
10153,341.787153
10154,341.7742
10155,341.759629
10156,341.743489
10157,341.725848
10158,341.706796
10159,341.686439
10160,341.664898
10161,341.642299
10162,341.618774
10163,341.594449
10164,341.569445
10165,341.543875
10166,341.517838
10167,341.491423
10168,341.464708
10169,341.437759
10170,341.410631
10171,341.383372
10172,341.356019
10173,341.328602
10174,341.301144
10175,341.27366
10176,341.444777
10177,341.466308
10178,341.4873
10179,341.507739
10180,341.527613
10181,341.546918
10182,341.565655
10183,341.583833
10184,341.601463
10185,341.618562
10186,341.635149
10187,341.651242
10188,341.666862
10189,341.682023
10190,341.696731
10191,341.710982
10192,341.724755
10193,341.738005
10194,341.750711
10195,341.762865
10196,341.774461
10197,341.785499
10198,341.795972
10199,341.80587
10200,341.815173
10201,341.823849
10202,341.831853
10203,341.839128
10204,341.8456
10205,341.851184
10206,341.855786
10207,341.859306
10208,341.861652
10209,341.862746
10210,341.862496
10211,341.860802
10212,341.85757
10213,341.852714
10214,341.846164
10215,341.837867
10216,341.82779
10217,341.815922
10218,341.802276
10219,341.786885
10220,341.769809
10221,341.751132
10222,341.730959
10223,341.709418
10224,341.686651
10225,341.66281
10226,341.638046
10227,341.612507
10228,341.58633
10229,341.559638
10230,341.53254
10231,341.505128
10232,341.477483
10233,341.449672
10234,341.42175
10235,341.393761
10236,341.36574
10237,341.337715
10238,341.309705
10239,341.281721
10240,341.462334
10241,341.484773
10242,341.506603
10243,341.527805
10244,341.548368
10245,341.568286
10246,341.587562
10247,341.606205
10248,341.62423
10249,341.641657
10250,341.65851
10251,341.674813
10252,341.690592
10253,341.70587
10254,341.720663
10255,341.734976
10256,341.748797
10257,341.762094
10258,341.774857
10259,341.787086
10260,341.798787
10261,341.809967
10262,341.820628
10263,341.830766
10264,341.840363
10265,341.849393
10266,341.85781
10267,341.865553
10268,341.872544
10269,341.878685
10270,341.883865
10271,341.887963
10272,341.890859
10273,341.892448
10274,341.89261
10275,341.891224
10276,341.888175
10277,341.883365
10278,341.876717
10279,341.868172
10280,341.857696
10281,341.84528
10282,341.830939
10283,341.814715
10284,341.796678
10285,341.776924
10286,341.755579
10287,341.732793
10288,341.708734
10289,341.683581
10290,341.657515
10291,341.630704
10292,341.603302
10293,341.575444
10294,341.547247
10295,341.518809
10296,341.490212
10297,341.46152
10298,341.43279
10299,341.404061
10300,341.375367
10301,341.346731
10302,341.318168
10303,341.289688
10304,341.480364
10305,341.503731
10306,341.52641
10307,341.54838
10308,341.569627
10309,341.590145
10310,341.609939
10311,341.62902
10312,341.647403
10313,341.665114
10314,341.682181
10315,341.698636
10316,341.714511
10317,341.729837
10318,341.744642
10319,341.75894
10320,341.772735
10321,341.786006
10322,341.798755
10323,341.810995
10324,341.822744
10325,341.834018
10326,341.844827
10327,341.855175
10328,341.865051
10329,341.874433
10330,341.883276
10331,341.891518
10332,341.899073
10333,341.905835
10334,341.911672
10335,341.91644
10336,341.919985
10337,341.922168
10338,341.922835
10339,341.921838
10340,341.919043
10341,341.91434
10342,341.907641
10343,341.898885
10344,341.888035
10345,341.875083
10346,341.860048
10347,341.842979
10348,341.823953
10349,341.803084
10350,341.780515
10351,341.756421
10352,341.731002
10353,341.704471
10354,341.67704
10355,341.648902
10356,341.620229
10357,341.591169
10358,341.561846
10359,341.53236
10360,341.502793
10361,341.473212
10362,341.443666
10363,341.414195
10364,341.384827
10365,341.355582
10366,341.326472
10367,341.297503
10368,341.49891
10369,341.523227
10370,341.546767
10371,341.569508
10372,341.591435
10373,341.612541
10374,341.632832
10375,341.652318
10376,341.671021
10377,341.688968
10378,341.706194
10379,341.722737
10380,341.738638
10381,341.753938
10382,341.768674
10383,341.782876
10384,341.796559
10385,341.809721
10386,341.822378
10387,341.834555
10388,341.846284
10389,341.857591
10390,341.868498
10391,341.879017
10392,341.889145
10393,341.898863
10394,341.908133
10395,341.91689
10396,341.925046
10397,341.932482
10398,341.939049
10399,341.944573
10400,341.948864
10401,341.951735
10402,341.952993
10403,341.952461
10404,341.949985
10405,341.945441
10406,341.938735
10407,341.9298
10408,341.918599
10409,341.905124
10410,341.889398
10411,341.871474
10412,341.85144
10413,341.829421
10414,341.805579
10415,341.780117
10416,341.753272
10417,341.7253
10418,341.696447
10419,341.666937
10420,341.636959
10421,341.606672
10422,341.576205
10423,341.54566
10424,341.51512
10425,341.484647
10426,341.454288
10427,341.42408
10428,341.394045
10429,341.3642
10430,341.334553
10431,341.305104
10432,341.518013
10433,341.543302
10434,341.567718
10435,341.591236
10436,341.613838
10437,341.635518
10438,341.65628
10439,341.67614
10440,341.69512
10441,341.713253
10442,341.730579
10443,341.747143
10444,341.762995
10445,341.778187
10446,341.792767
10447,341.806781
10448,341.820261
10449,341.833222
10450,341.845697
10451,341.857728
10452,341.869358
10453,341.880629
10454,341.891571
10455,341.902208
10456,341.912545
10457,341.922571
10458,341.93225
10459,341.941523
10460,341.950296
10461,341.958443
10462,341.965798
10463,341.972155
10464,341.977276
10465,341.980919
10466,341.982842
10467,341.982837
10468,341.980731
10469,341.976389
10470,341.96971
10471,341.960624
10472,341.949094
10473,341.935111
10474,341.918702
10475,341.899923
10476,341.878869
10477,341.855675
10478,341.830523
10479,341.803643
10480,341.775314
10481,341.745846
10482,341.715531
10483,341.684618
10484,341.653317
10485,341.621793
10486,341.59018
10487,341.558581
10488,341.527074
10489,341.49572
10490,341.464562
10491,341.43363
10492,341.402943
10493,341.372513
10494,341.342343
10495,341.312431
10496,341.537714
10497,341.563998
10498,341.589305
10499,341.613604
10500,341.636877
10501,341.659116
10502,341.680327
10503,341.700525
10504,341.719738
10505,341.738003
10506,341.755365
10507,341.771878
10508,341.787602
10509,341.802598
10510,341.81693
10511,341.830657
10512,341.843832
10513,341.856491
10514,341.868686
10515,341.880477
10516,341.891921
10517,341.903072
10518,341.913974
10519,341.924662
10520,341.93515
10521,341.945436
10522,341.955489
10523,341.965254
10524,341.974637
10525,341.983505
10526,341.991678
10527,341.99892
10528,342.00494
10529,342.009414
10530,342.012052
10531,342.012613
10532,342.010909
10533,342.006796
10534,342.000168
10535,341.990954
10536,341.979114
10537,341.964642
10538,341.947564
10539,341.92794
10540,341.90587
10541,341.881498
10542,341.85502
10543,341.826692
10544,341.796838
10545,341.765843
10546,341.734047
10547,341.701728
10548,341.669108
10549,341.63636
10550,341.603618
10551,341.570985
10552,341.538535
10553,341.506323
10554,341.474389
10555,341.442756
10556,341.41144
10557,341.380447
10558,341.349775
10559,341.31942
10560,341.558046
10561,341.585353
10562,341.611566
10563,341.636652
10564,341.66059
10565,341.683373
10566,341.705006
10567,341.725507
10568,341.744906
10569,341.763246
10570,341.780578
10571,341.796964
10572,341.812475
10573,341.827183
10574,341.841168
10575,341.854505
10576,341.867266
10577,341.879515
10578,341.891326
10579,341.902773
10580,341.913931
10581,341.924868
10582,341.935642
10583,341.946298
10584,341.956863
10585,341.96734
10586,341.977709
10587,341.987915
10588,341.997868
10589,342.007431
10590,342.01641
10591,342.024544
10592,342.03149
10593,342.036814
10594,342.040174
10595,342.041307
10596,342.040012
10597,342.036136
10598,342.029571
10599,342.020242
10600,342.008112
10601,341.993172
10602,341.97545
10603,341.955008
10604,341.931949
10605,341.906424
10606,341.878639
10607,341.848872
10608,341.817487
10609,341.784975
10610,341.751722
10611,341.718027
10612,341.684124
10613,341.650191
10614,341.61636
10615,341.582731
10616,341.549376
10617,341.516344
10618,341.483669
10619,341.45137
10620,341.419456
10621,341.387928
10622,341.356783
10623,341.326008
10624,341.57904
10625,341.607395
10626,341.63453
10627,341.660409
10628,341.685008
10629,341.708319
10630,341.730346
10631,341.751111
10632,341.770648
10633,341.789002
10634,341.806234
10635,341.822415
10636,341.837624
10637,341.851949
10638,341.865485
10639,341.878324
10640,341.890562
10641,341.90229
10642,341.913602
10643,341.924594
10644,341.935357
10645,341.945975
10646,341.956519
10647,341.967046
10648,341.977594
10649,341.988175
10650,341.998775
10651,342.009344
10652,342.019792
10653,342.029976
10654,342.039689
10655,342.048646
10656,342.056451
10657,342.062566
10658,342.066602
10659,342.068273
10660,342.067363
10661,342.063713
10662,342.057207
10663,342.047773
10664,342.035368
10665,342.019988
10666,342.001657
10667,341.980441
10668,341.956446
10669,341.929828
10670,341.900805
10671,341.869675
10672,341.836847
10673,341.8029
10674,341.768265
10675,341.733269
10676,341.698153
10677,341.6631
10678,341.628243
10679,341.593679
10680,341.559475
10681,341.525675
10682,341.492307
10683,341.459385
10684,341.426913
10685,341.394887
10686,341.3633
10687,341.332135
10688,341.600712
10689,341.630143
10690,341.658218
10691,341.684895
10692,341.710148
10693,341.733969
10694,341.756362
10695,341.777352
10696,341.796974
10697,341.815281
10698,341.832341
10699,341.848233
10700,341.863048
10701,341.876891
10702,341.88987
10703,341.902101
10704,341.913702
10705,341.924791
10706,341.935486
10707,341.945903
10708,341.956152
10709,341.966334
10710,341.976534
10711,341.986821
10712,341.997243
10713,342.00782
10714,342.018544
10715,342.029369
10716,342.040201
10717,342.050892
10718,342.061219
10719,342.070867
10720,342.079392
10721,342.086181
10722,342.090802
10723,342.092941
10724,342.092366
10725,342.088908
10726,342.082448
10727,342.072908
10728,342.060247
10729,342.044456
10730,342.025564
10731,342.003636
10732,341.978781
10733,341.951163
10734,341.921014
10735,341.888653
10736,341.854531
10737,341.819287
10738,341.783398
10739,341.747213
10740,341.710987
10741,341.67491
10742,341.639114
10743,341.603694
10744,341.568713
10745,341.53421
10746,341.500209
10747,341.466718
10748,341.433737
10749,341.401257
10750,341.369265
10751,341.337744
10752,341.623066
10753,341.6536
10754,341.68263
10755,341.71011
10756,341.736011
10757,341.760323
10758,341.783053
10759,341.804225
10760,341.82388
10761,341.842076
10762,341.858888
10763,341.874404
10764,341.888731
10765,341.901986
10766,341.914297
10767,341.925803
10768,341.936646
10769,341.94697
10770,341.95692
10771,341.966635
10772,341.976243
10773,341.985863
10774,341.995595
10775,342.005518
10776,342.01569
10777,342.026139
10778,342.036861
10779,342.047809
10780,342.058888
10781,342.069941
10782,342.080727
10783,342.090902
10784,342.09998
10785,342.107297
10786,342.112382
10787,342.114894
10788,342.114583
10789,342.11127
10790,342.10483
10791,342.09518
10792,342.082278
10793,342.066114
10794,342.046716
10795,342.024152
10796,341.998535
10797,341.970035
10798,341.938899
10799,341.905469
10800,341.870228
10801,341.833859
10802,341.796873
10803,341.759643
10804,341.722439
10805,341.685456
10806,341.648829
10807,341.61265
10808,341.57698
10809,341.541854
10810,341.507291
10811,341.473295
10812,341.43986
10813,341.406975
10814,341.374623
10815,341.342782
10816,341.646084
10817,341.677747
10818,341.707747
10819,341.736032
10820,341.762572
10821,341.787356
10822,341.81039
10823,341.831702
10824,341.851335
10825,341.869354
10826,341.88584
10827,341.900894
10828,341.914633
10829,341.92719
10830,341.938716
10831,341.949372
10832,341.959328
10833,341.968755
10834,341.977825
10835,341.986702
10836,341.995535
10837,342.004459
10838,342.013589
10839,342.023016
10840,342.032804
10841,342.042988
10842,342.053564
10843,342.064488
10844,342.075658
10845,342.086907
10846,342.097978
10847,342.1085
10848,342.117954
10849,342.125639
10850,342.13105
10851,342.133823
10852,342.133692
10853,342.130466
10854,342.124012
10855,342.114245
10856,342.101118
10857,342.084621
10858,342.064782
10859,342.041669
10860,342.0154
10861,341.986154
10862,341.954188
10863,341.919866
10864,341.883694
10865,341.846387
10866,341.808483
10867,341.770374
10868,341.732344
10869,341.694594
10870,341.65726
10871,341.620436
10872,341.584179
10873,341.548522
10874,341.513478
10875,341.479048
10876,341.445224
10877,341.411989
10878,341.379324
10879,341.347205
10880,341.669719
10881,341.702535
10882,341.733516
10883,341.762607
10884,341.789775
10885,341.815008
10886,341.838314
10887,341.859721
10888,341.879278
10889,341.897053
10890,341.913135
10891,341.927636
10892,341.940684
10893,341.952432
10894,341.96305
10895,341.972726
10896,341.981657
10897,341.990047
10898,341.998096
10899,342.005994
10900,342.013912
10901,342.022003
10902,342.030394
10903,342.039185
10904,342.048448
10905,342.05822
10906,342.0685
10907,342.07924
10908,342.090334
10909,342.101603
10910,342.112775
10911,342.123459
10912,342.133109
10913,342.140994
10914,342.146586
10915,342.149501
10916,342.149456
10917,342.146252
10918,342.139748
10919,342.129853
10920,342.116518
10921,342.099731
10922,342.079519
10923,342.055954
10924,342.029155
10925,341.999308
10926,341.966681
10927,341.93165
10928,341.894743
10929,341.856696
10930,341.818064
10931,341.779258
10932,341.740568
10933,341.702203
10934,341.664303
10935,341.626959
10936,341.590228
10937,341.55414
10938,341.518705
10939,341.483921
10940,341.449777
10941,341.416253
10942,341.383327
10943,341.350974
10944,341.693886
10945,341.727873
10946,341.759843
10947,341.789737
10948,341.817519
10949,341.843177
10950,341.866719
10951,341.888176
10952,341.907601
10953,341.925066
10954,341.940667
10955,341.954524
10956,341.966781
10957,341.977605
10958,341.987189
10959,341.995748
10960,342.003512
10961,342.01072
10962,342.017603
10963,342.024378
10964,342.031241
10965,342.03836
10966,342.045873
10967,342.053888
10968,342.062483
10969,342.071695
10970,342.081523
10971,342.091915
10972,342.10276
10973,342.113869
10974,342.124958
10975,342.135617
10976,342.145282
10977,342.153201
10978,342.158827
10979,342.16176
10980,342.161706
10981,342.158455
10982,342.15186
10983,342.141827
10984,342.128301
10985,342.11127
10986,342.090761
10987,342.066844
10988,342.039643
10989,342.009347
10990,341.976231
10991,341.940683
10992,341.90324
10993,341.864654
10994,341.825494
10995,341.786178
10996,341.747007
10997,341.708191
10998,341.669874
10999,341.632146
11000,341.595063
11001,341.558652
11002,341.522924
11003,341.487871
11004,341.453481
11005,341.419733
11006,341.386601
11007,341.35406
11008,341.718449
11009,341.753618
11010,341.786577
11011,341.817265
11012,341.845642
11013,341.871697
11014,341.89544
11015,341.916902
11016,341.93614
11017,341.953231
11018,341.968276
11019,341.981404
11020,341.99277
11021,342.002557
11022,342.010981
11023,342.018286
11024,342.024739
11025,342.030617
11026,342.036189
11027,342.041702
11028,342.047372
11029,342.053383
11030,342.059883
11031,342.066986
11032,342.074771
11033,342.083276
11034,342.092497
11035,342.102379
11036,342.112804
11037,342.123575
11038,342.134397
11039,342.144848
11040,342.154351
11041,342.162139
11042,342.167653
11043,342.170481
11044,342.17032
11045,342.166953
11046,342.160228
11047,342.150045
11048,342.136348
11049,342.119122
11050,342.098392
11051,342.074229
11052,342.046758
11053,342.016169
11054,341.982741
11055,341.946867
11056,341.909091
11057,341.870172
11058,341.830686
11059,341.791056
11060,341.751587
11061,341.712492
11062,341.673914
11063,341.635944
11064,341.598638
11065,341.56202
11066,341.526099
11067,341.490867
11068,341.45631
11069,341.422404
11070,341.389124
11071,341.356443
11072,341.743203
11073,341.779555
11074,341.813496
11075,341.84496
11076,341.873908
11077,341.900329
11078,341.924233
11079,341.945656
11080,341.964655
11081,341.981312
11082,341.995733
11083,342.008052
11084,342.018435
11085,342.02708
11086,342.034224
11087,342.040142
11088,342.04514
11089,342.049545
11090,342.053668
11091,342.057786
11092,342.062136
11093,342.066914
11094,342.072277
11095,342.07834
11096,342.085182
11097,342.09284
11098,342.101306
11099,342.11052
11100,342.120358
11101,342.130616
11102,342.140993
11103,342.151059
11104,342.160227
11105,342.167725
11106,342.172984
11107,342.175586
11108,342.175223
11109,342.171672
11110,342.164777
11111,342.154435
11112,342.140588
11113,342.123218
11114,342.102347
11115,342.078047
11116,342.050439
11117,342.019715
11118,341.986154
11119,341.950148
11120,341.912243
11121,341.873199
11122,341.833591
11123,341.793846
11124,341.754267
11125,341.715068
11126,341.67639
11127,341.638326
11128,341.600927
11129,341.564221
11130,341.528212
11131,341.492894
11132,341.458249
11133,341.424255
11134,341.390886
11135,341.358113
11136,341.767858
11137,341.805379
11138,341.84028
11139,341.872493
11140,341.90198
11141,341.92873
11142,341.952756
11143,341.974095
11144,341.992808
11145,342.008977
11146,342.022714
11147,342.034158
11148,342.043481
11149,342.050893
11150,342.056651
11151,342.061059
11152,342.06447
11153,342.067272
11154,342.069823
11155,342.07243
11156,342.075351
11157,342.078789
11158,342.082905
11159,342.087814
11160,342.093594
11161,342.100276
11162,342.107848
11163,342.116245
11164,342.125337
11165,342.134917
11166,342.144678
11167,342.154187
11168,342.162855
11169,342.169907
11170,342.174774
11171,342.177033
11172,342.176375
11173,342.172575
11174,342.165475
11175,342.154967
11176,342.140993
11177,342.12353
11178,342.102601
11179,342.078272
11180,342.050664
11181,342.019965
11182,341.98645
11183,341.950507
11184,341.912678
11185,341.873717
11186,341.834195
11187,341.794534
11188,341.755035
11189,341.715908
11190,341.677294
11191,341.639283
11192,341.601927
11193,341.565252
11194,341.529262
11195,341.49395
11196,341.459299
11197,341.425287
11198,341.391888
11199,341.359073
11200,341.792009
11201,341.830666
11202,341.866489
11203,341.899411
11204,341.929395
11205,341.956433
11206,341.980539
11207,342.001752
11208,342.020135
11209,342.035773
11210,342.04878
11211,342.059297
11212,342.067503
11213,342.073617
11214,342.077909
11215,342.080711
11216,342.082423
11217,342.083517
11218,342.084403
11219,342.085415
11220,342.086823
11221,342.088837
11222,342.091618
11223,342.09528
11224,342.099894
11225,342.105488
11226,342.112042
11227,342.119486
11228,342.127686
11229,342.136432
11230,342.145415
11231,342.154204
11232,342.162213
11233,342.168671
11234,342.173012
11235,342.174817
11236,342.173777
11237,342.169667
11238,342.162328
11239,342.151651
11240,342.137574
11241,342.120074
11242,342.099169
11243,342.074922
11244,342.047451
11245,342.016937
11246,341.983648
11247,341.947964
11248,341.910416
11249,341.871747
11250,341.832518
11251,341.793141
11252,341.753911
11253,341.715032
11254,341.676644
11255,341.638834
11256,341.601654
11257,341.565128
11258,341.529263
11259,341.49405
11260,341.459474
11261,341.425514
11262,341.392143
11263,341.359334
11264,341.815107
11265,341.85484
11266,341.891527
11267,341.925104
11268,341.955534
11269,341.982811
11270,342.006954
11271,342.028001
11272,342.046018
11273,342.061091
11274,342.073336
11275,342.082897
11276,342.089957
11277,342.094741
11278,342.097531
11279,342.098679
11280,342.098626
11281,342.09796
11282,342.097134
11283,342.096505
11284,342.096353
11285,342.09689
11286,342.098275
11287,342.100619
11288,342.103987
11289,342.108399
11290,342.113829
11291,342.120201
11292,342.127378
11293,342.135146
11294,342.1432
11295,342.151115
11296,342.158314
11297,342.164037
11298,342.167727
11299,342.168972
11300,342.167469
11301,342.162994
11302,342.155388
11303,342.144541
11304,342.130389
11305,342.112906
11306,342.092108
11307,342.068054
11308,342.040855
11309,342.010686
11310,341.977803
11311,341.942574
11312,341.905513
11313,341.867345
11314,341.828613
11315,341.789718
11316,341.750943
11317,341.712486
11318,341.674483
11319,341.637018
11320,341.600144
11321,341.563885
11322,341.528247
11323,341.493225
11324,341.458803
11325,341.424961
11326,341.391676
11327,341.358921
11328,341.836422
11329,341.877142
11330,341.914616
11331,341.948777
11332,341.979591
11333,342.007055
11334,342.031187
11335,342.052031
11336,342.069652
11337,342.084139
11338,342.095607
11339,342.104206
11340,342.11012
11341,342.113584
11342,342.114892
11343,342.114418
11344,342.112652
11345,342.110257
11346,342.107735
11347,342.105468
11348,342.103747
11349,342.102787
11350,342.102746
11351,342.103729
11352,342.105794
11353,342.108954
11354,342.113176
11355,342.118377
11356,342.124415
11357,342.131078
11358,342.138066
11359,342.144964
11360,342.151211
11361,342.156066
11362,342.158989
11363,342.159579
11364,342.15754
11365,342.152652
11366,342.144756
11367,342.133743
11368,342.119546
11369,342.102137
11370,342.081529
11371,342.057775
11372,342.030982
11373,342.001314
11374,341.969016
11375,341.934436
11376,341.898066
11377,341.860605
11378,341.822574
11379,341.784352
11380,341.746212
11381,341.708344
11382,341.670878
11383,341.633898
11384,341.597454
11385,341.561573
11386,341.526263
11387,341.491518
11388,341.457327
11389,341.423669
11390,341.390524
11391,341.357868
11392,341.855429
11393,341.897025
11394,341.935187
11395,341.969847
11396,342.000974
11397,342.028564
11398,342.05264
11399,342.073245
11400,342.090446
11401,342.104334
11402,342.115028
11403,342.122678
11404,342.127475
11405,342.129662
11406,342.129548
11407,342.127534
11408,342.124145
11409,342.120103
11410,342.115948
11411,342.112089
11412,342.108828
11413,342.106386
11414,342.104919
11415,342.104526
11416,342.105259
11417,342.107122
11418,342.110075
11419,342.114029
11420,342.118837
11421,342.124289
11422,342.13009
11423,342.135842
11424,342.141007
11425,342.144873
11426,342.146923
11427,342.146774
11428,342.144137
11429,342.138797
11430,342.130597
11431,342.119426
11432,342.105216
11433,342.087938
11434,342.067599
11435,342.044251
11436,342.017991
11437,341.988976
11438,341.957435
11439,341.923695
11440,341.888217
11441,341.851665
11442,341.814529
11443,341.777166
11444,341.739831
11445,341.702709
11446,341.665923
11447,341.629556
11448,341.593661
11449,341.558263
11450,341.523374
11451,341.48899
11452,341.4551
11453,341.421689
11454,341.388736
11455,341.35622
11456,341.871746
11457,341.914086
11458,341.952822
11459,341.987885
11460,342.019243
11461,342.046896
11462,342.070865
11463,342.091197
11464,342.107961
11465,342.121249
11466,342.131182
11467,342.137915
11468,342.141645
11469,342.142623
11470,342.141176
11471,342.137725
11472,342.132829
11473,342.127248
11474,342.121557
11475,342.116184
11476,342.111444
11477,342.107565
11478,342.104701
11479,342.102946
11480,342.102346
11481,342.102897
11482,342.104549
11483,342.107207
11484,342.110721
11485,342.114879
11486,342.119395
11487,342.12389
11488,342.127858
11489,342.13063
11490,342.13172
11491,342.130764
11492,342.127482
11493,342.121665
11494,342.113155
11495,342.101842
11496,342.087655
11497,342.070561
11498,342.050568
11499,342.027721
11500,342.002113
11501,341.973891
11502,341.94327
11503,341.910552
11504,341.87616
11505,341.84071
11506,341.804651
11507,341.768314
11508,341.731942
11509,341.695706
11510,341.659731
11511,341.624097
11512,341.588857
11513,341.55404
11514,341.519659
11515,341.485712
11516,341.452191
11517,341.419083
11518,341.38637
11519,341.354033
11520,341.885093
11521,341.928031
11522,341.967215
11523,342.002574
11524,342.034076
11525,342.061721
11526,342.085533
11527,342.10556
11528,342.121872
11529,342.134566
11530,342.143764
11531,342.149625
11532,342.152352
11533,342.152208
11534,342.149531
11535,342.144764
11536,342.13849
11537,342.131498
11538,342.124386
11539,342.117602
11540,342.111473
11541,342.10623
11542,342.102026
11543,342.098952
11544,342.097046
11545,342.096297
11546,342.096647
11547,342.097993
11548,342.100179
11549,342.102995
11550,342.10616
11551,342.109314
11552,342.111992
11553,342.113589
11554,342.113657
11555,342.11185
11556,342.107899
11557,342.101595
11558,342.092781
11559,342.081347
11560,342.06722
11561,342.050364
11562,342.030785
11563,342.008525
11564,341.983673
11565,341.956367
11566,341.926809
11567,341.895276
11568,341.86215
11569,341.827974
11570,341.793153
11571,341.75799
11572,341.722713
11573,341.687489
11574,341.652437
11575,341.61764
11576,341.583152
11577,341.549002
11578,341.515207
11579,341.481767
11580,341.448677
11581,341.415925
11582,341.383495
11583,341.351373
11584,341.895269
11585,341.938649
11586,341.978145
11587,342.013685
11588,342.045236
11589,342.0728
11590,342.096403
11591,342.116093
11592,342.131945
11593,342.144055
11594,342.15255
11595,342.157594
11596,342.159396
11597,342.158226
11598,342.154434
11599,342.14848
11600,342.140967
11601,342.132702
11602,342.124303
11603,342.116231
11604,342.108823
11605,342.102311
11606,342.09685
11607,342.092526
11608,342.08937
11609,342.087364
11610,342.086443
11611,342.086495
11612,342.08736
11613,342.088826
11614,342.090618
11615,342.092393
11616,342.093727
11617,342.09411
11618,342.093133
11619,342.090464
11620,342.085842
11621,342.07906
11622,342.069963
11623,342.058438
11624,342.044409
11625,342.027842
11626,342.008737
11627,341.987136
11628,341.963122
11629,341.936827
11630,341.908442
11631,341.878224
11632,341.846512
11633,341.813747
11634,341.780286
11635,341.746411
11636,341.712336
11637,341.678224
11638,341.64419
11639,341.610319
11640,341.576665
11641,341.54326
11642,341.510121
11643,341.477251
11644,341.444647
11645,341.412298
11646,341.380191
11647,341.348314
11648,341.902135
11649,341.945792
11650,341.985457
11651,342.021056
11652,342.052559
11653,342.079965
11654,342.103303
11655,342.122626
11656,342.138008
11657,342.14955
11658,342.157382
11659,342.16167
11660,342.162629
11661,342.160537
11662,342.155754
11663,342.14875
11664,342.140142
11665,342.130752
11666,342.121211
11667,342.11199
11668,342.10343
11669,342.095767
11670,342.089154
11671,342.083673
11672,342.079351
11673,342.076161
11674,342.074031
11675,342.072843
11676,342.072435
11677,342.072593
11678,342.073051
11679,342.073485
11680,342.073513
11681,342.072716
11682,342.070721
11683,342.067219
11684,342.061955
11685,342.054727
11686,342.04538
11687,342.033801
11688,342.019913
11689,342.003679
11690,341.985099
11691,341.964211
11692,341.941093
11693,341.915871
11694,341.888723
11695,341.859882
11696,341.829646
11697,341.798358
11698,341.76633
11699,341.733816
11700,341.701018
11701,341.668092
11702,341.63515
11703,341.602276
11704,341.569525
11705,341.53693
11706,341.504509
11707,341.472267
11708,341.440198
11709,341.408296
11710,341.376547
11711,341.344941
11712,341.905597
11713,341.949362
11714,341.989047
11715,342.02458
11716,342.055929
11717,342.083097
11718,342.106115
11719,342.125039
11720,342.139945
11721,342.150936
11722,342.158145
11723,342.161743
11724,342.161949
11725,342.159044
11726,342.153397
11727,342.145485
11728,342.135933
11729,342.125574
11730,342.115045
11731,342.104824
11732,342.095256
11733,342.086578
11734,342.078938
11735,342.072417
11736,342.067035
11737,342.062761
11738,342.059516
11739,342.057179
11740,342.055585
11741,342.054524
11742,342.053742
11743,342.052937
11744,342.05177
11745,342.049886
11746,342.046953
11747,342.042682
11748,342.036834
11749,342.029212
11750,342.019664
11751,342.008076
11752,341.994372
11753,341.978514
11754,341.960498
11755,341.940359
11756,341.918171
11757,341.89405
11758,341.868158
11759,341.840702
11760,341.811935
11761,341.782134
11762,341.751561
11763,341.720444
11764,341.688966
11765,341.657274
11766,341.625478
11767,341.593657
11768,341.561865
11769,341.530137
11770,341.498488
11771,341.466923
11772,341.435436
11773,341.404019
11774,341.372658
11775,341.341345
11776,341.905599
11777,341.949299
11778,341.988852
11779,342.024186
11780,342.055274
11781,342.08212
11782,342.10476
11783,342.123251
11784,342.137673
11785,342.148133
11786,342.154765
11787,342.157742
11788,342.157286
11789,342.153682
11790,342.147302
11791,342.138627
11792,342.128288
11793,342.117121
11794,342.105768
11795,342.094709
11796,342.084289
11797,342.074744
11798,342.066221
11799,342.058796
11800,342.052484
11801,342.047249
11802,342.04301
11803,342.039644
11804,342.036985
11805,342.034831
11806,342.032941
11807,342.031038
11808,342.028822
11809,342.025981
11810,342.022221
11811,342.017279
11812,342.010928
11813,342.002982
11814,341.993292
11815,341.981747
11816,341.968272
11817,341.952826
11818,341.935405
11819,341.916038
11820,341.894793
11821,341.871775
11822,341.847128
11823,341.821032
11824,341.793701
11825,341.765361
11826,341.736234
11827,341.706518
11828,341.676378
11829,341.645948
11830,341.615332
11831,341.584605
11832,341.553818
11833,341.523004
11834,341.492176
11835,341.461334
11836,341.430472
11837,341.399576
11838,341.368632
11839,341.33763
11840,341.902119
11841,341.945577
11842,341.984841
11843,342.019841
11844,342.050554
11845,342.076991
11846,342.09919
11847,342.117214
11848,342.131146
11849,342.141094
11850,342.147194
11851,342.149621
11852,342.148598
11853,342.144411
11854,342.137433
11855,342.128145
11856,342.117179
11857,342.105372
11858,342.093365
11859,342.081638
11860,342.070534
11861,342.060285
11862,342.051036
11863,342.042859
11864,342.035764
11865,342.029714
11866,342.024625
11867,342.020372
11868,342.016795
11869,342.0137
11870,342.01086
11871,342.008022
11872,342.004917
11873,342.00127
11874,341.996816
11875,341.991317
11876,341.984562
11877,341.976375
11878,341.966614
11879,341.955169
11880,341.941969
11881,341.92697
11882,341.910167
11883,341.891583
11884,341.87128
11885,341.84935
11886,341.825919
11887,341.801142
11888,341.775199
11889,341.748278
11890,341.720567
11891,341.692236
11892,341.663432
11893,341.634275
11894,341.60486
11895,341.575258
11896,341.545514
11897,341.515655
11898,341.485692
11899,341.45562
11900,341.425425
11901,341.395086
11902,341.364585
11903,341.333907
11904,341.895163
11905,341.9382
11906,341.977012
11907,342.011537
11908,342.041757
11909,342.067692
11910,342.089386
11911,342.106906
11912,342.120338
11913,342.129792
11914,342.135407
11915,342.137357
11916,342.135864
11917,342.131213
11918,342.123774
11919,342.114027
11920,342.102601
11921,342.090326
11922,342.077843
11923,342.065626
11924,342.054014
11925,342.043235
11926,342.033429
11927,342.024665
11928,342.016951
11929,342.010246
11930,342.004465
11931,341.999486
11932,341.995156
11933,341.991287
11934,341.987669
11935,341.984071
11936,341.980247
11937,341.975954
11938,341.970952
11939,341.965023
11940,341.957973
11941,341.949637
11942,341.939879
11943,341.928596
11944,341.915716
11945,341.901197
11946,341.88503
11947,341.867234
11948,341.847863
11949,341.826995
11950,341.804742
11951,341.781236
11952,341.756627
11953,341.731077
11954,341.704741
11955,341.677767
11956,341.650285
11957,341.6224
11958,341.594199
11959,341.565743
11960,341.537073
11961,341.50821
11962,341.479156
11963,341.449899
11964,341.420416
11965,341.390675
11966,341.360645
11967,341.330304
11968,341.884767
11969,341.927201
11970,341.965394
11971,341.999294
11972,342.028897
11973,342.054231
11974,342.07535
11975,342.092324
11976,342.105246
11977,342.114225
11978,342.119402
11979,342.120948
11980,342.119083
11981,342.114089
11982,342.106331
11983,342.096283
11984,342.084565
11985,342.072003
11986,342.059226
11987,342.046704
11988,342.034768
11989,342.02364
11990,342.013457
11991,342.004281
11992,341.99612
11993,341.988931
11994,341.982631
11995,341.9771
11996,341.972189
11997,341.967724
11998,341.963508
11999,341.959327
12000,341.95496
12001,341.950183
12002,341.944781
12003,341.938555
12004,341.931325
12005,341.922937
12006,341.913263
12007,341.902205
12008,341.889692
12009,341.875684
12010,341.860167
12011,341.843159
12012,341.824703
12013,341.80487
12014,341.783753
12015,341.761466
12016,341.738138
12017,341.713905
12018,341.6889
12019,341.66325
12020,341.637068
12021,341.610448
12022,341.583466
12023,341.556174
12024,341.528607
12025,341.500778
12026,341.472681
12027,341.444292
12028,341.415574
12029,341.386479
12030,341.356956
12031,341.326966
12032,341.871002
12033,341.912646
12034,341.950041
12035,341.983157
12036,342.012008
12037,342.036636
12038,342.057104
12039,342.07349
12040,342.085887
12041,342.094409
12042,342.099193
12043,342.100409
12044,342.098273
12045,342.09306
12046,342.085128
12047,342.07494
12048,342.063106
12049,342.050438
12050,342.037558
12051,342.02492
12052,342.012849
12053,342.001561
12054,341.991184
12055,341.98178
12056,341.973352
12057,341.965858
12058,341.959216
12059,341.953311
12060,341.948002
12061,341.943122
12062,341.938488
12063,341.933903
12064,341.929164
12065,341.924067
12066,341.918416
12067,341.912026
12068,341.904732
12069,341.896391
12070,341.886882
12071,341.876112
12072,341.864013
12073,341.850545
12074,341.835693
12075,341.819471
12076,341.801914
12077,341.783083
12078,341.76306
12079,341.741943
12080,341.719843
12081,341.696874
12082,341.673155
12083,341.648793
12084,341.623887
12085,341.598521
12086,341.572759
12087,341.546648
12088,341.520213
12089,341.49346
12090,341.466373
12091,341.438915
12092,341.411031
12093,341.382647
12094,341.353683
12095,341.324063
12096,341.853986
12097,341.894642
12098,341.931044
12099,341.9632
12100,341.991152
12101,342.014959
12102,342.034694
12103,342.050443
12104,342.0623
12105,342.07038
12106,342.074817
12107,342.075778
12108,342.073472
12109,342.068167
12110,342.060207
12111,342.050045
12112,342.038274
12113,342.02569
12114,342.012897
12115,342.000339
12116,341.988327
12117,341.977068
12118,341.966686
12119,341.957238
12120,341.948727
12121,341.94111
12122,341.934308
12123,341.92821
12124,341.922683
12125,341.917569
12126,341.912697
12127,341.907884
12128,341.902943
12129,341.897686
12130,341.891932
12131,341.885512
12132,341.878271
12133,341.870075
12134,341.860812
12135,341.850393
12136,341.838754
12137,341.825855
12138,341.81168
12139,341.79624
12140,341.779564
12141,341.761706
12142,341.742737
12143,341.722742
12144,341.701818
12145,341.680065
12146,341.657586
12147,341.634476
12148,341.610821
12149,341.586696
12150,341.562157
12151,341.537242
12152,341.511971
12153,341.486341
12154,341.460328
12155,341.433879
12156,341.406919
12157,341.379342
12158,341.351019
12159,341.321813
12160,341.833907
12161,341.873346
12162,341.908529
12163,341.939525
12164,341.966414
12165,341.989275
12166,342.008192
12167,342.023251
12168,342.034551
12169,342.042203
12170,342.046338
12171,342.047118
12172,342.044744
12173,342.039472
12174,342.031636
12175,342.021668
12176,342.010143
12177,341.997834
12178,341.985325
12179,341.973041
12180,341.961282
12181,341.950244
12182,341.940045
12183,341.93074
12184,341.922329
12185,341.91477
12186,341.907988
12187,341.901878
12188,341.896311
12189,341.891142
12190,341.886207
12191,341.881338
12192,341.876359
12193,341.871097
12194,341.865383
12195,341.85906
12196,341.851985
12197,341.844031
12198,341.835094
12199,341.825088
12200,341.813954
12201,341.801652
12202,341.788167
12203,341.773505
12204,341.757693
12205,341.740779
12206,341.722825
12207,341.703908
12208,341.684112
12209,341.663528
12210,341.642247
12211,341.620354
12212,341.597927
12213,341.575031
12214,341.551715
12215,341.528015
12216,341.503942
12217,341.479488
12218,341.454621
12219,341.429278
12220,341.403363
12221,341.376735
12222,341.349201
12223,341.320508
12224,341.81107
12225,341.84898
12226,341.882656
12227,341.912262
12228,341.93791
12229,341.959693
12230,341.977698
12231,341.992015
12232,342.002737
12233,342.009974
12234,342.013852
12235,342.014523
12236,342.012181
12237,342.007071
12238,341.999507
12239,341.989905
12240,341.978812
12241,341.966972
12242,341.954941
12243,341.943127
12244,341.931811
12245,341.921183
12246,341.911354
12247,341.902373
12248,341.894241
12249,341.886919
12250,341.880334
12251,341.874386
12252,341.868955
12253,341.863902
12254,341.859075
12255,341.854314
12256,341.849455
12257,341.844337
12258,341.8388
12259,341.832699
12260,341.825898
12261,341.81828
12262,341.809744
12263,341.800212
12264,341.789626
12265,341.777948
12266,341.765164
12267,341.751278
12268,341.736315
12269,341.720317
12270,341.703343
12271,341.68546
12272,341.666749
12273,341.64729
12274,341.627167
12275,341.606459
12276,341.585235
12277,341.563557
12278,341.541469
12279,341.519
12280,341.496162
12281,341.472943
12282,341.449305
12283,341.425182
12284,341.400466
12285,341.374992
12286,341.348507
12287,341.320592
12288,341.064381
12289,340.789683
12290,340.588908
12291,341.377491
12292,341.048973
12293,340.779875
12294,340.577916
12295,341.361177
12296,340.480582
12297,340.218163
12298,340.021218
12299,340.785036
