0,339.209789
1,339.218559
2,339.230854
3,339.244906
4,339.260055
5,339.275982
6,339.29246
7,339.309271
8,339.326177
9,339.342915
10,339.359201
11,339.37474
12,339.389236
13,339.402412
14,339.414018
15,339.423842
16,339.431712
17,339.4375
18,339.441123
19,339.442542
20,339.441758
21,339.438818
22,339.43381
23,339.426868
24,339.418162
25,339.407904
26,339.396332
27,339.383701
28,339.370271
29,339.35629
30,339.341979
31,339.32753
32,339.313093
33,339.298785
34,339.284685
35,339.270847
36,339.257299
37,339.244051
38,339.2311
39,339.218434
40,339.206037
41,339.193889
42,339.181971
43,339.170261
44,339.158745
45,339.147407
46,339.136235
47,339.125219
48,339.114355
49,339.103638
50,339.093065
51,339.082637
52,339.072354
53,339.06222
54,339.052238
55,339.042412
56,339.032748
57,339.023255
58,339.013944
59,339.004839
60,338.99599
61,338.987528
62,338.979842
63,338.974126
64,339.226108
65,339.235449
66,339.24847
67,339.263324
68,339.279342
69,339.296205
70,339.313684
71,339.331554
72,339.349564
73,339.367431
74,339.384843
75,339.40147
76,339.416987
77,339.431086
78,339.443495
79,339.453985
80,339.462372
81,339.468522
82,339.472346
83,339.473804
84,339.472898
85,339.469678
86,339.464237
87,339.456717
88,339.447305
89,339.43623
90,339.423757
91,339.410173
92,339.395769
93,339.38082
94,339.365572
95,339.350228
96,339.334949
97,339.319852
98,339.305016
99,339.290492
100,339.276301
101,339.262449
102,339.248928
103,339.235719
104,339.222802
105,339.210154
106,339.19775
107,339.185568
108,339.17359
109,339.161799
110,339.150181
111,339.138728
112,339.127432
113,339.11629
114,339.105298
115,339.094458
116,339.083769
117,339.073236
118,339.062861
119,339.052649
120,339.042606
121,339.032739
122,339.023062
123,339.013595
124,339.004389
125,338.995579
126,338.987561
127,338.981576
128,339.247529
129,339.257682
130,339.271785
131,339.287866
132,339.305233
133,339.32357
134,339.342653
135,339.362247
136,339.382082
137,339.40184
138,339.421153
139,339.439628
140,339.456872
141,339.472528
142,339.486282
143,339.497878
144,339.507116
145,339.513851
146,339.517989
147,339.519488
148,339.51835
149,339.514627
150,339.508424
151,339.499893
152,339.489246
153,339.476745
154,339.462703
155,339.447466
156,339.431392
157,339.414814
158,339.398016
159,339.381225
160,339.364612
161,339.348293
162,339.332342
163,339.316797
164,339.301669
165,339.286952
166,339.272624
167,339.258658
168,339.245023
169,339.231688
170,339.218623
171,339.2058
172,339.193197
173,339.180794
174,339.168576
175,339.156532
176,339.144655
177,339.132939
178,339.121384
179,339.109988
180,339.098755
181,339.087686
182,339.076785
183,339.066056
184,339.055505
185,339.045139
186,339.03497
187,339.025019
188,339.015336
189,339.006056
190,338.997595
191,338.99126
192,339.270649
193,339.281749
194,339.297164
195,339.31477
196,339.333853
197,339.354106
198,339.375312
199,339.397238
200,339.419597
201,339.442017
202,339.464042
203,339.485155
204,339.50485
205,339.522688
206,339.538308
207,339.551422
208,339.561814
209,339.56933
210,339.573873
211,339.575398
212,339.57391
213,339.569463
214,339.562165
215,339.552184
216,339.539756
217,339.525185
218,339.508848
219,339.491195
220,339.472711
221,339.453832
222,339.434902
223,339.416171
224,339.397811
225,339.379929
226,339.362582
227,339.345787
228,339.329534
229,339.313793
230,339.298527
231,339.283691
232,339.26924
233,339.255131
234,339.241324
235,339.227785
236,339.214485
237,339.201401
238,339.188514
239,339.175812
240,339.163286
241,339.150933
242,339.138751
243,339.12674
244,339.114902
245,339.10324
246,339.091757
247,339.080458
248,339.069348
249,339.058433
250,339.047723
251,339.037239
252,339.02703
253,339.017236
254,339.008291
255,339.001579
256,339.294432
257,339.306579
258,339.323488
259,339.342881
260,339.364024
261,339.386631
262,339.410518
263,339.435479
264,339.461235
265,339.487364
266,339.513249
267,339.538099
268,339.561182
269,339.581964
270,339.600052
271,339.615143
272,339.627018
273,339.635521
274,339.640561
275,339.642093
276,339.640121
277,339.634696
278,339.625926
279,339.61398
280,339.599101
281,339.581618
282,339.561971
283,339.540783
284,339.518843
285,339.496784
286,339.475019
287,339.453799
288,339.433266
289,339.413491
290,339.394491
291,339.376247
292,339.358713
293,339.341828
294,339.325528
295,339.309744
296,339.294412
297,339.279473
298,339.264874
299,339.250572
300,339.23653
301,339.222719
302,339.209119
303,339.195716
304,339.1825
305,339.169467
306,339.156617
307,339.143951
308,339.131471
309,339.119181
310,339.107085
311,339.095185
312,339.083487
313,339.071996
314,339.06072
315,339.049678
316,339.03892
317,339.02859
318,339.019143
319,339.012045
320,339.318535
321,339.331812
322,339.350379
323,339.371808
324,339.395362
325,339.420808
326,339.448046
327,339.476993
328,339.507495
329,339.539164
330,339.571075
331,339.601645
332,339.629588
333,339.654365
334,339.675682
335,339.693302
336,339.707039
337,339.716766
338,339.722405
339,339.723918
340,339.721306
341,339.714609
342,339.703911
343,339.68935
344,339.671115
345,339.649437
346,339.624685
347,339.597776
348,339.570447
349,339.543777
350,339.518185
351,339.49379
352,339.470601
353,339.448585
354,339.42768
355,339.4078
356,339.388847
357,339.370716
358,339.353302
359,339.336508
360,339.320244
361,339.304432
362,339.289002
363,339.273899
364,339.259077
365,339.244503
366,339.230151
367,339.216007
368,339.20206
369,339.188308
370,339.174752
371,339.161395
372,339.14824
373,339.135292
374,339.122554
375,339.11003
376,339.097722
377,339.085634
378,339.073774
379,339.062159
380,339.050837
381,339.039959
382,339.030002
383,339.022512
384,339.342793
385,339.357274
386,339.377651
387,339.401361
388,339.427694
389,339.456538
390,339.488016
391,339.522437
392,339.56024
393,339.601581
394,339.644988
395,339.685956
396,339.721496
397,339.75186
398,339.777428
399,339.798273
400,339.814342
401,339.825575
402,339.831935
403,339.833399
404,339.829962
405,339.821631
406,339.808433
407,339.790401
408,339.767486
409,339.739376
410,339.705542
411,339.667153
412,339.629828
413,339.59568
414,339.564623
415,339.536108
416,339.509689
417,339.485063
418,339.462004
419,339.440319
420,339.419827
421,339.400363
422,339.381773
423,339.363921
424,339.346686
425,339.329964
426,339.31367
427,339.297731
428,339.282094
429,339.266717
430,339.251572
431,339.236642
432,339.221919
433,339.207404
434,339.1931
435,339.179012
436,339.165146
437,339.151508
438,339.138101
439,339.124927
440,339.111988
441,339.099286
442,339.086827
443,339.074625
444,339.062729
445,339.051294
446,339.040821
447,339.032938
448,339.36706
449,339.382808
450,339.405133
451,339.431358
452,339.460858
453,339.493767
454,339.530756
455,339.573291
456,339.624048
457,339.686267
458,339.758484
459,339.823533
460,339.872238
461,339.910659
462,339.941914
463,339.96694
464,339.985978
465,339.999104
466,340.006353
467,340.007734
468,340.003225
469,339.992777
470,339.976304
471,339.953614
472,339.924052
473,339.885383
474,339.83216
475,339.763131
476,339.702671
477,339.654394
478,339.61483
479,339.580791
480,339.550442
481,339.522822
482,339.497381
483,339.473745
484,339.451621
485,339.430762
486,339.410952
487,339.392008
488,339.373774
489,339.356117
490,339.338929
491,339.322123
492,339.305633
493,339.28941
494,339.273423
495,339.257654
496,339.242101
497,339.226767
498,339.211662
499,339.196796
500,339.182177
501,339.167813
502,339.153705
503,339.139856
504,339.126265
505,339.112931
506,339.099858
507,339.087057
508,339.074578
509,339.062581
510,339.051589
511,339.043312
512,339.39117
513,339.408233
514,339.432617
515,339.461566
516,339.494619
517,339.532382
518,339.576733
519,339.63224
520,339.709065
521,339.824897
522,339.988913
523,340.123624
524,340.195039
525,340.244728
526,340.283794
527,340.314584
528,340.337694
529,340.353394
530,340.36184
531,340.36309
532,340.357099
533,340.34372
534,340.322697
535,340.293542
536,340.254713
537,340.199315
538,340.099412
539,339.925327
540,339.801662
541,339.723318
542,339.669488
543,339.627828
544,339.59272
545,339.561736
546,339.533729
547,339.508046
548,339.484237
549,339.461952
550,339.440903
551,339.420854
552,339.401605
553,339.382995
554,339.36489
555,339.347185
556,339.329801
557,339.312682
558,339.295792
559,339.279118
560,339.262661
561,339.246437
562,339.230465
563,339.214761
564,339.199338
565,339.184204
566,339.169361
567,339.154809
568,339.140543
569,339.12656
570,339.112858
571,339.099449
572,339.086379
573,339.073814
574,339.062301
575,339.053629
576,339.414918
577,339.433323
578,339.459839
579,339.491667
580,339.528602
581,339.572031
582,339.626123
583,339.702499
584,339.832818
585,340.093788
586,340.600153
587,340.96749
588,341.057001
589,341.119356
590,341.170293
591,341.210464
592,341.240257
593,341.260165
594,341.270561
595,341.271598
596,341.263184
597,341.244995
598,341.216521
599,341.177214
600,341.126451
601,341.056955
602,340.853423
603,340.251226
604,339.948463
605,339.806339
606,339.72889
607,339.676946
608,339.636267
609,339.601651
610,339.570987
611,339.543232
612,339.517738
613,339.494038
614,339.471762
615,339.450615
616,339.430355
617,339.410784
618,339.391743
619,339.373108
620,339.354785
621,339.336707
622,339.318838
623,339.301164
624,339.283699
625,339.266482
626,339.249549
627,339.232929
628,339.216638
629,339.200684
630,339.185067
631,339.16978
632,339.154815
633,339.140164
634,339.125822
635,339.111794
636,339.098127
637,339.084991
638,339.072955
639,339.063888
640,339.438073
641,339.457816
642,339.486483
643,339.52125
644,339.562234
645,339.611828
646,339.677479
647,339.782546
648,340.003973
649,340.604453
650,341.124608
651,341.274574
652,341.343442
653,341.407492
654,341.461301
655,341.503737
656,341.535121
657,341.556026
658,341.566884
659,341.567874
660,341.558893
661,341.539568
662,341.50931
663,341.467547
664,341.414446
665,341.352713
666,341.263154
667,340.875262
668,340.150202
669,339.900642
670,339.7912
671,339.727266
672,339.680702
673,339.642453
674,339.609201
675,339.579451
676,339.552345
677,339.527289
678,339.503834
679,339.481623
680,339.460369
681,339.43984
682,339.419851
683,339.400254
684,339.380938
685,339.361824
686,339.342864
687,339.324044
688,339.305395
689,339.287013
690,339.268977
691,339.251331
692,339.23409
693,339.217255
694,339.200817
695,339.184762
696,339.169074
697,339.153738
698,339.138742
699,339.124088
700,339.109818
701,339.096107
702,339.083547
703,339.074086
704,339.460382
705,339.48143
706,339.512198
707,339.549842
708,339.594765
709,339.650233
710,339.726355
711,339.855368
712,340.145608
713,340.975063
714,341.278665
715,341.373649
716,341.443109
717,341.510976
718,341.568104
719,341.613002
720,341.646092
721,341.668064
722,341.679423
723,341.680375
724,341.670806
725,341.650285
726,341.618123
727,341.573628
728,341.517069
729,341.453126
730,341.379429
731,341.204904
732,340.295724
733,339.983379
734,339.85102
735,339.777339
736,339.725768
737,339.684367
738,339.648834
739,339.617303
740,339.588738
741,339.562442
742,339.537891
743,339.514674
744,339.492463
745,339.470991
746,339.450044
747,339.42945
748,339.409076
749,339.388819
750,339.368601
751,339.348367
752,339.328152
753,339.308251
754,339.288853
755,339.270007
756,339.251703
757,339.233911
758,339.216602
759,339.199744
760,339.18331
761,339.167272
762,339.151611
763,339.136323
764,339.121446
765,339.107159
766,339.094075
767,339.084221
768,339.481591
769,339.503878
770,339.536634
771,339.576975
772,339.625503
773,339.686006
774,339.769836
775,339.911997
776,340.22461
777,341.071056
778,341.353791
779,341.449333
780,341.524171
781,341.597522
782,341.659088
783,341.707302
784,341.742721
785,341.766167
786,341.778234
787,341.779162
788,341.768822
789,341.746717
790,341.712044
791,341.663966
792,341.60271
793,341.533537
794,341.455825
795,341.293533
796,340.380376
797,340.049958
798,339.906383
799,339.82683
800,339.77235
801,339.728932
802,339.691744
803,339.658805
804,339.629026
805,339.601658
806,339.576129
807,339.551987
808,339.528866
809,339.50647
810,339.484556
811,339.462923
812,339.441408
813,339.419863
814,339.398115
815,339.3759
816,339.353034
817,339.330701
818,339.309377
819,339.289022
820,339.269486
821,339.250644
822,339.232406
823,339.214711
824,339.197506
825,339.180753
826,339.164418
827,339.14849
828,339.133005
829,339.118142
830,339.104534
831,339.094288
832,339.501458
833,339.524889
834,339.559468
835,339.602248
836,339.653951
837,339.718645
838,339.808211
839,339.95851
840,340.282352
841,341.141244
842,341.425647
843,341.525006
844,341.605335
845,341.684315
846,341.750575
847,341.802384
848,341.840376
849,341.86548
850,341.878364
851,341.879306
852,341.868162
853,341.844377
854,341.807053
855,341.755261
856,341.689261
857,341.614908
858,341.532488
859,341.369217
860,340.446758
861,340.10764
862,339.958634
863,339.877575
864,339.825072
865,339.782024
866,339.744276
867,339.710493
868,339.679831
869,339.651602
870,339.625233
871,339.60025
872,339.576266
873,339.552954
874,339.530043
875,339.507302
876,339.484528
877,339.461507
878,339.437838
879,339.412414
880,339.383086
881,339.355575
882,339.330943
883,339.308473
884,339.287443
885,339.267429
886,339.248204
887,339.229637
888,339.211645
889,339.194164
890,339.177151
891,339.160582
892,339.144488
893,339.129049
894,339.11492
895,339.104284
896,339.519763
897,339.544222
898,339.580419
899,339.625332
900,339.679746
901,339.747883
902,339.841881
903,339.998006
904,340.329754
905,341.200585
906,341.487878
907,341.590575
908,341.675362
909,341.759049
910,341.829357
911,341.884349
912,341.924668
913,341.951306
914,341.964981
915,341.965994
916,341.954194
917,341.928991
918,341.889432
919,341.834553
920,341.764711
921,341.686288
922,341.600214
923,341.435659
924,340.503877
925,340.159607
926,340.009625
927,339.935096
928,339.901521
929,339.86392
930,339.82733
931,339.793443
932,339.762284
933,339.733413
934,339.706323
935,339.680552
936,339.655695
937,339.631407
938,339.607386
939,339.583367
940,339.559123
941,339.534415
942,339.50863
943,339.478375
944,339.426975
945,339.385585
946,339.354246
947,339.328481
948,339.305557
949,339.284227
950,339.263955
951,339.244492
952,339.2257
953,339.207489
954,339.189795
955,339.172586
956,339.155885
957,339.139875
958,339.125228
959,339.114205
960,339.536323
961,339.561676
962,339.59926
963,339.645968
964,339.702616
965,339.773512
966,339.870938
967,340.031421
968,340.36909
969,341.249483
970,341.539079
971,341.644271
972,341.732408
973,341.81972
974,341.893227
975,341.950795
976,341.993045
977,342.02099
978,342.035379
979,342.036528
980,342.024284
981,341.998037
982,341.956814
983,341.899654
984,341.827025
985,341.745717
986,341.65711
987,341.491652
988,340.553254
989,340.206619
990,340.060634
991,340.009502
992,340.069262
993,340.042875
994,340.009066
995,339.975813
996,339.944512
997,339.915141
998,339.887329
999,339.860654
1000,339.834712
1001,339.809134
1002,339.783582
1003,339.757752
1004,339.731423
1005,339.704642
1006,339.678237
1007,339.651771
1008,339.506468
1009,339.425247
1010,339.379983
1011,339.349052
1012,339.323744
1013,339.300963
1014,339.279606
1015,339.259236
1016,339.239643
1017,339.220704
1018,339.202336
1019,339.184492
1020,339.167191
1021,339.150613
1022,339.135454
1023,339.124046
1024,339.550993
1025,339.577096
1026,339.615818
1027,339.663968
1028,339.722368
1029,339.795374
1030,339.895353
1031,340.059007
1032,340.400945
1033,341.288262
1034,341.579501
1035,341.686441
1036,341.776957
1037,341.866888
1038,341.942756
1039,342.002271
1040,342.046018
1041,342.075016
1042,342.090029
1043,342.09138
1044,342.078917
1045,342.052026
1046,342.009728
1047,341.951084
1048,341.876651
1049,341.793504
1050,341.703311
1051,341.537304
1052,340.594954
1053,340.247563
1054,340.106823
1055,340.083194
1056,340.090811
1057,340.06284
1058,340.029129
1059,339.995927
1060,339.964628
1061,339.93523
1062,339.907372
1063,339.880634
1064,339.854612
1065,339.828937
1066,339.803265
1067,339.77729
1068,339.750788
1069,339.723817
1070,339.697411
1071,339.675925
1072,339.651429
1073,339.474711
1074,339.407076
1075,339.369672
1076,339.341778
1077,339.317524
1078,339.295088
1079,339.273824
1080,339.253444
1081,339.233789
1082,339.214757
1083,339.19629
1084,339.178396
1085,339.161259
1086,339.145593
1087,339.133806
1088,339.563668
1089,339.59037
1090,339.629974
1091,339.679203
1092,339.738874
1093,339.813364
1094,339.915091
1095,340.080861
1096,340.425597
1097,341.31741
1098,341.609706
1099,341.717766
1100,341.80982
1101,341.901471
1102,341.978922
1103,342.039777
1104,342.084593
1105,342.114388
1106,342.12993
1107,342.131548
1108,342.119092
1109,342.091947
1110,342.04914
1111,341.989753
1112,341.914401
1113,341.830318
1114,341.739329
1115,341.573057
1116,340.628817
1117,340.280772
1118,340.139596
1119,340.10869
1120,340.113597
1121,340.086115
1122,340.052887
1123,340.020025
1124,339.98892
1125,339.959588
1126,339.931689
1127,339.904812
1128,339.878561
1129,339.852561
1130,339.826462
1131,339.79994
1132,339.772746
1133,339.744914
1134,339.717491
1135,339.695055
1136,339.675514
1137,339.502192
1138,339.429646
1139,339.389085
1140,339.359313
1141,339.333771
1142,339.310329
1143,339.288209
1144,339.26707
1145,339.246723
1146,339.227046
1147,339.207969
1148,339.189496
1149,339.17181
1150,339.155644
1151,339.143482
1152,339.574287
1153,339.601435
1154,339.641658
1155,339.691602
1156,339.752065
1157,339.827431
1158,339.930136
1159,340.097039
1160,340.44322
1161,341.337309
1162,341.630137
1163,341.73876
1164,341.831596
1165,341.924144
1166,342.00245
1167,342.064067
1168,342.109538
1169,342.139876
1170,342.155853
1171,342.1578
1172,342.14557
1173,342.118551
1174,342.075776
1175,342.016336
1176,341.940872
1177,341.856659
1178,341.765565
1179,341.599282
1180,340.655108
1181,340.307357
1182,340.166425
1183,340.134652
1184,340.13952
1185,340.112668
1186,340.080111
1187,340.047782
1188,340.017035
1189,339.987898
1190,339.960045
1191,339.933082
1192,339.906617
1193,339.880278
1194,339.853707
1195,339.826565
1196,339.798586
1197,339.769791
1198,339.741264
1199,339.717825
1200,339.698288
1201,339.524362
1202,339.449771
1203,339.407408
1204,339.376256
1205,339.349624
1206,339.32527
1207,339.302354
1208,339.280497
1209,339.259487
1210,339.23919
1211,339.219523
1212,339.200486
1213,339.182263
1214,339.165607
1215,339.153075
1216,339.582831
1217,339.61027
1218,339.650848
1219,339.701141
1220,339.761921
1221,339.837561
1222,339.940491
1223,340.107572
1224,340.453895
1225,341.34813
1226,341.640989
1227,341.749643
1228,341.842543
1229,341.935195
1230,342.01365
1231,342.075465
1232,342.121181
1233,342.151814
1234,342.168133
1235,342.17047
1236,342.158682
1237,342.132161
1238,342.089942
1239,342.031118
1240,341.956314
1241,341.872734
1242,341.782183
1243,341.616133
1244,340.673965
1245,340.327691
1246,340.18817
1247,340.158146
1248,340.163177
1249,340.137061
1250,340.105321
1251,340.073682
1252,340.043446
1253,340.014641
1254,339.986954
1255,339.960007
1256,339.933419
1257,339.906821
1258,339.879853
1259,339.852171
1260,339.8235
1261,339.793863
1262,339.764398
1263,339.740135
1264,339.720421
1265,339.544605
1266,339.468494
1267,339.424836
1268,339.392597
1269,339.365039
1270,339.339874
1271,339.31623
1272,339.293705
1273,339.272071
1274,339.251182
1275,339.230949
1276,339.211365
1277,339.192619
1278,339.175483
1279,339.162587
1280,339.589322
1281,339.616897
1282,339.65757
1283,339.707847
1284,339.768468
1285,339.843777
1286,339.946173
1287,340.112462
1288,340.457597
1289,341.349798
1290,341.642175
1291,341.750318
1292,341.842544
1293,341.934494
1294,342.012383
1295,342.073825
1296,342.119377
1297,342.150054
1298,342.166622
1299,342.169412
1300,342.158283
1301,342.132631
1302,342.091497
1303,342.033963
1304,341.960599
1305,341.878429
1306,341.789083
1307,341.623515
1308,340.685369
1309,340.341823
1310,340.20478
1311,340.177878
1312,340.183153
1313,340.157921
1314,340.127166
1315,340.09638
1316,340.066805
1317,340.038468
1318,340.011072
1319,339.984256
1320,339.957652
1321,339.930902
1322,339.90365
1323,339.875552
1324,339.846335
1325,339.816034
1326,339.785836
1327,339.760942
1328,339.741076
1329,339.563469
1330,339.486128
1331,339.441456
1332,339.408336
1333,339.379993
1334,339.354117
1335,339.32982
1336,339.306683
1337,339.284469
1338,339.263022
1339,339.242249
1340,339.222139
1341,339.202884
1342,339.185277
1343,339.172025
1344,339.593824
1345,339.621386
1346,339.661895
1347,339.711796
1348,339.77178
1349,339.846141
1350,339.947213
1351,340.111683
1352,340.454199
1353,341.342003
1354,341.633333
1355,341.740364
1356,341.831111
1357,341.921492
1358,341.99806
1359,342.058539
1360,342.103509
1361,342.133978
1362,342.150702
1363,342.154008
1364,342.143756
1365,342.119354
1366,342.079849
1367,342.024312
1368,341.953222
1369,341.873305
1370,341.785895
1371,341.621088
1372,340.689185
1373,340.349736
1374,340.216249
1375,340.193638
1376,340.199233
1377,340.175068
1378,340.145493
1379,340.115733
1380,340.086969
1381,340.059231
1382,340.032245
1383,340.005671
1384,339.979161
1385,339.95237
1386,339.924953
1387,339.896574
1388,339.866965
1389,339.836177
1390,339.805441
1391,339.780083
1392,339.760102
1393,339.581078
1394,339.502776
1395,339.457309
1396,339.423477
1397,339.39448
1398,339.367994
1399,339.343119
1400,339.31943
1401,339.296682
1402,339.274714
1403,339.253428
1404,339.232813
1405,339.213066
1406,339.195
1407,339.181396
1408,339.596444
1409,339.623847
1410,339.663944
1411,339.713116
1412,339.771985
1413,339.844763
1414,339.943662
1415,340.105171
1416,340.443458
1417,341.32423
1418,341.61387
1419,341.719085
1420,341.80743
1421,341.895278
1422,341.969714
1423,342.028612
1424,342.072572
1425,342.102581
1426,342.119371
1427,342.123256
1428,342.114102
1429,342.091336
1430,342.054027
1431,342.001238
1432,341.933343
1433,341.856641
1434,341.772025
1435,341.608302
1436,340.685177
1437,340.351393
1438,340.222665
1439,340.205574
1440,340.21157
1441,340.188673
1442,340.160484
1443,340.131923
1444,340.104114
1445,340.077098
1446,340.050631
1447,340.024401
1448,339.998086
1449,339.971361
1450,339.943896
1451,339.915364
1452,339.88551
1453,339.8544
1454,339.823299
1455,339.797624
1456,339.777561
1457,339.597509
1458,339.518498
1459,339.472428
1460,339.438038
1461,339.40851
1462,339.381511
1463,339.356136
1464,339.331956
1465,339.308722
1466,339.28627
1467,339.2645
1468,339.243402
1469,339.223178
1470,339.204665
1471,339.190715
1472,339.597329
1473,339.62444
1474,339.663892
1475,339.711996
1476,339.769276
1477,339.839803
1478,339.935577
1479,340.092753
1480,340.424888
1481,341.295875
1482,341.583144
1483,341.685714
1484,341.770589
1485,341.854841
1486,341.926294
1487,341.982995
1488,342.025533
1489,342.054845
1490,342.071617
1491,342.076142
1492,342.068293
1493,342.047532
1494,342.012976
1495,341.963713
1496,341.900008
1497,341.82762
1498,341.746824
1499,341.584558
1500,340.672926
1501,340.34668
1502,340.224158
1503,340.213966
1504,340.220454
1505,340.199023
1506,340.172417
1507,340.145213
1508,340.118484
1509,340.092295
1510,340.066439
1511,340.040642
1512,340.014612
1513,339.98805
1514,339.960642
1515,339.932079
1516,339.902118
1517,339.870839
1518,339.83953
1519,339.813667
1520,339.793552
1521,339.612836
1522,339.533346
1523,339.48685
1524,339.452046
1525,339.422103
1526,339.394687
1527,339.368889
1528,339.344279
1529,339.320607
1530,339.297709
1531,339.275484
1532,339.253925
1533,339.23324
1534,339.214289
1535,339.2
1536,339.596669
1537,339.623368
1538,339.661966
1539,339.708689
1540,339.763918
1541,339.831474
1542,339.922936
1543,340.073797
1544,340.396918
1545,341.256087
1546,341.541047
1547,341.640235
1548,341.720522
1549,341.800145
1550,341.867852
1551,341.921839
1552,341.962629
1553,341.99106
1554,342.007747
1555,342.012951
1556,342.006556
1557,341.988078
1558,341.956721
1559,341.911649
1560,341.853067
1561,341.786117
1562,341.71024
1563,341.549581
1564,340.65121
1565,340.335105
1566,340.220808
1567,340.219174
1568,340.226249
1569,340.206456
1570,340.181593
1571,340.155872
1572,340.130318
1573,340.105032
1574,340.079856
1575,340.054561
1576,340.028891
1577,340.002574
1578,339.975322
1579,339.94684
1580,339.9169
1581,339.885594
1582,339.854224
1583,339.828292
1584,339.808154
1585,339.627118
1586,339.547372
1587,339.500618
1588,339.465537
1589,339.435294
1590,339.407553
1591,339.381407
1592,339.356428
1593,339.332366
1594,339.309058
1595,339.286407
1596,339.264407
1597,339.243276
1598,339.223896
1599,339.209272
1600,339.594685
1601,339.620875
1602,339.658446
1603,339.70352
1604,339.75626
1605,339.820037
1606,339.905464
1607,340.046114
1608,340.352661
1609,341.197052
1610,341.489335
1611,341.586319
1612,341.661468
1613,341.736007
1614,341.799721
1615,341.850878
1616,341.889865
1617,341.917384
1618,341.933956
1619,341.939805
1620,341.934829
1621,341.918611
1622,341.890471
1623,341.849713
1624,341.796565
1625,341.735565
1626,341.664855
1627,341.500982
1628,340.614348
1629,340.314696
1630,340.212437
1631,340.221615
1632,340.22939
1633,340.211349
1634,340.188328
1635,340.164157
1636,340.139825
1637,340.11548
1638,340.091024
1639,340.066275
1640,340.041021
1641,340.015019
1642,339.988007
1643,339.95971
1644,339.929913
1645,339.898719
1646,339.867431
1647,339.84155
1648,339.821416
1649,339.640405
1650,339.560622
1651,339.513779
1652,339.478558
1653,339.448127
1654,339.420153
1655,339.393734
1656,339.368443
1657,339.344037
1658,339.320355
1659,339.297303
1660,339.274882
1661,339.253317
1662,339.233516
1663,339.21856
1664,339.59163
1665,339.61724
1666,339.653659
1667,339.696885
1668,339.746767
1669,339.805892
1670,339.882691
1671,340.004408
1672,340.264655
1673,341.004826
1674,341.408246
1675,341.520812
1676,341.591993
1677,341.661892
1678,341.722004
1679,341.770658
1680,341.808071
1681,341.834797
1682,341.851265
1683,341.857659
1684,341.853891
1685,341.839612
1686,341.814266
1687,341.777324
1688,341.729082
1689,341.673228
1690,341.602344
1691,341.349714
1692,340.535631
1693,340.279797
1694,340.198497
1695,340.221761
1696,340.23037
1697,340.214106
1698,340.19293
1699,340.170297
1700,340.147174
1701,340.123763
1702,340.100029
1703,340.075845
1704,340.05104
1705,340.025407
1706,339.998708
1707,339.970691
1708,339.941156
1709,339.91021
1710,339.879154
1711,339.853446
1712,339.833347
1713,339.652728
1714,339.573143
1715,339.526386
1716,339.491166
1717,339.46066
1718,339.432544
1719,339.405923
1720,339.380377
1721,339.355669
1722,339.331644
1723,339.308216
1724,339.285389
1725,339.2634
1726,339.243185
1727,339.227898
1728,339.587771
1729,339.612762
1730,339.647967
1731,339.68925
1732,339.736084
1733,339.789985
1734,339.855838
1735,339.947619
1736,340.104281
1737,340.421492
1738,341.029553
1739,341.349986
1740,341.433003
1741,341.501902
1742,341.560712
1743,341.608425
1744,341.645247
1745,341.671682
1746,341.688123
1747,341.694741
1748,341.691452
1749,341.67793
1750,341.653664
1751,341.618164
1752,341.571492
1753,341.512236
1754,341.353046
1755,340.692483
1756,340.364651
1757,340.226193
1758,340.179742
1759,340.220172
1760,340.229712
1761,340.215132
1762,340.195686
1763,340.174486
1764,340.152484
1765,340.129946
1766,340.106897
1767,340.083264
1768,340.05892
1769,340.033691
1770,340.007367
1771,339.979718
1772,339.950559
1773,339.920005
1774,339.889338
1775,339.863943
1776,339.843913
1777,339.664098
1778,339.584975
1779,339.5385
1780,339.50343
1781,339.472966
1782,339.444798
1783,339.418042
1784,339.392293
1785,339.367321
1786,339.342983
1787,339.319197
1788,339.295977
1789,339.273572
1790,339.252944
1791,339.237327
1792,339.583376
1793,339.607742
1794,339.64174
1795,339.681117
1796,339.725016
1797,339.774068
1798,339.830505
1799,339.899874
1800,339.994584
1801,340.135791
1802,340.330189
1803,340.469048
1804,340.547338
1805,340.606596
1806,340.655625
1807,340.696004
1808,340.728151
1809,340.752301
1810,340.768605
1811,340.777113
1812,340.777773
1813,340.770431
1814,340.754844
1815,340.730629
1816,340.696692
1817,340.647663
1818,340.557303
1819,340.375544
1820,340.250175
1821,340.182525
1822,340.162433
1823,340.217579
1824,340.227927
1825,340.214802
1826,340.196838
1827,340.17686
1828,340.155819
1829,340.134035
1830,340.111593
1831,340.088468
1832,340.064571
1833,340.039762
1834,340.013859
1835,339.986655
1836,339.957985
1837,339.927971
1838,339.897869
1839,339.872946
1840,339.853024
1841,339.674488
1842,339.596146
1843,339.550186
1844,339.515436
1845,339.485135
1846,339.457002
1847,339.430177
1848,339.404271
1849,339.379069
1850,339.354438
1851,339.330308
1852,339.306703
1853,339.283886
1854,339.262845
1855,339.246896
1856,339.5787
1857,339.602464
1858,339.635321
1859,339.672934
1860,339.714216
1861,339.759238
1862,339.808808
1863,339.864735
1864,339.930278
1865,340.009143
1866,340.098412
1867,340.175563
1868,340.235805
1869,340.285902
1870,340.32861
1871,340.36462
1872,340.394071
1873,340.416993
1874,340.433389
1875,340.443239
1876,340.446498
1877,340.443101
1878,340.432973
1879,340.415984
1880,340.391674
1881,340.358186
1882,340.310093
1883,340.243591
1884,340.188344
1885,340.153497
1886,340.148928
1887,340.214522
1888,340.225466
1889,340.21343
1890,340.196572
1891,340.17751
1892,340.157197
1893,340.135999
1894,340.114047
1895,340.091354
1896,340.067866
1897,340.043472
1898,340.018015
1899,339.991316
1900,339.963233
1901,339.933901
1902,339.904548
1903,339.880282
1904,339.860511
1905,339.683736
1906,339.606628
1907,339.561509
1908,339.527288
1909,339.497281
1910,339.46927
1911,339.442433
1912,339.416408
1913,339.391
1914,339.366092
1915,339.341625
1916,339.317637
1917,339.294404
1918,339.272945
1919,339.256659
1920,339.573968
1921,339.597177
1922,339.629002
1923,339.665057
1924,339.704111
1925,339.745939
1926,339.790703
1927,339.838816
1928,339.890853
1929,339.946972
1930,340.005192
1931,340.059959
1932,340.108863
1933,340.152324
1934,340.190625
1935,340.223722
1936,340.251478
1937,340.273766
1938,340.290487
1939,340.301566
1940,340.306954
1941,340.30663
1942,340.300618
1943,340.288987
1944,340.271796
1945,340.248911
1946,340.219974
1947,340.186315
1948,340.155791
1949,340.135313
1950,340.138841
1951,340.211322
1952,340.222729
1953,340.211313
1954,340.195089
1955,340.176567
1956,340.156702
1957,340.135884
1958,340.114273
1959,340.091909
1960,340.068761
1961,340.044742
1962,340.019721
1963,339.993543
1964,339.966098
1965,339.937543
1966,339.909088
1967,339.885654
1968,339.86595
1969,339.691095
1970,339.616174
1971,339.572501
1972,339.539109
1973,339.509547
1974,339.481738
1975,339.454935
1976,339.428818
1977,339.403218
1978,339.378038
1979,339.353234
1980,339.328856
1981,339.305199
1982,339.283313
1983,339.266681
1984,339.56937
1985,339.592087
1986,339.623013
1987,339.657743
1988,339.694968
1989,339.734316
1990,339.775684
1991,339.819025
1992,339.864213
1993,339.910824
1994,339.957753
1995,340.003144
1996,340.045709
1997,340.084871
1998,340.120239
1999,340.151467
2000,340.178266
2001,340.200406
2002,340.217715
2003,340.230073
2004,340.237412
2005,340.239721
2006,340.237068
2007,340.229609
2008,340.217602
2009,340.201419
2010,340.181657
2011,340.159716
2012,340.138814
2013,340.124122
2014,340.129652
2015,340.206137
2016,340.220269
2017,340.209002
2018,340.192949
2019,340.1746
2020,340.154903
2021,340.13425
2022,340.112811
2023,340.090639
2024,340.067716
2025,340.043969
2026,340.019285
2027,339.993534
2028,339.966629
2029,339.93876
2030,339.91114
2031,339.888514
2032,339.865177
2033,339.693072
2034,339.62392
2035,339.583132
2036,339.551056
2037,339.522112
2038,339.494574
2039,339.467835
2040,339.441637
2041,339.415846
2042,339.390387
2043,339.365234
2044,339.340453
2045,339.316355
2046,339.294026
2047,339.277035
2048,339.565052
2049,339.587348
2050,339.617522
2051,339.651169
2052,339.686941
2053,339.7244
2054,339.763349
2055,339.803608
2056,339.844909
2057,339.886811
2058,339.928624
2059,339.969447
2060,340.008467
2061,340.045055
2062,340.078697
2063,340.108958
2064,340.135475
2065,340.157951
2066,340.176157
2067,340.189928
2068,340.199166
2069,340.203849
2070,340.204043
2071,340.199915
2072,340.191754
2073,340.179993
2074,340.165266
2075,340.148585
2076,340.131635
2077,340.11731
2078,340.112147
2079,340.132066
2080,340.203736
2081,340.194752
2082,340.178687
2083,340.160279
2084,340.140542
2085,340.119869
2086,340.098426
2087,340.076267
2088,340.053374
2089,340.029677
2090,340.005066
2091,339.979411
2092,339.95263
2093,339.9249
2094,339.89726
2095,339.870549
2096,339.752634
2097,339.675655
2098,339.628418
2099,339.593535
2100,339.563396
2101,339.535214
2102,339.507983
2103,339.481313
2104,339.455026
2105,339.429027
2106,339.403268
2107,339.377741
2108,339.35253
2109,339.327966
2110,339.30517
2111,339.287804
2112,339.561118
2113,339.583069
2114,339.61264
2115,339.645438
2116,339.680102
2117,339.716172
2118,339.753427
2119,339.791666
2120,339.830625
2121,339.869938
2122,339.909119
2123,339.947587
2124,339.984753
2125,340.020068
2126,340.053025
2127,340.083166
2128,340.110081
2129,340.133417
2130,340.152888
2131,340.16828
2132,340.179456
2133,340.186365
2134,340.189048
2135,340.187647
2136,340.182415
2137,340.173725
2138,340.162092
2139,340.148217
2140,340.133073
2141,340.118103
2142,340.105751
2143,340.099848
2144,340.101778
2145,340.088932
2146,340.071221
2147,340.051641
2148,340.031092
2149,340.009904
2150,339.988214
2151,339.966067
2152,339.943447
2153,339.920296
2154,339.896521
2155,339.872011
2156,339.846652
2157,339.820331
2158,339.7927
2159,339.761331
2160,339.713064
2161,339.67059
2162,339.635704
2163,339.605144
2164,339.576654
2165,339.549164
2166,339.522207
2167,339.495576
2168,339.469167
2169,339.442925
2170,339.416827
2171,339.390887
2172,339.365208
2173,339.340141
2174,339.316846
2175,339.299082
2176,339.557632
2177,339.579311
2178,339.608422
2179,339.640592
2180,339.674462
2181,339.709573
2182,339.745711
2183,339.782693
2184,339.820298
2185,339.858236
2186,339.896145
2187,339.933594
2188,339.970121
2189,340.005247
2190,340.038487
2191,340.069364
2192,340.097413
2193,340.122209
2194,340.143396
2195,340.1607
2196,340.17394
2197,340.183027
2198,340.187967
2199,340.188863
2200,340.185914
2201,340.179419
2202,340.169776
2203,340.157486
2204,340.143169
2205,340.127599
2206,340.111762
2207,340.096672
2208,340.082132
2209,340.064216
2210,340.044275
2211,340.023294
2212,340.001746
2213,339.979854
2214,339.957723
2215,339.935381
2216,339.912803
2217,339.889925
2218,339.866653
2219,339.842876
2220,339.818472
2221,339.793298
2222,339.767071
2223,339.73896
2224,339.707225
2225,339.676091
2226,339.646703
2227,339.61861
2228,339.591252
2229,339.56428
2230,339.537513
2231,339.510859
2232,339.484271
2233,339.457728
2234,339.431233
2235,339.404824
2236,339.378621
2237,339.353002
2238,339.329164
2239,339.310972
2240,339.554618
2241,339.576097
2242,339.604882
2243,339.636626
2244,339.669982
2245,339.704506
2246,339.740006
2247,339.776334
2248,339.813323
2249,339.850754
2250,339.888356
2251,339.9258
2252,339.962709
2253,339.998658
2254,340.033178
2255,340.06575
2256,340.095812
2257,340.122808
2258,340.146285
2259,340.165903
2260,340.181434
2261,340.19275
2262,340.199823
2263,340.202718
2264,340.201587
2265,340.196661
2266,340.18825
2267,340.17673
2268,340.162548
2269,340.146212
2270,340.128278
2271,340.109249
2272,340.089289
2273,340.067983
2274,340.045762
2275,340.023076
2276,340.00022
2277,339.97736
2278,339.95457
2279,339.931857
2280,339.909174
2281,339.886436
2282,339.863531
2283,339.840335
2284,339.816719
2285,339.792551
2286,339.767679
2287,339.741876
2288,339.714964
2289,339.687827
2290,339.660888
2291,339.634153
2292,339.607515
2293,339.58088
2294,339.554194
2295,339.527429
2296,339.500579
2297,339.473654
2298,339.446682
2299,339.419724
2300,339.392923
2301,339.366684
2302,339.342249
2303,339.323592
2304,339.552071
2305,339.573414
2306,339.601994
2307,339.633493
2308,339.666582
2309,339.700842
2310,339.736111
2311,339.772289
2312,339.809265
2313,339.846896
2314,339.884994
2315,339.923322
2316,339.961588
2317,339.999436
2318,340.036421
2319,340.071958
2320,340.105272
2321,340.135502
2322,340.162051
2323,340.184535
2324,340.202699
2325,340.216397
2326,340.22558
2327,340.230287
2328,340.23063
2329,340.226791
2330,340.219011
2331,340.207585
2332,340.192861
2333,340.175235
2334,340.155135
2335,340.133013
2336,340.109352
2337,340.084737
2338,340.059766
2339,340.034861
2340,340.010268
2341,339.986111
2342,339.962425
2343,339.939175
2344,339.916275
2345,339.893601
2346,339.871006
2347,339.848333
2348,339.825428
2349,339.80215
2350,339.778375
2351,339.754004
2352,339.729015
2353,339.703603
2354,339.677905
2355,339.651962
2356,339.625766
2357,339.599305
2358,339.572576
2359,339.545591
2360,339.518371
2361,339.490954
2362,339.463397
2363,339.435785
2364,339.408289
2365,339.381344
2366,339.35624
2367,339.337071
2368,339.549956
2369,339.57122
2370,339.599703
2371,339.631113
2372,339.66415
2373,339.698423
2374,339.733811
2375,339.770267
2376,339.807748
2377,339.846192
2378,339.885513
2379,339.925588
2380,339.966265
2381,340.007348
2382,340.048535
2383,340.089209
2384,340.128075
2385,340.163259
2386,340.194045
2387,340.220165
2388,340.241452
2389,340.257797
2390,340.269163
2391,340.275583
2392,340.277148
2393,340.274001
2394,340.266326
2395,340.254351
2396,340.238339
2397,340.21858
2398,340.195364
2399,340.169008
2400,340.1402
2401,340.110718
2402,340.081729
2403,340.0537
2404,340.026758
2405,340.000899
2406,339.976055
2407,339.952113
2408,339.928915
2409,339.906274
2410,339.883986
2411,339.861839
2412,339.839634
2413,339.81719
2414,339.794357
2415,339.771027
2416,339.747142
2417,339.722717
2418,339.697775
2419,339.672327
2420,339.646381
2421,339.619946
2422,339.593041
2423,339.565701
2424,339.537974
2425,339.509925
2426,339.48164
2427,339.453236
2428,339.424916
2429,339.397151
2430,339.371287
2431,339.351547
2432,339.548217
2433,339.56945
2434,339.597926
2435,339.629383
2436,339.662548
2437,339.697068
2438,339.732871
2439,339.769971
2440,339.808406
2441,339.848216
2442,339.889449
2443,339.932179
2444,339.976555
2445,340.022874
2446,340.071522
2447,340.122318
2448,340.172622
2449,340.216262
2450,340.253176
2451,340.284041
2452,340.309138
2453,340.328533
2454,340.342259
2455,340.350379
2456,340.352985
2457,340.35019
2458,340.342123
2459,340.32893
2460,340.310752
2461,340.287664
2462,340.259478
2463,340.225559
2464,340.185991
2465,340.146965
2466,340.111023
2467,340.078215
2468,340.048005
2469,340.019931
2470,339.993652
2471,339.968883
2472,339.94535
2473,339.922768
2474,339.900846
2475,339.879297
2476,339.857851
2477,339.836267
2478,339.814342
2479,339.79192
2480,339.768891
2481,339.745193
2482,339.720792
2483,339.69567
2484,339.669826
2485,339.643274
2486,339.616044
2487,339.588189
2488,339.559782
2489,339.530919
2490,339.50172
2491,339.472342
2492,339.443029
2493,339.414296
2494,339.387555
2495,339.36717
2496,339.546777
2497,339.56802
2498,339.596563
2499,339.628175
2500,339.661617
2501,339.696577
2502,339.733039
2503,339.771089
2504,339.810861
2505,339.852531
2506,339.89635
2507,339.942749
2508,339.992594
2509,340.047674
2510,340.111162
2511,340.186229
2512,340.267637
2513,340.327646
2514,340.373779
2515,340.410981
2516,340.440879
2517,340.463947
2518,340.480375
2519,340.490299
2520,340.493837
2521,340.491081
2522,340.482095
2523,340.46691
2524,340.445475
2525,340.417416
2526,340.381148
2527,340.331724
2528,340.261699
2529,340.199141
2530,340.14912
2531,340.108304
2532,340.073389
2533,340.042446
2534,340.014446
2535,339.988764
2536,339.964927
2537,339.942509
2538,339.921101
2539,339.90031
2540,339.879771
2541,339.859163
2542,339.838215
2543,339.816709
2544,339.794484
2545,339.771428
2546,339.747467
2547,339.72256
2548,339.696693
2549,339.669878
2550,339.642155
2551,339.613591
2552,339.584286
2553,339.554372
2554,339.524013
2555,339.493418
2556,339.462885
2557,339.432989
2558,339.405219
2559,339.384095
2560,339.545549
2561,339.566831
2562,339.595498
2563,339.62735
2564,339.661183
2565,339.696732
2566,339.734042
2567,339.773284
2568,339.814708
2569,339.858663
2570,339.905708
2571,339.956921
2572,340.014764
2573,340.085137
2574,340.18112
2575,340.324163
2576,340.514933
2577,340.606314
2578,340.665365
2579,340.711077
2580,340.747424
2581,340.775336
2582,340.795204
2583,340.807291
2584,340.811772
2585,340.808723
2586,340.79812
2587,340.779836
2588,340.753581
2589,340.71846
2590,340.670394
2591,340.590115
2592,340.410611
2593,340.280919
2594,340.199437
2595,340.144375
2596,340.10254
2597,340.067932
2598,340.037958
2599,340.011361
2600,339.98736
2601,339.965333
2602,339.944712
2603,339.924962
2604,339.905593
2605,339.886182
2606,339.866376
2607,339.845893
2608,339.824521
2609,339.802105
2610,339.778543
2611,339.753772
2612,339.727766
2613,339.700533
2614,339.672119
2615,339.642608
2616,339.612128
2617,339.58085
2618,339.548998
2619,339.516849
2620,339.484786
2621,339.453463
2622,339.424462
2623,339.40248
2624,339.544433
2625,339.565776
2626,339.594605
2627,339.626754
2628,339.661058
2629,339.6973
2630,339.735593
2631,339.776199
2632,339.819501
2633,339.866065
2634,339.91687
2635,339.974035
2636,340.043035
2637,340.139237
2638,340.305318
2639,340.645332
2640,341.297663
2641,341.410257
2642,341.479944
2643,341.537651
2644,341.584241
2645,341.619916
2646,341.64519
2647,341.660547
2648,341.666281
2649,341.662456
2650,341.648897
2651,341.625228
2652,341.590988
2653,341.54588
2654,341.488521
2655,341.386379
2656,340.741092
2657,340.415934
2658,340.265938
2659,340.186457
2660,340.134869
2661,340.095815
2662,340.063742
2663,340.036381
2664,340.012527
2665,339.99131
2666,339.97195
2667,339.953709
2668,339.935932
2669,339.91807
2670,339.899679
2671,339.880415
2672,339.860018
2673,339.838299
2674,339.815133
2675,339.790438
2676,339.764178
2677,339.736357
2678,339.707021
2679,339.676266
2680,339.644246
2681,339.61118
2682,339.577356
2683,339.54316
2684,339.509107
2685,339.475978
2686,339.445472
2687,339.422474
2688,339.543326
2689,339.564739
2690,339.593751
2691,339.62623
2692,339.661049
2693,339.698042
2694,339.737392
2695,339.779456
2696,339.82476
2697,339.874103
2698,339.928951
2699,339.992699
2700,340.074942
2701,340.206243
2702,340.491045
2703,341.306549
2704,341.617324
2705,341.684892
2706,341.75436
2707,341.814964
2708,341.864039
2709,341.901554
2710,341.928091
2711,341.944199
2712,341.950209
2713,341.94618
2714,341.931901
2715,341.906923
2716,341.870711
2717,341.823186
2718,341.766405
2719,341.708962
2720,341.402686
2721,340.610474
2722,340.344818
2723,340.232141
2724,340.169059
2725,340.125301
2726,340.091306
2727,340.063586
2728,340.040477
2729,340.020837
2730,340.003594
2731,339.987665
2732,339.972148
2733,339.956363
2734,339.939789
2735,339.922033
2736,339.902801
2737,339.881885
2738,339.859141
2739,339.834479
2740,339.807849
2741,339.779245
2742,339.748708
2743,339.716336
2744,339.682294
2745,339.646825
2746,339.610282
2747,339.573199
2748,339.53639
2749,339.500858
2750,339.468438
2751,339.444207
2752,339.542121
2753,339.563604
2754,339.592803
2755,339.625618
2756,339.660961
2757,339.698717
2758,339.739137
2759,339.782673
2760,339.829985
2761,339.882093
2762,339.940881
2763,340.010729
2764,340.103946
2765,340.259209
2766,340.604876
2767,341.577951
2768,341.702055
2769,341.769899
2770,341.843432
2771,341.907642
2772,341.959441
2773,341.99891
2774,342.026766
2775,342.043646
2776,342.049921
2777,342.04565
2778,342.03058
2779,342.004173
2780,341.96576
2781,341.915146
2782,341.854795
2783,341.797431
2784,341.675807
2785,340.733009
2786,340.40953
2787,340.274995
2788,340.202979
2789,340.155397
2790,340.120133
2791,340.092859
2792,340.071632
2793,340.055118
2794,340.041791
2795,340.029715
2796,340.017576
2797,340.004659
2798,339.990467
2799,339.974612
2800,339.956806
2801,339.936843
2802,339.914578
2803,339.889914
2804,339.862792
2805,339.833186
2806,339.801114
2807,339.766649
2808,339.729918
2809,339.691098
2810,339.650465
2811,339.60873
2812,339.567603
2813,339.528567
2814,339.493566
2815,339.467778
2816,339.540713
2817,339.562257
2818,339.591628
2819,339.624762
2820,339.660606
2821,339.699094
2822,339.740539
2823,339.78548
2824,339.834699
2825,339.889396
2826,339.951759
2827,340.026741
2828,340.127829
2829,340.29589
2830,340.660702
2831,341.63972
2832,341.75674
2833,341.830192
2834,341.909579
2835,341.97858
2836,342.034016
2837,342.076122
2838,342.105767
2839,342.123696
2840,342.13033
2841,342.12573
2842,342.109592
2843,342.081276
2844,342.039963
2845,341.985304
2846,341.919832
2847,341.857472
2848,341.743178
2849,340.798185
2850,340.458026
2851,340.312844
2852,340.235254
2853,340.18525
2854,340.149803
2855,340.124404
2856,340.107377
2857,340.097685
2858,340.093001
2859,340.088305
2860,340.08157
2861,340.072727
2862,340.061696
2863,340.048267
2864,340.03223
2865,340.013421
2866,339.991719
2867,339.967031
2868,339.939284
2869,339.90842
2870,339.874409
2871,339.837242
2872,339.796893
2873,339.753148
2874,339.705474
2875,339.654249
2876,339.604855
2877,339.55993
2878,339.521112
2879,339.493242
2880,339.539003
2881,339.56059
2882,339.590104
2883,339.623516
2884,339.659806
2885,339.698953
2886,339.741326
2887,339.787538
2888,339.838473
2889,339.895471
2890,339.960924
2891,340.040107
2892,340.147011
2893,340.32319
2894,340.69876
2895,341.690009
2896,341.80801
2897,341.886889
2898,341.972151
2899,342.046147
2900,342.105479
2901,342.150459
2902,342.18208
2903,342.201178
2904,342.208225
2905,342.203285
2906,342.186009
2907,342.155669
2908,342.111331
2909,342.052568
2910,341.982105
2911,341.915051
2912,341.799995
2913,340.845764
2914,340.497108
2915,340.346037
2916,340.26519
2917,340.214204
2918,340.180082
2919,340.159092
2920,340.151464
2921,340.158863
2922,340.178183
2923,340.190309
2924,340.192753
2925,340.189787
2926,340.183006
2927,340.172722
2928,340.158925
2929,340.141554
2930,340.120543
2931,340.095819
2932,340.06729
2933,340.03485
2934,339.998381
2935,339.957731
2936,339.912525
2937,339.86134
2938,339.799659
2939,339.722448
2940,339.653153
2941,339.596541
2942,339.551429
2943,339.520578
2944,339.5369
2945,339.558504
2946,339.588117
2947,339.621745
2948,339.658402
2949,339.698101
2950,339.74126
2951,339.788553
2952,339.840944
2953,339.899877
2954,339.967882
2955,340.050418
2956,340.16173
2957,340.343719
2958,340.727078
2959,341.730008
2960,341.84902
2961,341.932147
2962,342.022205
2963,342.100426
2964,342.163144
2965,342.210676
2966,342.244079
2967,342.264253
2968,342.271706
2969,342.266505
2970,342.248274
2971,342.216229
2972,342.16938
2973,342.107299
2974,342.032947
2975,341.962399
2976,341.846544
2977,340.883444
2978,340.529225
2979,340.374668
2980,340.292223
2981,340.241676
2982,340.210877
2983,340.198767
2984,340.212513
2985,340.26755
2986,340.369175
2987,340.425247
2988,340.442339
2989,340.44757
2990,340.446648
2991,340.440668
2992,340.429903
2993,340.41446
2994,340.394377
2995,340.369616
2996,340.340066
2997,340.305543
2998,340.26581
2999,340.220573
3000,340.169178
3001,340.108201
3002,340.018134
3003,339.849188
3004,339.723679
3005,339.641182
3006,339.584908
3007,339.549603
3008,339.534322
3009,339.555911
3010,339.585568
3011,339.619336
3012,339.656255
3013,339.696371
3014,339.740138
3015,339.78828
3016,339.841819
3017,339.902273
3018,339.972262
3019,340.057357
3020,340.171945
3021,340.358149
3022,340.747186
3023,341.759043
3024,341.8788
3025,341.965017
3026,342.058665
3027,342.140137
3028,342.205527
3029,342.255113
3030,342.289982
3031,342.311066
3032,342.318899
3033,342.31355
3034,342.294632
3035,342.261336
3036,342.212653
3037,342.148197
3038,342.07114
3039,341.998238
3040,341.881846
3041,340.912556
3042,340.554871
3043,340.398483
3044,340.315757
3045,340.266966
3046,340.241781
3047,340.245278
3048,340.304639
3049,340.493684
3050,340.924887
3051,341.098415
3052,341.124356
3053,341.139841
3054,341.147939
3055,341.148821
3056,341.142895
3057,341.130531
3058,341.111941
3059,341.087163
3060,341.056049
3061,341.018291
3062,340.973474
3063,340.921326
3064,340.862506
3065,340.799298
3066,340.679458
3067,340.124263
3068,339.835143
3069,339.696672
3070,339.621401
3071,339.579728
3072,339.531203
3073,339.552737
3074,339.582373
3075,339.616189
3076,339.653251
3077,339.693627
3078,339.737799
3079,339.786527
3080,339.840872
3081,339.902404
3082,339.9738
3083,340.060695
3084,340.177559
3085,340.366655
3086,340.759579
3087,341.777574
3088,341.897837
3089,341.98616
3090,342.0823
3091,342.166077
3092,342.233402
3093,342.284511
3094,342.320492
3095,342.3423
3096,342.350479
3097,342.345106
3098,342.325788
3099,342.291713
3100,342.241877
3101,342.175941
3102,342.097229
3103,342.022926
3104,341.906227
3105,340.933442
3106,340.574032
3107,340.417116
3108,340.335129
3109,340.289004
3110,340.270794
3111,340.294795
3112,340.427387
3113,340.925249
3114,341.137376
3115,341.184946
3116,341.206556
3117,341.222841
3118,341.231711
3119,341.233167
3120,341.227643
3121,341.215534
3122,341.19707
3123,341.172293
3124,341.141054
3125,341.103032
3126,341.057793
3127,341.005046
3128,340.945554
3129,340.884249
3130,340.820225
3131,340.674241
3132,339.988981
3133,339.758586
3134,339.658565
3135,339.609589
3136,339.527489
3137,339.548925
3138,339.578468
3139,339.612232
3140,339.649303
3141,339.689765
3142,339.734121
3143,339.783151
3144,339.837942
3145,339.900095
3146,339.972318
3147,340.060282
3148,340.178502
3149,340.369321
3150,340.76456
3151,341.786219
3152,341.906782
3153,341.996372
3154,342.094033
3155,342.179244
3156,342.2478
3157,342.299904
3158,342.336645
3159,342.358983
3160,342.367472
3161,342.362195
3162,342.342762
3163,342.308365
3164,342.258011
3165,342.191399
3166,342.111944
3167,342.03703
3168,341.920219
3169,340.946266
3170,340.586593
3171,340.430198
3172,340.34967
3173,340.306401
3174,340.293644
3175,340.328687
3176,340.482823
3177,340.996625
3178,341.179381
3179,341.227436
3180,341.253233
3181,341.27361
3182,341.28574
3183,341.289629
3184,341.285831
3185,341.274839
3186,341.256947
3187,341.232222
3188,341.200505
3189,341.161425
3190,341.114463
3191,341.059211
3192,340.996351
3193,340.931132
3194,340.863928
3195,340.742963
3196,340.055406
3197,339.802593
3198,339.690913
3199,339.637197
3200,339.523143
3201,339.544436
3202,339.573808
3203,339.607412
3204,339.64435
3205,339.684716
3206,339.729022
3207,339.778058
3208,339.832925
3209,339.895233
3210,339.967706
3211,340.05603
3212,340.174735
3213,340.366195
3214,340.762323
3215,341.785417
3216,341.906099
3217,341.996206
3218,342.094504
3219,342.180337
3220,342.249453
3221,342.302043
3222,342.339193
3223,342.361869
3224,342.37063
3225,342.365564
3226,342.346288
3227,342.312001
3228,342.261723
3229,342.19517
3230,342.115779
3231,342.040945
3232,341.924188
3233,340.95109
3234,340.592415
3235,340.437429
3236,340.358928
3237,340.31859
3238,340.310182
3239,340.351845
3240,340.515424
3241,341.037942
3242,341.220953
3243,341.272119
3244,341.302375
3245,341.327286
3246,341.343192
3247,341.349988
3248,341.348296
3249,341.338697
3250,341.321545
3251,341.296932
3252,341.264689
3253,341.2244
3254,341.175469
3255,341.117401
3256,341.050882
3257,340.981588
3258,340.910607
3259,340.78971
3260,340.097213
3261,339.836
3262,339.718458
3263,339.66178
3264,339.518144
3265,339.539247
3266,339.568367
3267,339.6017
3268,339.638358
3269,339.67844
3270,339.722458
3271,339.7712
3272,339.825766
3273,339.887763
3274,339.959911
3275,340.047892
3276,340.166231
3277,340.357289
3278,340.752939
3279,341.775344
3280,341.895973
3281,341.985883
3282,342.083971
3283,342.16964
3284,342.238663
3285,342.291236
3286,342.328449
3287,342.351271
3288,342.360262
3289,342.355518
3290,342.336662
3291,342.302902
3292,342.253268
3293,342.187471
3294,342.108906
3295,342.034793
3296,341.918242
3297,340.947868
3298,340.591346
3299,340.43857
3300,340.362609
3301,340.325347
3302,340.320811
3303,340.367523
3304,340.537859
3305,341.070138
3306,341.255493
3307,341.309501
3308,341.343556
3309,341.372485
3310,341.391862
3311,341.401413
3312,341.40177
3313,341.393564
3314,341.377188
3315,341.352755
3316,341.320089
3317,341.278745
3318,341.22808
3319,341.167566
3320,341.097956
3321,341.025345
3322,340.95135
3323,340.82944
3324,340.129508
3325,339.862975
3326,339.741752
3327,339.683046
3328,339.512489
3329,339.533353
3330,339.562142
3331,339.595091
3332,339.631323
3333,339.670932
3334,339.714422
3335,339.76257
3336,339.816459
3337,339.877678
3338,339.948925
3339,340.035858
3340,340.152971
3341,340.342567
3342,340.736348
3343,341.755899
3344,341.876297
3345,341.965284
3346,342.062298
3347,342.147009
3348,342.215278
3349,342.267329
3350,342.304258
3351,342.32703
3352,342.336209
3353,342.331893
3354,342.313717
3355,342.280899
3356,342.232474
3357,342.168131
3358,342.091156
3359,342.01841
3360,341.90222
3361,340.936438
3362,340.583215
3363,340.433437
3364,340.360523
3365,340.326546
3366,340.325715
3367,340.376823
3368,340.552847
3369,341.094017
3370,341.2815
3371,341.337805
3372,341.374948
3373,341.407229
3374,341.429585
3375,341.441566
3376,341.443779
3377,341.436873
3378,341.421268
3379,341.397087
3380,341.364153
3381,341.322005
3382,341.269982
3383,341.20756
3384,341.135578
3385,341.060482
3386,340.984279
3387,340.861546
3388,340.155253
3389,339.884829
3390,339.761004
3391,339.700822
3392,339.506191
3393,339.526769
3394,339.555148
3395,339.587604
3396,339.623265
3397,339.662218
3398,339.704947
3399,339.752207
3400,339.805048
3401,339.865024
3402,339.93479
3403,340.019953
3404,340.134944
3405,340.321953
3406,340.712367
3407,341.726713
3408,341.846687
3409,341.933954
3410,342.028968
3411,342.11188
3412,342.178709
3413,342.229722
3414,342.266013
3415,342.28854
3416,342.297861
3417,342.294079
3418,342.27684
3419,342.245385
3420,342.198754
3421,342.1366
3422,342.062036
3423,341.991365
3424,341.875704
3425,340.916532
3426,340.567838
3427,340.421892
3428,340.352567
3429,340.322138
3430,340.324979
3431,340.380122
3432,340.56111
3433,341.109904
3434,341.299163
3435,341.357315
3436,341.396953
3437,341.431988
3438,341.456843
3439,341.470909
3440,341.474757
3441,341.469039
3442,341.454185
3443,341.430328
3444,341.397291
3445,341.354611
3446,341.301623
3447,341.237823
3448,341.164136
3449,341.087274
3450,341.00952
3451,340.886196
3452,340.175193
3453,339.901954
3454,339.776262
3455,339.715003
3456,339.49928
3457,339.519528
3458,339.547421
3459,339.57928
3460,339.614234
3461,339.652354
3462,339.694101
3463,339.74019
3464,339.791627
3465,339.849906
3466,339.917609
3467,340.000253
3468,340.112159
3469,340.295332
3470,340.680701
3471,341.687219
3472,341.806545
3473,341.891175
3474,341.98315
3475,342.063355
3476,342.128029
3477,342.177476
3478,342.212776
3479,342.234862
3480,342.244277
3481,342.241128
3482,342.225085
3483,342.195418
3484,342.151193
3485,342.092024
3486,342.020796
3487,341.953023
3488,341.838087
3489,340.887796
3490,340.545021
3491,340.403855
3492,340.33873
3493,340.312164
3494,340.318716
3495,340.37766
3496,340.56305
3497,341.118343
3498,341.309084
3499,341.368737
3500,341.410404
3501,341.447695
3502,341.474628
3503,341.490462
3504,341.495733
3505,341.491089
3506,341.476967
3507,341.453503
3508,341.420527
3509,341.377575
3510,341.323991
3511,341.259292
3512,341.184474
3513,341.106435
3514,341.02765
3515,340.903927
3516,340.189706
3517,339.914539
3518,339.787559
3519,339.725547
3520,339.491802
3521,339.51168
3522,339.539016
3523,339.57018
3524,339.604301
3525,339.641429
3526,339.681989
3527,339.726648
3528,339.776348
3529,339.832495
3530,339.897558
3531,339.976902
3532,340.084647
3533,340.26252
3534,340.64092
3535,341.636915
3536,341.755342
3537,341.836249
3538,341.924028
3539,342.000569
3540,342.062366
3541,342.109738
3542,342.143714
3543,342.165173
3544,342.174634
3545,342.172206
3546,342.157593
3547,342.130122
3548,342.088914
3549,342.033575
3550,341.966727
3551,341.902838
3552,341.788852
3553,340.849766
3554,340.514533
3555,340.379299
3556,340.319097
3557,340.296764
3558,340.307111
3559,340.369683
3560,340.559023
3561,341.119886
3562,341.311873
3563,341.372755
3564,341.416072
3565,341.455207
3566,341.483856
3567,341.501178
3568,341.507679
3569,341.504005
3570,341.490594
3571,341.467591
3572,341.434828
3573,341.391847
3574,341.337999
3575,341.272824
3576,341.197364
3577,341.11864
3578,341.039242
3579,340.915278
3580,340.199092
3581,339.922736
3582,339.794954
3583,339.732468
3584,339.483821
3585,339.503289
3586,339.530006
3587,339.560389
3588,339.593566
3589,339.629559
3590,339.668754
3591,339.711756
3592,339.759423
3593,339.813041
3594,339.874904
3595,339.950115
3596,340.0524
3597,340.22299
3598,340.591982
3599,341.576228
3600,341.693624
3601,341.769616
3602,341.852046
3603,341.924056
3604,341.982376
3605,342.027271
3606,342.059665
3607,342.080355
3608,342.089815
3609,342.088158
3610,342.075135
3611,342.050162
3612,342.012469
3613,341.961718
3614,341.900292
3615,341.841385
3616,341.728455
3617,340.801427
3618,340.475834
3619,340.348185
3620,340.293853
3621,340.276189
3622,340.29043
3623,340.35648
3624,340.54937
3625,341.114997
3626,341.30803
3627,341.369914
3628,341.414562
3629,341.455185
3630,341.485231
3631,341.503788
3632,341.511344
3633,341.508543
3634,341.495827
3635,341.473347
3636,341.44094
3637,341.398152
3638,341.344344
3639,341.279068
3640,341.203395
3641,341.124403
3642,341.044749
3643,340.920677
3644,340.203594
3645,339.926685
3646,339.798525
3647,339.735814
3648,339.475413
3649,339.494439
3650,339.52048
3651,339.550008
3652,339.582144
3653,339.616887
3654,339.65457
3655,339.695732
3656,339.741126
3657,339.791879
3658,339.850021
3659,339.920174
3660,340.015148
3661,340.174731
3662,340.52882
3663,341.506797
3664,341.626516
3665,341.696855
3666,341.773395
3667,341.840603
3668,341.895333
3669,341.937709
3670,341.9685
3671,341.988397
3672,341.997819
3673,341.996882
3674,341.985393
3675,341.962879
3676,341.928729
3677,341.882747
3678,341.827193
3679,341.773932
3680,341.658758
3681,340.737934
3682,340.426987
3683,340.310247
3684,340.263266
3685,340.250806
3686,340.269023
3687,340.338374
3688,340.534411
3689,341.104038
3690,341.297931
3691,341.360607
3692,341.406295
3693,341.44808
3694,341.479231
3695,341.498788
3696,341.507233
3697,341.505212
3698,341.493174
3699,341.471276
3700,341.439358
3701,341.396974
3702,341.343487
3703,341.278456
3704,341.202957
3705,341.124076
3706,341.04448
3707,340.92042
3708,340.203398
3709,339.92651
3710,339.798361
3711,339.735656
3712,339.466673
3713,339.485228
3714,339.510547
3715,339.539156
3716,339.570176
3717,339.603576
3718,339.639643
3719,339.678837
3720,339.721792
3721,339.769439
3722,339.823424
3723,339.88749
3724,339.97219
3725,340.111512
3726,340.424233
3727,341.354706
3728,341.551487
3729,341.617237
3730,341.688356
3731,341.751234
3732,341.802801
3733,341.842987
3734,341.87239
3735,341.891588
3736,341.900951
3737,341.900593
3738,341.890378
3739,341.869946
3740,341.838859
3741,341.79712
3742,341.746922
3743,341.698248
3744,341.508649
3745,340.633035
3746,340.361982
3747,340.26482
3748,340.227748
3749,340.221128
3750,340.243326
3751,340.31572
3752,340.514445
3753,341.087267
3754,341.281826
3755,341.345088
3756,341.391529
3757,341.434157
3758,341.466124
3759,341.48645
3760,341.49562
3761,341.494287
3762,341.482909
3763,341.461647
3764,341.430348
3765,341.388567
3766,341.335671
3767,341.271215
3768,341.196262
3769,341.117851
3770,341.038614
3771,340.91468
3772,340.198633
3773,339.922318
3774,339.794554
3775,339.732081
3776,339.457717
3777,339.475777
3778,339.500333
3779,339.527972
3780,339.557818
3781,339.589817
3782,339.624205
3783,339.661367
3784,339.701813
3785,339.746256
3786,339.795862
3787,339.853069
3788,339.924114
3789,340.026586
3790,340.21001
3791,340.597278
3792,341.353142
3793,341.453252
3794,341.524404
3795,341.585829
3796,341.63622
3797,341.675572
3798,341.704438
3799,341.723358
3800,341.732681
3801,341.732523
3802,341.722766
3803,341.703091
3804,341.673111
3805,341.63278
3806,341.582634
3807,341.501096
3808,340.772254
3809,340.420588
3810,340.274281
3811,340.212505
3812,340.188307
3813,340.187913
3814,340.213886
3815,340.288923
3816,340.489767
3817,341.064868
3818,341.259881
3819,341.323504
3820,341.370393
3821,341.413528
3822,341.446012
3823,341.466868
3824,341.476593
3825,341.475853
3826,341.465112
3827,341.444537
3828,341.413981
3829,341.373001
3830,341.320963
3831,341.257412
3832,341.183377
3833,341.105798
3834,341.027228
3835,340.903534
3836,340.189395
3837,339.914214
3838,339.787217
3839,339.725202
3840,339.448703
3841,339.466246
3842,339.490004
3843,339.516634
3844,339.54527
3845,339.575837
3846,339.608533
3847,339.64367
3848,339.681649
3849,339.722977
3850,339.768394
3851,339.81923
3852,339.878392
3853,339.952772
3854,340.057694
3855,340.218489
3856,340.435771
3857,340.533548
3858,340.59765
3859,340.64843
3860,340.689737
3861,340.722452
3862,340.746981
3863,340.763615
3864,340.77256
3865,340.773935
3866,340.767768
3867,340.754004
3868,340.732469
3869,340.702466
3870,340.660239
3871,340.585658
3872,340.39529
3873,340.265716
3874,340.195606
3875,340.160613
3876,340.147281
3877,340.152278
3878,340.181416
3879,340.258495
3880,340.46075
3881,341.037057
3882,341.232274
3883,341.296004
3884,341.343001
3885,341.386274
3886,341.418951
3887,341.440081
3888,341.450181
3889,341.449929
3890,341.439795
3891,341.419953
3892,341.390259
3893,341.350274
3894,341.299362
3895,341.237052
3896,341.164322
3897,341.08796
3898,341.010385
3899,340.887058
3900,340.17582
3901,339.902368
3902,339.776539
3903,339.715222
3904,339.439889
3905,339.456896
3906,339.479829
3907,339.505427
3908,339.532843
3909,339.561993
3910,339.593039
3911,339.626239
3912,339.661901
3913,339.700379
3914,339.74211
3915,339.787728
3916,339.838354
3917,339.896162
3918,339.96492
3919,340.04836
3920,340.140162
3921,340.207247
3922,340.259584
3923,340.302769
3924,340.338491
3925,340.367204
3926,340.389089
3927,340.404283
3928,340.412912
3929,340.415093
3930,340.410935
3931,340.400543
3932,340.383995
3933,340.361109
3934,340.330498
3935,340.287002
3936,340.221503
3937,340.167683
3938,340.132322
3939,340.112663
3940,340.106649
3941,340.115567
3942,340.14697
3943,340.225328
3944,340.428162
3945,341.004439
3946,341.199569
3947,341.263109
3948,341.309826
3949,341.352828
3950,341.385347
3951,341.40648
3952,341.416764
3953,341.416885
3954,341.407318
3955,341.38824
3956,341.359512
3957,341.3207
3958,341.271165
3959,341.210424
3960,341.13939
3961,341.064651
3962,340.988433
3963,340.865611
3964,340.15832
3965,339.887211
3966,339.762966
3967,339.702591
3968,339.431809
3969,339.448275
3970,339.470389
3971,339.494979
3972,339.521231
3973,339.549055
3974,339.57859
3975,339.610056
3976,339.643696
3977,339.679764
3978,339.718515
3979,339.760224
3980,339.805228
3981,339.853989
3982,339.907006
3983,339.964012
3984,340.021714
3985,340.072595
3986,340.116626
3987,340.1545
3988,340.186435
3989,340.212436
3990,340.232494
3991,340.246645
3992,340.254966
3993,340.257571
3994,340.254613
3995,340.2463
3996,340.232901
3997,340.214703
3998,340.191823
3999,340.163988
4000,340.131772
4001,340.103274
4002,340.082459
4003,340.070591
4004,340.068837
4005,340.08015
4006,340.112825
4007,340.191648
4008,340.394211
4009,340.969203
4010,341.163925
4011,341.226938
4012,341.272966
4013,341.315292
4014,341.347318
4015,341.368196
4016,341.378476
4017,341.378845
4018,341.369779
4019,341.351454
4020,341.323737
4021,341.286198
4022,341.238208
4023,341.179271
4024,341.110245
4025,341.037483
4026,340.962971
4027,340.840794
4028,340.138333
4029,339.870054
4030,339.747729
4031,339.688506
4032,339.425832
4033,339.441829
4034,339.46326
4035,339.487042
4036,339.512382
4037,339.539193
4038,339.567601
4039,339.597803
4040,339.630009
4041,339.66442
4042,339.701211
4043,339.74051
4044,339.782378
4045,339.826764
4046,339.873383
4047,339.921386
4048,339.968848
4049,340.013009
4050,340.05276
4051,340.087647
4052,340.117382
4053,340.141768
4054,340.160705
4055,340.174179
4056,340.182243
4057,340.185009
4058,340.182648
4059,340.175412
4060,340.16366
4061,340.147877
4062,340.128685
4063,340.106936
4064,340.084216
4065,340.063851
4066,340.048465
4067,340.039898
4068,340.040076
4069,340.052431
4070,340.0855
4071,340.164157
4072,340.365934
4073,340.938991
4074,341.133075
4075,341.195314
4076,341.240423
4077,341.281885
4078,341.31327
4079,341.333763
4080,341.343915
4081,341.344405
4082,341.335702
4083,341.317982
4084,341.291113
4085,341.254676
4086,341.208053
4087,341.150753
4088,341.083598
4089,341.01276
4090,340.940002
4091,340.818524
4092,340.120658
4093,339.855004
4094,339.73449
4095,339.676387
4096,339.193732
4097,339.205495
4098,339.218456
4099,339.232416
4100,339.247213
4101,339.262686
4102,339.278664
4103,339.294949
4104,339.311316
4105,339.327514
4106,339.34327
4107,339.358299
4108,339.37232
4109,339.385066
4110,339.396294
4111,339.405801
4112,339.413421
4113,339.419032
4114,339.422552
4115,339.423943
4116,339.423208
4117,339.42039
4118,339.415576
4119,339.408892
4120,339.400505
4121,339.390617
4122,339.379457
4123,339.36727
4124,339.354305
4125,339.340801
4126,339.326969
4127,339.312995
4128,339.299024
4129,339.285168
4130,339.271506
4131,339.258089
4132,339.244945
4133,339.232085
4134,339.219507
4135,339.2072
4136,339.195148
4137,339.183334
4138,339.171738
4139,339.160342
4140,339.14913
4141,339.13809
4142,339.127208
4143,339.116477
4144,339.105892
4145,339.095448
4146,339.085143
4147,339.074978
4148,339.064954
4149,339.055073
4150,339.045339
4151,339.035756
4152,339.02633
4153,339.017068
4154,339.007978
4155,338.999072
4156,338.990366
4157,338.981879
4158,338.973642
4159,338.965701
4160,339.216865
4161,339.229673
4162,339.243648
4163,339.258661
4164,339.274576
4165,339.29124
4166,339.308477
4167,339.326082
4168,339.343812
4169,339.361392
4170,339.378517
4171,339.394868
4172,339.410127
4173,339.423996
4174,339.436205
4175,339.44653
4176,339.45479
4177,339.460853
4178,339.464633
4179,339.466088
4180,339.465221
4181,339.462082
4182,339.456761
4183,339.449398
4184,339.440177
4185,339.429324
4186,339.417096
4187,339.403773
4188,339.389636
4189,339.374955
4190,339.359968
4191,339.344876
4192,339.329836
4193,339.314964
4194,339.300342
4195,339.286016
4196,339.272011
4197,339.258332
4198,339.244972
4199,339.231914
4200,339.219139
4201,339.206624
4202,339.194347
4203,339.182285
4204,339.170422
4205,339.158741
4206,339.14723
4207,339.135879
4208,339.124682
4209,339.113635
4210,339.102736
4211,339.091986
4212,339.081385
4213,339.070937
4214,339.060644
4215,339.050512
4216,339.040546
4217,339.030752
4218,339.02114
4219,339.01172
4220,339.002507
4221,338.993518
4222,338.984778
4223,338.976315
4224,339.239944
4225,339.253979
4226,339.269199
4227,339.28553
4228,339.302863
4229,339.321065
4230,339.339963
4231,339.359341
4232,339.378935
4233,339.398432
4234,339.417479
4235,339.435697
4236,339.45271
4237,339.468165
4238,339.481751
4239,339.493212
4240,339.502348
4241,339.509017
4242,339.513125
4243,339.514629
4244,339.513533
4245,339.509889
4246,339.503798
4247,339.495414
4248,339.484947
4249,339.47266
4250,339.45886
4251,339.443883
4252,339.428069
4253,339.411738
4254,339.395168
4255,339.378585
4256,339.36216
4257,339.346013
4258,339.330216
4259,339.314811
4260,339.29981
4261,339.285205
4262,339.270979
4263,339.257105
4264,339.243553
4265,339.230293
4266,339.217297
4267,339.204538
4268,339.191993
4269,339.179645
4270,339.167477
4271,339.155481
4272,339.143649
4273,339.131976
4274,339.120461
4275,339.109104
4276,339.097907
4277,339.086872
4278,339.076003
4279,339.065305
4280,339.054782
4281,339.044441
4282,339.03429
4283,339.024339
4284,339.014598
4285,339.005084
4286,338.995812
4287,338.9868
4288,339.26312
4289,339.278501
4290,339.295157
4291,339.313053
4292,339.332113
4293,339.352223
4294,339.373221
4295,339.394883
4296,339.416918
4297,339.438961
4298,339.460583
4299,339.481317
4300,339.500691
4301,339.518273
4302,339.533691
4303,339.546652
4304,339.556932
4305,339.564377
4306,339.56889
4307,339.570425
4308,339.568988
4309,339.564633
4310,339.557469
4311,339.547668
4312,339.535473
4313,339.521199
4314,339.505225
4315,339.487976
4316,339.469884
4317,339.451349
4318,339.432706
4319,339.414216
4320,339.39606
4321,339.378355
4322,339.361161
4323,339.3445
4324,339.328364
4325,339.312726
4326,339.29755
4327,339.282792
4328,339.268411
4329,339.254363
4330,339.24061
4331,339.22712
4332,339.213863
4333,339.200818
4334,339.187967
4335,339.175298
4336,339.162804
4337,339.150479
4338,339.138322
4339,339.126335
4340,339.114519
4341,339.102876
4342,339.091412
4343,339.080129
4344,339.069033
4345,339.058129
4346,339.047423
4347,339.036923
4348,339.026639
4349,339.016581
4350,339.006761
4351,338.997189
4352,339.286454
4353,339.303273
4354,339.321535
4355,339.341237
4356,339.362339
4357,339.384756
4358,339.408343
4359,339.432877
4360,339.458037
4361,339.483389
4362,339.508395
4363,339.532445
4364,339.554927
4365,339.575289
4366,339.593082
4367,339.607963
4368,339.619691
4369,339.628104
4370,339.633105
4371,339.634651
4372,339.632746
4373,339.627443
4374,339.618855
4375,339.607168
4376,339.592662
4377,339.575716
4378,339.556818
4379,339.536526
4380,339.515416
4381,339.494009
4382,339.47272
4383,339.451847
4384,339.431578
4385,339.412014
4386,339.393189
4387,339.375093
4388,339.357685
4389,339.34091
4390,339.324703
4391,339.309
4392,339.293737
4393,339.278859
4394,339.264314
4395,339.250059
4396,339.236059
4397,339.222287
4398,339.208721
4399,339.195349
4400,339.182161
4401,339.169154
4402,339.156327
4403,339.143683
4404,339.131222
4405,339.118949
4406,339.106868
4407,339.094981
4408,339.083294
4409,339.07181
4410,339.060533
4411,339.049471
4412,339.038629
4413,339.028015
4414,339.017637
4415,339.0075
4416,339.309939
4417,339.32828
4418,339.348305
4419,339.370048
4420,339.393515
4421,339.418665
4422,339.445391
4423,339.473483
4424,339.502597
4425,339.532215
4426,339.561638
4427,339.590037
4428,339.616572
4429,339.640521
4430,339.661333
4431,339.678626
4432,339.692146
4433,339.701742
4434,339.707325
4435,339.708858
4436,339.706341
4437,339.69982
4438,339.689398
4439,339.675266
4440,339.657729
4441,339.637248
4442,339.614454
4443,339.590119
4444,339.565049
4445,339.539944
4446,339.515326
4447,339.491528
4448,339.468727
4449,339.446988
4450,339.426296
4451,339.406589
4452,339.38778
4453,339.36977
4454,339.35246
4455,339.335754
4456,339.319566
4457,339.303819
4458,339.288447
4459,339.273395
4460,339.258619
4461,339.244085
4462,339.22977
4463,339.215659
4464,339.201743
4465,339.188019
4466,339.174489
4467,339.161155
4468,339.148021
4469,339.135091
4470,339.122369
4471,339.109858
4472,339.09756
4473,339.08548
4474,339.073619
4475,339.061981
4476,339.050569
4477,339.03939
4478,339.028447
4479,339.017744
4480,339.333518
4481,339.353453
4482,339.375384
4483,339.399397
4484,339.425556
4485,339.453891
4486,339.484361
4487,339.51681
4488,339.550894
4489,339.586005
4490,339.621217
4491,339.65534
4492,339.687155
4493,339.715694
4494,339.740299
4495,339.760564
4496,339.776263
4497,339.787274
4498,339.793539
4499,339.79503
4500,339.791745
4501,339.783706
4502,339.770985
4503,339.753742
4504,339.732286
4505,339.707154
4506,339.679171
4507,339.649447
4508,339.619178
4509,339.589342
4510,339.560584
4511,339.533253
4512,339.507476
4513,339.483241
4514,339.460453
4515,339.438973
4516,339.418648
4517,339.399321
4518,339.380848
4519,339.363094
4520,339.345943
4521,339.329294
4522,339.313063
4523,339.297181
4524,339.281594
4525,339.266263
4526,339.25116
4527,339.236268
4528,339.221581
4529,339.207098
4530,339.192824
4531,339.178763
4532,339.164921
4533,339.151304
4534,339.137915
4535,339.124756
4536,339.11183
4537,339.099136
4538,339.086676
4539,339.07445
4540,339.06246
4541,339.050709
4542,339.039197
4543,339.027927
4544,339.357083
4545,339.37867
4546,339.402636
4547,339.429128
4548,339.458295
4549,339.49027
4550,339.525135
4551,339.562849
4552,339.60314
4553,339.645345
4554,339.688233
4555,339.729986
4556,339.768701
4557,339.803073
4558,339.832367
4559,339.856227
4560,339.874511
4561,339.887178
4562,339.894226
4563,339.89565
4564,339.891435
4565,339.881562
4566,339.866029
4567,339.844914
4568,339.81846
4569,339.787225
4570,339.752271
4571,339.715267
4572,339.678141
4573,339.642282
4574,339.608445
4575,339.576923
4576,339.54772
4577,339.520688
4578,339.495603
4579,339.472217
4580,339.450287
4581,339.429583
4582,339.409904
4583,339.39107
4584,339.372928
4585,339.355352
4586,339.338235
4587,339.321492
4588,339.305059
4589,339.288888
4590,339.27295
4591,339.257228
4592,339.241717
4593,339.226424
4594,339.211355
4595,339.196522
4596,339.181932
4597,339.167592
4598,339.153507
4599,339.139676
4600,339.126099
4601,339.112776
4602,339.099702
4603,339.086878
4604,339.074301
4605,339.061971
4606,339.049888
4607,339.038051
4608,339.38048
4609,339.403762
4610,339.429863
4611,339.459009
4612,339.491461
4613,339.527503
4614,339.567407
4615,339.611359
4616,339.65931
4617,339.710692
4618,339.76395
4619,339.816118
4620,339.863882
4621,339.90557
4622,339.940536
4623,339.968627
4624,339.989895
4625,340.004448
4626,340.012374
4627,340.013706
4628,340.008413
4629,339.996401
4630,339.977544
4631,339.951739
4632,339.919027
4633,339.879824
4634,339.835362
4635,339.788287
4636,339.742058
4637,339.698607
4638,339.658665
4639,339.622301
4640,339.589268
4641,339.559191
4642,339.53166
4643,339.506281
4644,339.482695
4645,339.460586
4646,339.439683
4647,339.419755
4648,339.40061
4649,339.382089
4650,339.364063
4651,339.346429
4652,339.32911
4653,339.312052
4654,339.295222
4655,339.278607
4656,339.262207
4657,339.246037
4658,339.230112
4659,339.21445
4660,339.199064
4661,339.183961
4662,339.169144
4663,339.154614
4664,339.140365
4665,339.126394
4666,339.112695
4667,339.099261
4668,339.08609
4669,339.073177
4670,339.06052
4671,339.048117
4672,339.403519
4673,339.428512
4674,339.45681
4675,339.488729
4676,339.52467
4677,339.565113
4678,339.610605
4679,339.66171
4680,339.718863
4681,339.782001
4682,339.849602
4683,339.916567
4684,339.976141
4685,340.026758
4686,340.068339
4687,340.101221
4688,340.125807
4689,340.142432
4690,340.151315
4691,340.15254
4692,340.146052
4693,340.131657
4694,340.109036
4695,340.077783
4696,340.0375
4697,339.988058
4698,339.930355
4699,339.868782
4700,339.810495
4701,339.757725
4702,339.710707
4703,339.668967
4704,339.631819
4705,339.598554
4706,339.568515
4707,339.541123
4708,339.515884
4709,339.49238
4710,339.470264
4711,339.449251
4712,339.429105
4713,339.409632
4714,339.39068
4715,339.372126
4716,339.353879
4717,339.335876
4718,339.318085
4719,339.300495
4720,339.283121
4721,339.265988
4722,339.249129
4723,339.232568
4724,339.216326
4725,339.200412
4726,339.184826
4727,339.169566
4728,339.154623
4729,339.139987
4730,339.125648
4731,339.111597
4732,339.097825
4733,339.084325
4734,339.071093
4735,339.058124
4736,339.425978
4737,339.452669
4738,339.483172
4739,339.517907
4740,339.557427
4741,339.602442
4742,339.65384
4743,339.7127
4744,339.780271
4745,339.857768
4746,339.945508
4747,340.035058
4748,340.10946
4749,340.170318
4750,340.219153
4751,340.257169
4752,340.285266
4753,340.304068
4754,340.313957
4755,340.315075
4756,340.30734
4757,340.290435
4758,340.2638
4759,340.226614
4760,340.17776
4761,340.115812
4762,340.039164
4763,339.955458
4764,339.88186
4765,339.81837
4766,339.763667
4767,339.716307
4768,339.674976
4769,339.638542
4770,339.606051
4771,339.576715
4772,339.549889
4773,339.525048
4774,339.501767
4775,339.479702
4776,339.458573
4777,339.438155
4778,339.418265
4779,339.398762
4780,339.379538
4781,339.360522
4782,339.341679
4783,339.32301
4784,339.304546
4785,339.286338
4786,339.268441
4787,339.250895
4788,339.233727
4789,339.216945
4790,339.200548
4791,339.184527
4792,339.168865
4793,339.153547
4794,339.138557
4795,339.123879
4796,339.109501
4797,339.095412
4798,339.081605
4799,339.068072
4800,339.447615
4801,339.475957
4802,339.508617
4803,339.546116
4804,339.589164
4805,339.6387
4806,339.695957
4807,339.762547
4808,339.840596
4809,339.932919
4810,340.043234
4811,340.158802
4812,340.248545
4813,340.319636
4814,340.375642
4815,340.418716
4816,340.450267
4817,340.471217
4818,340.482106
4819,340.483139
4820,340.474203
4821,340.454861
4822,340.424311
4823,340.381307
4824,340.323963
4825,340.249281
4826,340.151678
4827,340.04219
4828,339.952707
4829,339.878528
4830,339.816318
4831,339.763562
4832,339.718288
4833,339.678915
4834,339.644177
4835,339.613068
4836,339.584794
4837,339.558725
4838,339.534361
4839,339.511304
4840,339.489232
4841,339.467885
4842,339.447054
4843,339.426573
4844,339.406318
4845,339.386204
4846,339.366194
4847,339.346302
4848,339.32659
4849,339.307155
4850,339.288085
4851,339.269445
4852,339.251266
4853,339.233554
4854,339.2163
4855,339.199484
4856,339.183081
4857,339.167065
4858,339.151412
4859,339.136101
4860,339.121114
4861,339.106434
4862,339.092052
4863,339.077957
4864,339.468187
4865,339.498098
4866,339.532806
4867,339.572926
4868,339.619305
4869,339.673083
4870,339.735773
4871,339.809382
4872,339.896564
4873,340.000743
4874,340.125892
4875,340.256789
4876,340.358392
4877,340.438239
4878,340.500645
4879,340.548323
4880,340.583059
4881,340.60601
4882,340.617851
4883,340.618838
4884,340.608837
4885,340.587309
4886,340.553259
4887,340.50512
4888,340.440526
4889,340.355807
4890,340.244832
4891,340.120495
4892,340.019117
4893,339.936073
4894,339.867402
4895,339.809982
4896,339.76134
4897,339.719488
4898,339.682865
4899,339.650263
4900,339.620753
4901,339.593616
4902,339.568288
4903,339.544324
4904,339.521364
4905,339.499119
4906,339.477351
4907,339.455868
4908,339.434521
4909,339.413208
4910,339.391881
4911,339.370568
4912,339.349383
4913,339.328506
4914,339.308088
4915,339.288219
4916,339.268932
4917,339.250222
4918,339.232064
4919,339.214422
4920,339.197256
4921,339.180528
4922,339.164205
4923,339.148256
4924,339.132656
4925,339.117386
4926,339.10243
4927,339.087776
4928,339.487461
4929,339.518828
4930,339.555423
4931,339.597939
4932,339.647335
4933,339.704902
4934,339.772354
4935,339.851934
4936,339.946538
4937,340.059718
4938,340.195145
4939,340.336289
4940,340.44666
4941,340.533506
4942,340.601287
4943,340.652955
4944,340.690509
4945,340.715264
4946,340.727991
4947,340.728987
4948,340.718102
4949,340.694725
4950,340.657731
4951,340.605368
4952,340.535046
4953,340.44292
4954,340.322991
4955,340.189119
4956,340.079348
4957,339.989625
4958,339.915953
4959,339.854961
4960,339.803836
4961,339.760196
4962,339.722205
4963,339.688488
4964,339.65802
4965,339.630017
4966,339.603873
4967,339.579108
4968,339.555336
4969,339.532237
4970,339.509546
4971,339.487043
4972,339.464544
4973,339.441913
4974,339.419078
4975,339.396067
4976,339.373068
4977,339.350445
4978,339.32845
4979,339.307193
4980,339.286693
4981,339.266917
4982,339.247811
4983,339.229315
4984,339.21137
4985,339.193922
4986,339.176923
4987,339.160334
4988,339.144122
4989,339.128262
4990,339.112735
4991,339.097525
4992,339.505227
4993,339.537911
4994,339.57619
4995,339.620817
4996,339.672835
4997,339.733641
4998,339.805072
4999,339.889499
5000,339.989902
5001,340.109794
5002,340.252545
5003,340.400905
5004,340.517708
5005,340.609945
5006,340.682037
5007,340.737004
5008,340.776945
5009,340.803266
5010,340.816798
5011,340.817865
5012,340.806309
5013,340.781476
5014,340.742167
5015,340.686544
5016,340.611944
5017,340.514539
5018,340.388538
5019,340.248332
5020,340.132826
5021,340.038435
5022,339.961322
5023,339.89808
5024,339.845671
5025,339.801155
5026,339.762444
5027,339.728069
5028,339.696963
5029,339.668325
5030,339.641534
5031,339.616093
5032,339.591595
5033,339.567701
5034,339.544117
5035,339.520588
5036,339.496887
5037,339.472821
5038,339.44825
5039,339.42315
5040,339.397782
5041,339.372976
5042,339.349119
5043,339.326303
5044,339.304489
5045,339.283588
5046,339.263502
5047,339.244134
5048,339.2254
5049,339.207227
5050,339.189551
5051,339.172324
5052,339.155503
5053,339.139057
5054,339.122962
5055,339.1072
5056,339.521308
5057,339.55515
5058,339.594881
5059,339.641295
5060,339.695494
5061,339.758943
5062,339.833553
5063,339.921751
5064,340.026534
5065,340.151339
5066,340.299319
5067,340.452808
5068,340.574268
5069,340.670531
5070,340.745938
5071,340.803513
5072,340.845391
5073,340.873019
5074,340.887265
5075,340.888469
5076,340.87647
5077,340.850593
5078,340.809606
5079,340.751639
5080,340.674032
5081,340.573024
5082,340.442997
5083,340.298664
5084,340.179439
5085,340.082088
5086,340.003014
5087,339.938987
5088,339.886971
5089,339.842717
5090,339.804016
5091,339.769462
5092,339.73805
5093,339.709016
5094,339.681754
5095,339.655769
5096,339.630647
5097,339.60603
5098,339.5816
5099,339.557066
5100,339.532144
5101,339.506559
5102,339.480034
5103,339.452337
5104,339.423557
5105,339.395962
5106,339.369943
5107,339.345423
5108,339.322224
5109,339.300165
5110,339.279083
5111,339.258839
5112,339.239317
5113,339.220422
5114,339.202076
5115,339.184215
5116,339.166791
5117,339.149765
5118,339.133107
5119,339.116798
5120,339.535563
5121,339.570392
5122,339.611322
5123,339.659178
5124,339.715097
5125,339.780588
5126,339.857596
5127,339.948575
5128,340.056511
5129,340.184777
5130,340.336386
5131,340.493425
5132,340.618143
5133,340.717277
5134,340.795108
5135,340.854636
5136,340.898004
5137,340.926679
5138,340.941544
5139,340.942952
5140,340.930739
5141,340.904223
5142,340.862163
5143,340.802689
5144,340.723163
5145,340.619899
5146,340.487401
5147,340.340587
5148,340.219195
5149,340.120257
5150,340.040458
5151,339.977037
5152,339.928209
5153,339.885463
5154,339.847444
5155,339.813134
5156,339.781713
5157,339.752503
5158,339.72494
5159,339.698546
5160,339.672907
5161,339.647655
5162,339.622451
5163,339.596966
5164,339.570865
5165,339.543776
5166,339.515235
5167,339.48451
5168,339.449949
5169,339.418965
5170,339.390623
5171,339.364357
5172,339.339769
5173,339.316559
5174,339.294494
5175,339.273387
5176,339.253091
5177,339.233487
5178,339.214481
5179,339.195998
5180,339.177979
5181,339.16038
5182,339.143167
5183,339.126316
5184,339.547894
5185,339.583528
5186,339.625396
5187,339.674337
5188,339.73151
5189,339.798445
5190,339.877107
5191,339.969955
5192,340.079965
5193,340.210466
5194,340.364393
5195,340.523694
5196,340.650505
5197,340.751515
5198,340.830964
5199,340.891834
5200,340.936265
5201,340.96573
5202,340.981121
5203,340.982794
5204,340.970591
5205,340.943827
5206,340.901263
5207,340.841037
5208,340.760541
5209,340.656139
5210,340.522422
5211,340.374432
5212,340.252098
5213,340.152615
5214,340.072827
5215,340.010113
5216,339.962635
5217,339.921029
5218,339.883767
5219,339.849894
5220,339.81867
5221,339.789476
5222,339.761782
5223,339.735127
5224,339.709104
5225,339.683338
5226,339.657475
5227,339.631158
5228,339.604003
5229,339.575568
5230,339.545269
5231,339.512199
5232,339.474627
5233,339.441095
5234,339.410742
5235,339.382876
5236,339.356984
5237,339.33268
5238,339.309673
5239,339.287736
5240,339.266692
5241,339.246401
5242,339.226754
5243,339.207663
5244,339.189062
5245,339.170899
5246,339.153139
5247,339.135752
5248,339.55824
5249,339.594495
5250,339.637032
5251,339.686699
5252,339.744661
5253,339.812454
5254,339.892051
5255,339.985912
5256,340.097007
5257,340.228648
5258,340.383738
5259,340.544174
5260,340.672046
5261,340.774031
5262,340.854353
5263,340.915986
5264,340.961068
5265,340.991073
5266,341.006897
5267,341.008899
5268,340.996922
5269,340.970285
5270,340.927754
5271,340.867477
5272,340.786863
5273,340.68231
5274,340.548453
5275,340.400399
5276,340.278156
5277,340.178993
5278,340.099815
5279,340.038011
5280,339.991615
5281,339.951035
5282,339.914586
5283,339.881291
5284,339.850429
5285,339.821412
5286,339.793735
5287,339.766956
5288,339.740673
5289,339.714512
5290,339.688109
5291,339.661087
5292,339.633035
5293,339.603467
5294,339.571751
5295,339.536952
5296,339.497419
5297,339.46202
5298,339.430044
5299,339.400805
5300,339.373749
5301,339.348447
5302,339.324566
5303,339.301849
5304,339.280095
5305,339.259148
5306,339.238882
5307,339.219203
5308,339.200035
5309,339.181322
5310,339.163022
5311,339.145106
5312,339.566584
5313,339.603273
5314,339.646211
5315,339.696242
5316,339.754528
5317,339.8226
5318,339.902426
5319,339.996467
5320,340.107695
5321,340.239429
5322,340.394589
5323,340.555089
5324,340.68304
5325,340.785137
5326,340.865612
5327,340.927445
5328,340.972774
5329,341.003074
5330,341.019239
5331,341.02163
5332,341.010092
5333,340.98395
5334,340.941974
5335,340.88232
5336,340.802403
5337,340.698628
5338,340.565639
5339,340.418554
5340,340.297363
5341,340.199337
5342,340.121379
5343,340.060852
5344,340.015708
5345,339.976255
5346,339.940742
5347,339.908167
5348,339.877817
5349,339.849123
5350,339.821601
5351,339.794824
5352,339.768402
5353,339.741966
5354,339.715147
5355,339.687561
5356,339.658781
5357,339.628304
5358,339.595487
5359,339.559406
5360,339.518466
5361,339.481676
5362,339.44842
5363,339.418045
5364,339.389988
5365,339.363802
5366,339.33913
5367,339.315696
5368,339.293281
5369,339.271714
5370,339.25086
5371,339.230615
5372,339.210898
5373,339.191648
5374,339.17282
5375,339.154382
5376,339.572946
5377,339.609884
5378,339.652957
5379,339.702993
5380,339.761138
5381,339.828906
5382,339.908252
5383,340.001629
5384,340.112019
5385,340.242777
5386,340.396881
5387,340.556346
5388,340.683371
5389,340.784698
5390,340.864597
5391,340.926061
5392,340.971232
5393,341.001581
5394,341.017995
5395,341.020836
5396,341.009951
5397,340.984671
5398,340.943776
5399,340.885425
5400,340.807031
5401,340.70498
5402,340.573891
5403,340.428832
5404,340.30968
5405,340.213642
5406,340.137579
5407,340.078815
5408,340.035262
5409,339.997165
5410,339.962772
5411,339.93108
5412,339.901392
5413,339.87316
5414,339.84592
5415,339.819266
5416,339.792822
5417,339.766228
5418,339.73912
5419,339.711112
5420,339.681774
5421,339.6506
5422,339.61695
5423,339.579917
5424,339.537938
5425,339.500102
5426,339.46585
5427,339.434554
5428,339.405661
5429,339.378712
5430,339.353343
5431,339.329262
5432,339.30624
5433,339.284096
5434,339.262686
5435,339.241901
5436,339.221654
5437,339.201882
5438,339.182537
5439,339.163585
5440,339.57739
5441,339.614396
5442,339.65734
5443,339.707026
5444,339.764567
5445,339.831443
5446,339.909576
5447,340.001402
5448,340.109913
5449,340.238521
5450,340.390323
5451,340.547528
5452,340.672517
5453,340.772121
5454,340.850667
5455,340.911169
5456,340.955766
5457,340.985912
5458,341.002486
5459,341.00584
5460,340.995826
5461,340.971786
5462,340.932517
5463,340.876188
5464,340.800206
5465,340.700919
5466,340.572878
5467,340.431032
5468,340.315023
5469,340.221925
5470,340.148522
5471,340.092105
5472,340.05057
5473,340.01413
5474,339.98108
5475,339.950452
5476,339.921577
5477,339.893937
5478,339.8671
5479,339.840681
5480,339.814327
5481,339.787689
5482,339.760414
5483,339.732122
5484,339.702386
5485,339.670705
5486,339.636448
5487,339.598724
5488,339.555983
5489,339.517369
5490,339.482354
5491,339.450332
5492,339.420755
5493,339.393166
5494,339.367194
5495,339.342541
5496,339.31897
5497,339.296294
5498,339.274365
5499,339.253067
5500,339.232312
5501,339.212034
5502,339.192183
5503,339.172723
5504,339.580016
5505,339.616919
5506,339.659482
5507,339.708471
5508,339.764949
5509,339.830337
5510,339.906494
5511,339.995813
5512,340.101277
5513,340.226371
5514,340.374379
5515,340.527856
5516,340.649503
5517,340.746297
5518,340.822637
5519,340.881548
5520,340.925139
5521,340.954831
5522,340.971474
5523,340.975407
5524,340.966487
5525,340.94408
5526,340.907013
5527,340.85349
5528,340.780924
5529,340.685618
5530,340.562009
5531,340.424817
5532,340.313275
5533,340.224233
5534,340.154369
5535,340.100958
5536,340.061922
5537,340.027476
5538,339.996014
5539,339.966632
5540,339.938714
5541,339.911789
5542,339.885463
5543,339.859382
5544,339.833218
5545,339.806643
5546,339.779317
5547,339.750871
5548,339.720887
5549,339.688871
5550,339.654202
5551,339.615999
5552,339.572724
5553,339.533551
5554,339.497974
5555,339.465398
5556,339.435282
5557,339.40717
5558,339.38069
5559,339.35554
5560,339.331481
5561,339.30832
5562,339.285908
5563,339.264126
5564,339.242885
5565,339.222116
5566,339.20177
5567,339.18181
5568,339.580968
5569,339.617607
5570,339.659555
5571,339.707521
5572,339.762494
5573,339.8258
5574,339.899194
5575,339.984965
5576,340.086039
5577,340.205952
5578,340.348257
5579,340.49611
5580,340.612787
5581,340.705492
5582,340.778683
5583,340.835337
5584,340.877486
5585,340.906476
5586,340.923103
5587,340.927684
5588,340.920084
5589,340.899709
5590,340.865452
5591,340.815593
5592,340.747605
5593,340.657776
5594,340.540386
5595,340.409734
5596,340.304337
5597,340.220689
5598,340.155367
5599,340.10568
5600,340.069646
5601,340.037535
5602,340.007895
5603,339.979927
5604,339.953095
5605,339.92699
5606,339.901265
5607,339.87561
5608,339.849725
5609,339.823308
5610,339.796038
5611,339.767559
5612,339.737464
5613,339.705269
5614,339.670362
5615,339.631869
5616,339.588257
5617,339.548719
5618,339.512757
5619,339.479785
5620,339.449265
5621,339.420744
5622,339.393849
5623,339.368278
5624,339.34379
5625,339.320192
5626,339.297335
5627,339.275098
5628,339.253391
5629,339.232147
5630,339.211316
5631,339.190862
5632,339.580427
5633,339.616662
5634,339.657786
5635,339.704437
5636,339.7575
5637,339.818164
5638,339.888012
5639,339.969134
5640,340.064273
5641,340.176904
5642,340.31088
5643,340.450439
5644,340.560032
5645,340.647146
5646,340.716167
5647,340.769893
5648,340.810181
5649,340.83824
5650,340.854779
5651,340.860079
5652,340.854017
5653,340.836064
5654,340.805228
5655,340.759948
5656,340.697875
5657,340.615415
5658,340.506715
5659,340.385291
5660,340.288251
5661,340.211602
5662,340.151918
5663,340.106685
5664,340.074131
5665,340.044658
5666,340.017039
5667,339.990619
5668,339.964969
5669,339.939759
5670,339.914706
5671,339.889544
5672,339.864013
5673,339.837837
5674,339.810718
5675,339.782317
5676,339.75224
5677,339.720012
5678,339.685029
5679,339.646421
5680,339.602655
5681,339.562931
5682,339.526753
5683,339.493535
5684,339.462742
5685,339.433921
5686,339.406702
5687,339.380784
5688,339.355926
5689,339.331939
5690,339.308672
5691,339.286008
5692,339.263857
5693,339.242152
5694,339.220845
5695,339.199901
5696,339.578609
5697,339.614323
5698,339.654454
5699,339.699552
5700,339.750371
5701,339.807915
5702,339.873513
5703,339.948914
5704,340.03644
5705,340.139149
5706,340.260882
5707,340.387905
5708,340.487632
5709,340.567473
5710,340.631311
5711,340.681498
5712,340.719566
5713,340.746511
5714,340.762914
5715,340.769003
5716,340.764677
5717,340.749496
5718,340.722645
5719,340.68284
5720,340.62813
5721,340.555406
5722,340.459094
5723,340.3512
5724,340.265469
5725,340.197638
5726,340.14468
5727,340.104548
5728,340.075853
5729,340.049236
5730,340.023762
5731,339.998965
5732,339.974547
5733,339.950272
5734,339.925928
5735,339.901306
5736,339.876183
5737,339.850317
5738,339.823433
5739,339.795212
5740,339.765275
5741,339.733156
5742,339.698256
5743,339.659705
5744,339.615968
5745,339.576237
5746,339.540009
5747,339.506694
5748,339.475758
5749,339.446747
5750,339.419293
5751,339.393099
5752,339.36793
5753,339.343598
5754,339.319956
5755,339.29689
5756,339.274313
5757,339.25216
5758,339.230385
5759,339.208955
5760,339.575754
5761,339.610863
5762,339.649883
5763,339.693265
5764,339.741613
5765,339.795709
5766,339.856553
5767,339.925403
5768,340.003818
5769,340.093652
5770,340.196764
5771,340.303081
5772,340.389619
5773,340.460634
5774,340.518474
5775,340.564667
5776,340.600268
5777,340.625983
5778,340.642236
5779,340.64919
5780,340.646766
5781,340.634638
5782,340.61222
5783,340.578626
5784,340.532583
5785,340.472214
5786,340.394368
5787,340.308233
5788,340.237399
5789,340.180066
5790,340.134658
5791,340.10003
5792,340.07538
5793,340.05169
5794,340.028377
5795,340.005195
5796,339.981995
5797,339.958647
5798,339.935018
5799,339.910951
5800,339.886271
5801,339.860768
5802,339.834193
5803,339.806248
5804,339.776568
5805,339.7447
5806,339.710047
5807,339.671737
5808,339.628225
5809,339.588676
5810,339.552574
5811,339.519319
5812,339.488369
5813,339.459277
5814,339.431676
5815,339.405278
5816,339.379852
5817,339.355217
5818,339.331232
5819,339.307787
5820,339.2848
5821,339.26221
5822,339.239972
5823,339.218056
5824,339.572119
5825,339.606572
5826,339.64442
5827,339.686016
5828,339.731807
5829,339.782343
5830,339.838272
5831,339.900307
5832,339.969098
5833,340.044864
5834,340.126262
5835,340.207157
5836,340.279058
5837,340.340659
5838,340.392208
5839,340.434252
5840,340.467313
5841,340.491787
5842,340.507926
5843,340.515822
5844,340.515419
5845,340.506508
5846,340.488747
5847,340.461682
5848,340.424832
5849,340.377928
5850,340.321768
5851,340.261749
5852,340.20729
5853,340.160948
5854,340.123214
5855,340.094055
5856,340.073341
5857,340.052448
5858,340.031169
5859,340.009493
5860,339.987426
5861,339.964946
5862,339.941994
5863,339.918472
5864,339.894246
5865,339.869141
5866,339.842936
5867,339.815354
5868,339.786051
5869,339.754582
5870,339.720356
5871,339.682493
5872,339.63943
5873,339.600283
5874,339.564503
5875,339.531473
5876,339.500649
5877,339.471584
5878,339.443924
5879,339.417388
5880,339.391756
5881,339.366856
5882,339.342555
5883,339.31875
5884,339.295366
5885,339.272344
5886,339.249647
5887,339.227244
5888,339.567962
5889,339.601742
5890,339.638421
5891,339.678254
5892,339.721548
5893,339.768646
5894,339.819899
5895,339.875589
5896,339.935774
5897,339.999956
5898,340.066478
5899,340.13184
5900,340.192076
5901,340.245391
5902,340.291195
5903,340.329409
5904,340.360138
5905,340.383517
5906,340.399639
5907,340.408534
5908,340.410156
5909,340.404398
5910,340.391119
5911,340.370203
5912,340.341691
5913,340.306053
5914,340.264738
5915,340.221064
5916,340.179541
5917,340.142719
5918,340.111848
5919,340.087591
5920,340.070359
5921,340.051899
5922,340.032368
5923,340.011978
5924,339.99088
5925,339.96915
5926,339.946798
5927,339.923778
5928,339.899996
5929,339.875307
5930,339.84952
5931,339.822384
5932,339.793573
5933,339.762664
5934,339.729071
5935,339.691906
5936,339.649573
5937,339.611093
5938,339.575864
5939,339.543243
5940,339.512688
5941,339.483762
5942,339.456125
5943,339.429513
5944,339.403719
5945,339.378586
5946,339.353991
5947,339.329841
5948,339.306067
5949,339.282618
5950,339.259458
5951,339.236564
5952,339.563526
5953,339.59665
5954,339.632213
5955,339.670392
5956,339.711375
5957,339.755347
5958,339.802442
5959,339.85268
5960,339.905829
5961,339.961218
5962,340.01749
5963,340.072543
5964,340.124158
5965,340.170878
5966,340.211917
5967,340.246907
5968,340.275699
5969,340.298238
5970,340.314498
5971,340.324448
5972,340.32805
5973,340.325261
5974,340.316073
5975,340.300574
5976,340.279058
5977,340.252204
5978,340.221334
5979,340.188594
5980,340.15655
5981,340.12718
5982,340.101834
5983,340.081496
5984,340.066957
5985,340.050328
5986,340.032095
5987,340.012662
5988,339.992295
5989,339.971146
5990,339.949279
5991,339.92669
5992,339.903316
5993,339.879046
5994,339.853712
5995,339.827092
5996,339.798891
5997,339.768713
5998,339.735995
5999,339.699848
6000,339.658626
6001,339.621158
6002,339.586753
6003,339.554747
6004,339.524609
6005,339.495928
6006,339.468391
6007,339.441755
6008,339.415838
6009,339.390496
6010,339.365622
6011,339.341133
6012,339.31697
6013,339.293091
6014,339.269464
6015,339.24607
6016,339.559029
6017,339.591538
6018,339.626082
6019,339.662776
6020,339.701721
6021,339.742989
6022,339.786583
6023,339.832383
6024,339.880059
6025,339.928973
6026,339.978102
6027,340.026086
6028,340.071523
6029,340.113308
6030,340.150692
6031,340.183209
6032,340.210575
6033,340.232614
6034,340.249213
6035,340.260295
6036,340.26581
6037,340.26575
6038,340.260178
6039,340.249271
6040,340.233403
6041,340.213241
6042,340.189845
6043,340.164677
6044,340.139393
6045,340.115474
6046,340.094139
6047,340.076457
6048,340.063485
6049,340.047846
6050,340.030314
6051,340.011415
6052,339.991479
6053,339.970698
6054,339.949168
6055,339.926913
6056,339.903894
6057,339.880025
6058,339.855164
6059,339.82912
6060,339.801636
6061,339.772364
6062,339.7408
6063,339.7061
6064,339.666568
6065,339.630582
6066,339.597327
6067,339.566153
6068,339.536575
6069,339.508234
6070,339.480859
6071,339.454241
6072,339.428224
6073,339.402687
6074,339.377538
6075,339.35271
6076,339.328154
6077,339.303835
6078,339.27973
6079,339.255824
6080,339.554651
6081,339.586608
6082,339.620259
6083,339.655674
6084,339.692896
6085,339.731929
6086,339.772704
6087,339.815042
6088,339.858608
6089,339.902855
6090,339.947018
6091,339.990157
6092,340.031302
6093,340.069612
6094,340.104427
6095,340.135265
6096,340.161778
6097,340.183718
6098,340.200906
6099,340.213223
6100,340.2206
6101,340.223034
6102,340.220607
6103,340.21352
6104,340.202134
6105,340.187027
6106,340.169019
6107,340.14915
6108,340.12857
6109,340.108376
6110,340.089561
6111,340.073068
6112,340.060023
6113,340.044285
6114,340.026747
6115,340.007905
6116,339.988063
6117,339.96741
6118,339.946047
6119,339.924008
6120,339.901274
6121,339.877772
6122,339.853388
6123,339.82796
6124,339.801278
6125,339.773068
6126,339.742945
6127,339.710255
6128,339.673457
6129,339.639594
6130,339.607846
6131,339.577702
6132,339.548801
6133,339.520869
6134,339.493697
6135,339.46712
6136,339.441013
6137,339.41528
6138,339.389851
6139,339.364672
6140,339.339707
6141,339.314932
6142,339.290332
6143,339.265896
6144,339.550536
6145,339.582012
6146,339.614911
6147,339.64927
6148,339.6851
6149,339.722365
6150,339.760967
6151,339.800717
6152,339.84131
6153,339.882298
6154,339.923099
6155,339.963027
6156,340.001365
6157,340.037449
6158,340.070704
6159,340.100656
6160,340.126927
6161,340.149215
6162,340.167291
6163,340.180991
6164,340.190219
6165,340.194955
6166,340.19527
6167,340.191344
6168,340.183494
6169,340.172189
6170,340.15806
6171,340.141867
6172,340.12444
6173,340.106579
6174,340.088986
6175,340.07216
6176,340.056086
6177,340.039009
6178,340.020767
6179,340.001512
6180,339.981423
6181,339.960645
6182,339.939263
6183,339.917314
6184,339.894781
6185,339.871605
6186,339.847689
6187,339.822899
6188,339.797071
6189,339.770013
6190,339.741511
6191,339.711379
6192,339.679732
6193,339.648714
6194,339.618728
6195,339.589726
6196,339.561557
6197,339.534062
6198,339.507103
6199,339.480566
6200,339.454359
6201,339.428415
6202,339.402684
6203,339.37713
6204,339.351732
6205,339.326475
6206,339.301354
6207,339.276365
6208,339.546783
6209,339.577858
6210,339.610149
6211,339.643677
6212,339.678434
6213,339.714372
6214,339.751387
6215,339.789306
6216,339.827867
6217,339.866714
6218,339.905394
6219,339.943384
6220,339.980126
6221,340.01507
6222,340.047702
6223,340.077557
6224,340.104227
6225,340.127363
6226,340.146682
6227,340.161973
6228,340.173101
6229,340.180015
6230,340.182757
6231,340.18147
6232,340.176411
6233,340.167952
6234,340.156578
6235,340.142862
6236,340.127421
6237,340.110856
6238,340.093684
6239,340.076247
6240,340.058555
6241,340.040138
6242,340.020886
6243,340.000875
6244,339.980235
6245,339.95908
6246,339.937485
6247,339.915479
6248,339.893046
6249,339.870128
6250,339.846639
6251,339.822465
6252,339.797477
6253,339.771547
6254,339.744576
6255,339.716563
6256,339.687767
6257,339.658973
6258,339.63056
6259,339.60263
6260,339.575158
6261,339.548075
6262,339.521306
6263,339.494781
6264,339.468443
6265,339.442253
6266,339.416183
6267,339.390215
6268,339.364344
6269,339.33857
6270,339.312894
6271,339.28732
6272,339.543454
6273,339.574207
6274,339.606031
6275,339.638942
6276,339.672926
6277,339.707936
6278,339.743883
6279,339.780621
6280,339.817939
6281,339.855555
6282,339.893119
6283,339.930218
6284,339.966399
6285,340.001185
6286,340.034094
6287,340.064654
6288,340.092413
6289,340.116963
6290,340.137955
6291,340.15512
6292,340.168273
6293,340.177323
6294,340.182277
6295,340.183234
6296,340.180392
6297,340.174043
6298,340.164564
6299,340.152399
6300,340.138028
6301,340.121937
6302,340.104561
6303,340.086237
6304,340.06714
6305,340.047283
6306,340.026743
6307,340.005655
6308,339.98416
6309,339.962372
6310,339.940362
6311,339.918148
6312,339.895706
6313,339.872973
6314,339.849859
6315,339.826256
6316,339.802052
6317,339.777148
6318,339.751486
6319,339.725096
6320,339.69815
6321,339.670984
6322,339.643835
6323,339.616811
6324,339.589938
6325,339.563199
6326,339.536561
6327,339.509994
6328,339.483471
6329,339.456979
6330,339.430512
6331,339.404075
6332,339.377678
6333,339.351335
6334,339.32506
6335,339.298863
6336,339.540574
6337,339.571081
6338,339.602571
6339,339.635061
6340,339.668544
6341,339.702984
6342,339.738316
6343,339.774431
6344,339.811172
6345,339.848326
6346,339.885625
6347,339.922742
6348,339.959296
6349,339.994858
6350,340.028952
6351,340.061071
6352,340.090693
6353,340.11732
6354,340.140513
6355,340.159926
6356,340.175318
6357,340.186553
6358,340.1936
6359,340.196519
6360,340.195458
6361,340.190645
6362,340.182375
6363,340.171003
6364,340.156929
6365,340.140573
6366,340.12236
6367,340.102686
6368,340.081891
6369,340.060257
6370,340.038047
6371,340.015502
6372,339.992815
6373,339.970118
6374,339.947477
6375,339.924899
6376,339.902342
6377,339.879723
6378,339.856936
6379,339.833859
6380,339.810375
6381,339.786382
6382,339.76182
6383,339.736689
6384,339.711071
6385,339.685113
6386,339.658944
6387,339.632642
6388,339.60624
6389,339.579745
6390,339.553155
6391,339.526465
6392,339.499678
6393,339.472804
6394,339.445863
6395,339.418879
6396,339.391883
6397,339.364905
6398,339.337972
6399,339.311103
6400,339.538136
6401,339.568468
6402,339.599746
6403,339.631992
6404,339.665214
6405,339.699398
6406,339.73451
6407,339.770484
6408,339.807221
6409,339.844578
6410,339.882363
6411,339.920325
6412,339.958144
6413,339.995423
6414,340.031671
6415,340.066313
6416,340.098708
6417,340.128216
6418,340.154269
6419,340.17642
6420,340.194364
6421,340.207924
6422,340.217037
6423,340.221733
6424,340.222123
6425,340.218383
6426,340.210749
6427,340.199511
6428,340.185014
6429,340.167652
6430,340.147873
6431,340.126169
6432,340.10306
6433,340.07906
6434,340.054631
6435,340.030145
6436,340.005866
6437,339.981947
6438,339.958449
6439,339.935354
6440,339.912584
6441,339.890025
6442,339.867532
6443,339.844956
6444,339.822149
6445,339.798985
6446,339.775372
6447,339.751266
6448,339.726676
6449,339.701648
6450,339.676238
6451,339.650487
6452,339.624422
6453,339.598057
6454,339.571409
6455,339.544493
6456,339.517337
6457,339.489976
6458,339.462454
6459,339.434821
6460,339.40713
6461,339.37943
6462,339.351765
6463,339.324164
6464,339.536108
6465,339.566328
6466,339.597499
6467,339.629657
6468,339.662828
6469,339.697027
6470,339.732257
6471,339.768507
6472,339.805739
6473,339.843887
6474,339.882842
6475,339.922434
6476,339.962412
6477,340.002408
6478,340.041905
6479,340.080217
6480,340.116514
6481,340.149916
6482,340.179662
6483,340.20518
6484,340.226097
6485,340.24221
6486,340.253441
6487,340.259809
6488,340.261399
6489,340.258351
6490,340.250851
6491,340.239135
6492,340.223498
6493,340.204319
6494,340.182086
6495,340.15742
6496,340.131069
6497,340.103832
6498,340.076423
6499,340.049373
6500,340.023021
6501,339.997532
6502,339.972941
6503,339.949183
6504,339.926129
6505,339.903604
6506,339.881411
6507,339.859348
6508,339.83722
6509,339.814854
6510,339.792114
6511,339.768904
6512,339.745171
6513,339.720897
6514,339.696084
6515,339.670741
6516,339.644883
6517,339.618526
6518,339.591695
6519,339.564426
6520,339.536768
6521,339.508781
6522,339.48054
6523,339.452123
6524,339.42361
6525,339.395077
6526,339.366586
6527,339.338179
6528,339.534435
6529,339.564597
6530,339.595753
6531,339.627954
6532,339.661251
6533,339.695694
6534,339.731332
6535,339.768213
6536,339.806374
6537,339.845838
6538,339.886594
6539,339.928579
6540,339.971633
6541,340.015449
6542,340.05949
6543,340.102919
6544,340.144588
6545,340.183203
6546,340.217704
6547,340.247373
6548,340.271793
6549,340.290766
6550,340.304234
6551,340.312229
6552,340.314832
6553,340.312153
6554,340.304332
6555,340.291542
6556,340.274017
6557,340.2521
6558,340.226311
6559,340.197421
6560,340.166499
6561,340.134797
6562,340.103383
6563,340.072983
6564,340.043992
6565,340.016553
6566,339.990638
6567,339.966102
6568,339.94273
6569,339.920266
6570,339.898434
6571,339.876956
6572,339.85557
6573,339.834041
6574,339.812173
6575,339.789815
6576,339.766859
6577,339.743238
6578,339.718912
6579,339.693863
6580,339.66809
6581,339.641611
6582,339.614456
6583,339.586678
6584,339.55835
6585,339.529561
6586,339.500419
6587,339.471041
6588,339.441542
6589,339.41203
6590,339.382593
6591,339.353289
6592,339.533047
6593,339.563193
6594,339.594407
6595,339.62676
6596,339.660328
6597,339.695203
6598,339.731488
6599,339.769297
6600,339.808756
6601,339.849993
6602,339.893127
6603,339.938238
6604,339.985319
6605,340.034187
6606,340.084347
6607,340.134795
6608,340.183872
6609,340.229464
6610,340.270066
6611,340.304834
6612,340.333376
6613,340.355572
6614,340.37144
6615,340.381061
6616,340.384533
6617,340.381948
6618,340.373389
6619,340.358945
6620,340.338748
6621,340.313044
6622,340.28232
6623,340.247484
6624,340.210068
6625,340.172172
6626,340.135408
6627,340.100699
6628,340.068435
6629,340.038661
6630,340.011222
6631,339.985844
6632,339.962191
6633,339.93989
6634,339.918558
6635,339.897819
6636,339.877319
6637,339.856743
6638,339.835826
6639,339.814356
6640,339.792172
6641,339.769163
6642,339.745256
6643,339.720408
6644,339.694608
6645,339.667867
6646,339.640226
6647,339.611751
6648,339.58254
6649,339.552721
6650,339.522442
6651,339.49187
6652,339.461169
6653,339.43049
6654,339.399954
6655,339.369642
6656,339.531856
6657,339.56202
6658,339.593349
6659,339.625935
6660,339.659887
6661,339.69534
6662,339.732456
6663,339.771428
6664,339.812481
6665,339.855874
6666,339.901884
6667,339.950796
6668,340.002841
6669,340.0581
6670,340.116287
6671,340.176348
6672,340.235864
6673,340.29083
6674,340.339188
6675,340.380123
6676,340.413447
6677,340.439242
6678,340.457683
6679,340.46895
6680,340.473183
6681,340.47046
6682,340.460796
6683,340.444158
6684,340.420503
6685,340.389864
6686,340.352527
6687,340.309378
6688,340.262528
6689,340.215993
6690,340.172171
6691,340.132063
6692,340.09588
6693,340.063431
6694,340.034342
6695,340.008148
6696,339.984347
6697,339.962416
6698,339.941834
6699,339.922096
6700,339.902729
6701,339.88332
6702,339.863518
6703,339.843046
6704,339.821694
6705,339.799309
6706,339.775788
6707,339.751071
6708,339.725133
6709,339.697981
6710,339.669662
6711,339.640259
6712,339.6099
6713,339.578753
6714,339.547027
6715,339.514952
6716,339.482763
6717,339.45067
6718,339.41884
6719,339.387383
6720,339.530769
6721,339.560972
6722,339.592455
6723,339.62533
6724,339.659743
6725,339.695876
6726,339.733954
6727,339.774255
6728,339.817116
6729,339.862943
6730,339.912212
6731,339.965468
6732,340.023298
6733,340.086254
6734,340.154623
6735,340.227819
6736,340.302798
6737,340.370342
6738,340.428301
6739,340.476456
6740,340.515155
6741,340.544867
6742,340.566023
6743,340.578953
6744,340.583863
6745,340.580821
6746,340.56976
6747,340.550482
6748,340.522678
6749,340.485989
6750,340.440168
6751,340.385525
6752,340.324297
6753,340.265736
6754,340.212884
6755,340.166302
6756,340.125658
6757,340.090322
6758,340.059588
6759,340.032737
6760,340.009059
6761,339.98785
6762,339.968414
6763,339.95008
6764,339.932225
6765,339.914308
6766,339.895882
6767,339.876599
6768,339.856199
6769,339.834496
6770,339.811362
6771,339.78672
6772,339.760533
6773,339.732805
6774,339.703585
6775,339.672971
6776,339.641122
6777,339.608262
6778,339.574673
6779,339.540682
6780,339.506621
6781,339.472788
6782,339.439413
6783,339.406643
6784,339.529684
6785,339.559937
6786,339.591593
6787,339.62479
6788,339.659707
6789,339.696576
6790,339.735688
6791,339.77741
6792,339.822196
6793,339.870611
6794,339.923351
6795,339.981269
6796,340.045403
6797,340.116988
6798,340.19741
6799,340.287891
6800,340.388031
6801,340.471834
6802,340.540952
6803,340.597053
6804,340.641484
6805,340.675282
6806,340.699212
6807,340.713792
6808,340.719311
6809,340.715834
6810,340.703198
6811,340.681009
6812,340.648619
6813,340.605098
6814,340.549207
6815,340.479393
6816,340.39417
6817,340.319563
6818,340.25598
6819,340.20221
6820,340.156863
6821,340.118663
6822,340.086482
6823,340.059311
6824,340.036207
6825,340.016259
6826,339.99856
6827,339.982222
6828,339.966424
6829,339.950464
6830,339.933784
6831,339.915962
6832,339.896697
6833,339.875776
6834,339.853055
6835,339.828445
6836,339.801898
6837,339.773409
6838,339.743023
6839,339.71085
6840,339.677077
6841,339.641992
6842,339.605981
6843,339.56951
6844,339.533059
6845,339.497054
6846,339.461813
6847,339.427522
6848,339.528501
6849,339.558801
6850,339.590632
6851,339.624157
6852,339.659588
6853,339.697204
6854,339.737364
6855,339.780519
6856,339.827243
6857,339.878257
6858,339.934477
6859,339.997064
6860,340.067513
6861,340.147773
6862,340.240458
6863,340.349226
6864,340.479669
6865,340.58059
6866,340.66092
6867,340.724871
6868,340.774918
6869,340.812692
6870,340.839298
6871,340.855448
6872,340.861515
6873,340.857562
6874,340.843336
6875,340.818249
6876,340.78131
6877,340.730999
6878,340.664957
6879,340.579122
6880,340.464886
6881,340.373353
6882,340.298984
6883,340.238186
6884,340.188393
6885,340.147669
6886,340.114479
6887,340.087536
6888,340.065678
6889,340.047773
6890,340.032663
6891,340.019169
6892,340.006192
6893,339.992823
6894,339.978377
6895,339.962372
6896,339.94448
6897,339.924479
6898,339.902222
6899,339.877612
6900,339.85059
6901,339.821136
6902,339.789278
6903,339.75512
6904,339.71887
6905,339.680882
6906,339.641683
6907,339.601949
6908,339.562399
6909,339.523646
6910,339.486122
6911,339.450062
6912,339.527118
6913,339.557453
6914,339.589444
6915,339.623277
6916,339.659198
6917,339.697531
6918,339.738694
6919,339.783221
6920,339.831793
6921,339.885277
6922,339.944779
6923,340.011727
6924,340.087975
6925,340.175972
6926,340.278982
6927,340.401325
6928,340.548245
6929,340.66203
6930,340.751846
6931,340.822753
6932,340.877873
6933,340.919268
6934,340.94832
6935,340.965901
6936,340.972461
6937,340.968063
6938,340.95238
6939,340.924663
6940,340.883653
6941,340.827409
6942,340.752944
6943,340.655397
6944,340.526019
6945,340.422354
6946,340.339267
6947,340.272564
6948,340.219096
6949,340.176508
6950,340.142983
6951,340.117036
6952,340.097342
6953,340.082571
6954,340.071265
6955,340.061823
6956,340.052719
6957,340.042772
6958,340.031178
6959,340.017423
6960,340.001189
6961,339.982276
6962,339.960551
6963,339.935919
6964,339.908308
6965,339.877669
6966,339.843994
6967,339.807347
6968,339.767924
6969,339.726132
6970,339.682673
6971,339.638561
6972,339.594925
6973,339.552661
6974,339.512333
6975,339.474206
6976,339.525439
6977,339.555786
6978,339.587907
6979,339.622008
6980,339.658365
6981,339.697343
6982,339.739414
6983,339.785184
6984,339.835426
6985,339.891127
6986,339.953551
6987,340.02432
6988,340.105533
6989,340.199912
6990,340.310959
6991,340.442984
6992,340.600448
6993,340.723457
6994,340.820707
6995,340.897371
6996,340.956827
6997,341.001379
6998,341.032588
6999,341.051445
7000,341.058456
7001,341.053688
7002,341.036761
7003,341.006815
7004,340.962419
7005,340.901411
7006,340.820571
7007,340.714964
7008,340.576382
7009,340.46453
7010,340.375112
7011,340.304014
7012,340.247938
7013,340.204361
7014,340.171347
7015,340.147348
7016,340.130991
7017,340.120829
7018,340.115069
7019,340.11143
7020,340.107636
7021,340.102167
7022,340.094154
7023,340.083137
7024,340.068873
7025,340.051229
7026,340.030115
7027,340.005448
7028,339.977142
7029,339.945101
7030,339.909244
7031,339.869541
7032,339.8261
7033,339.779307
7034,339.730053
7035,339.679916
7036,339.630811
7037,339.584043
7038,339.540277
7039,339.499753
7040,339.523377
7041,339.553702
7042,339.585908
7043,339.620217
7044,339.65693
7045,339.696448
7046,339.739288
7047,339.786116
7048,339.837778
7049,339.895358
7050,339.960232
7051,340.034158
7052,340.11938
7053,340.218747
7054,340.335807
7055,340.474711
7056,340.639387
7057,340.768972
7058,340.871814
7059,340.953003
7060,341.015978
7061,341.06315
7062,341.096181
7063,341.116135
7064,341.123562
7065,341.11853
7066,341.100627
7067,341.068929
7068,341.021917
7069,340.957339
7070,340.871942
7071,340.760913
7072,340.616452
7073,340.499244
7074,340.405583
7075,340.331597
7076,340.274049
7077,340.230432
7078,340.198847
7079,340.177844
7080,340.166199
7081,340.162568
7082,340.164908
7083,340.169725
7084,340.173175
7085,340.173436
7086,340.169791
7087,340.161999
7088,340.150006
7089,340.133805
7090,340.113382
7091,340.088681
7092,340.059594
7093,340.025962
7094,339.987583
7095,339.94425
7096,339.895838
7097,339.842509
7098,339.785194
7099,339.726455
7100,339.66995
7101,339.617456
7102,339.569558
7103,339.526303
7104,339.520853
7105,339.551118
7106,339.58335
7107,339.61779
7108,339.654758
7109,339.694682
7110,339.738118
7111,339.785774
7112,339.838558
7113,339.897619
7114,339.964414
7115,340.040785
7116,340.129056
7117,340.232126
7118,340.35352
7119,340.497241
7120,340.666896
7121,340.801101
7122,340.908
7123,340.992576
7124,341.058259
7125,341.107492
7126,341.141987
7127,341.162852
7128,341.170659
7129,341.165482
7130,341.146895
7131,341.113943
7132,341.065072
7133,340.998015
7134,340.909559
7135,340.795032
7136,340.646901
7137,340.526394
7138,340.430191
7139,340.354657
7140,340.296702
7141,340.25394
7142,340.224635
7143,340.207602
7144,340.202044
7145,340.207227
7146,340.221518
7147,340.239207
7148,340.252347
7149,340.259614
7150,340.261028
7151,340.25686
7152,340.247373
7153,340.232754
7154,340.213091
7155,340.188369
7156,340.158456
7157,340.12311
7158,340.081967
7159,340.034547
7160,339.980277
7161,339.918631
7162,339.849787
7163,339.778037
7164,339.711608
7165,339.652114
7166,339.599469
7167,339.553227
7168,339.517803
7169,339.547959
7170,339.580152
7171,339.614631
7172,339.651735
7173,339.691911
7174,339.735741
7175,339.78397
7176,339.837541
7177,339.897653
7178,339.965813
7179,340.043914
7180,340.13432
7181,340.239944
7182,340.364277
7183,340.511215
7184,340.68418
7185,340.821486
7186,340.931163
7187,341.018116
7188,341.08574
7189,341.136487
7190,341.172086
7191,341.193668
7192,341.20182
7193,341.196622
7194,341.177643
7195,341.143919
7196,341.093893
7197,341.025312
7198,340.93502
7199,340.818465
7200,340.668286
7201,340.546041
7202,340.448661
7203,340.372713
7204,340.315269
7205,340.274109
7206,340.247724
7207,340.235296
7208,340.236693
7209,340.252551
7210,340.284512
7211,340.323765
7212,340.348861
7213,340.363886
7214,340.370689
7215,340.370323
7216,340.363453
7217,340.350488
7218,340.331635
7219,340.306919
7220,340.27619
7221,340.239116
7222,340.195155
7223,340.143508
7224,340.082997
7225,340.011713
7226,339.9258
7227,339.832498
7228,339.753813
7229,339.686607
7230,339.628978
7231,339.579685
7232,339.514175
7233,339.544171
7234,339.57625
7235,339.610668
7236,339.647775
7237,339.688033
7238,339.73204
7239,339.780561
7240,339.834568
7241,339.895283
7242,339.964246
7243,340.043375
7244,340.135054
7245,340.242198
7246,340.368271
7247,340.517106
7248,340.692027
7249,340.831181
7250,340.942542
7251,341.030964
7252,341.09982
7253,341.151553
7254,341.187904
7255,341.21001
7256,341.218471
7257,341.21337
7258,341.19428
7259,341.16024
7260,341.1097
7261,341.040433
7262,340.949332
7263,340.831931
7264,340.680985
7265,340.558246
7266,340.460807
7267,340.385387
7268,340.329206
7269,340.290206
7270,340.26709
7271,340.259338
7272,340.267251
7273,340.292018
7274,340.335621
7275,340.38726
7276,340.421792
7277,340.443693
7278,340.45549
7279,340.458723
7280,340.454363
7281,340.443007
7282,340.424966
7283,340.400304
7284,340.368853
7285,340.330204
7286,340.283661
7287,340.228171
7288,340.162137
7289,340.083019
7290,339.986333
7291,339.880959
7292,339.792924
7293,339.719054
7294,339.65689
7295,339.604756
7296,339.509934
7297,339.539714
7298,339.571599
7299,339.605849
7300,339.64282
7301,339.682979
7302,339.726933
7303,339.775457
7304,339.829533
7305,339.890397
7306,339.9596
7307,340.039072
7308,340.131203
7309,340.238907
7310,340.365639
7311,340.515207
7312,340.690898
7313,340.830797
7314,340.942857
7315,341.031913
7316,341.101328
7317,341.153542
7318,341.190297
7319,341.212738
7320,341.221468
7321,341.216578
7322,341.197646
7323,341.163718
7324,341.113258
7325,341.04406
7326,340.953051
7327,340.835817
7328,340.68519
7329,340.563009
7330,340.466464
7331,340.392375
7332,340.338073
7333,340.301632
7334,340.281918
7335,340.278607
7336,340.29221
7337,340.324049
7338,340.3759
7339,340.435884
7340,340.477556
7341,340.505143
7342,340.521309
7343,340.527804
7344,340.525777
7345,340.515953
7346,340.498719
7347,340.47417
7348,340.442127
7349,340.402122
7350,340.353355
7351,340.294611
7352,340.224096
7353,340.139085
7354,340.035159
7355,339.922042
7356,339.827278
7357,339.748166
7358,339.682225
7359,339.627629
7360,339.505059
7361,339.534565
7362,339.566174
7363,339.600146
7364,339.636835
7365,339.676709
7366,339.720376
7367,339.768607
7368,339.822384
7369,339.882939
7370,339.951821
7371,340.030957
7372,340.122735
7373,340.230071
7374,340.356428
7375,340.505623
7376,340.680963
7377,340.820561
7378,340.93238
7379,341.021266
7380,341.090585
7381,341.142782
7382,341.179601
7383,341.202186
7384,341.211145
7385,341.206573
7386,341.188058
7387,341.154655
7388,341.104842
7389,341.036427
7390,340.946352
7391,340.830225
7392,340.680915
7393,340.560255
7394,340.465468
7395,340.393426
7396,340.341533
7397,340.307958
7398,340.291678
7399,340.292486
7400,340.310981
7401,340.348476
7402,340.406516
7403,340.472624
7404,340.51977
7405,340.551957
7406,340.571823
7407,340.581178
7408,340.581256
7409,340.572855
7410,340.556412
7411,340.532044
7412,340.499566
7413,340.458472
7414,340.407902
7415,340.346565
7416,340.272594
7417,340.18326
7418,340.074304
7419,339.955901
7420,339.856324
7421,339.773255
7422,339.704328
7423,339.647706
7424,339.499548
7425,339.528722
7426,339.559972
7427,339.593553
7428,339.629815
7429,339.66922
7430,339.712363
7431,339.760006
7432,339.813114
7433,339.872904
7434,339.940901
7435,340.019019
7436,340.109633
7437,340.21566
7438,340.340586
7439,340.488279
7440,340.66212
7441,340.800346
7442,340.910967
7443,340.998865
7444,341.067428
7445,341.119108
7446,341.155645
7447,341.178183
7448,341.187328
7449,341.18318
7450,341.165336
7451,341.132868
7452,341.084268
7453,341.017351
7454,340.929059
7455,340.814986
7456,340.667998
7457,340.549823
7458,340.457649
7459,340.388348
7460,340.339361
7461,340.308921
7462,340.296084
7463,340.300716
7464,340.323456
7465,340.365579
7466,340.428469
7467,340.499302
7468,340.550733
7469,340.586637
7470,340.60959
7471,340.621402
7472,340.623341
7473,340.616241
7474,340.600568
7475,340.576454
7476,340.543709
7477,340.501811
7478,340.449871
7479,340.386571
7480,340.310038
7481,340.217591
7482,340.105106
7483,339.983016
7484,339.880013
7485,339.794031
7486,339.72283
7487,339.664606
7488,339.493413
7489,339.522198
7490,339.553007
7491,339.586089
7492,339.621783
7493,339.660536
7494,339.702926
7495,339.749692
7496,339.801768
7497,339.860336
7498,339.926886
7499,340.00329
7500,340.091897
7501,340.195617
7502,340.317969
7503,340.462913
7504,340.633981
7505,340.769656
7506,340.878038
7507,340.964079
7508,341.031197
7509,341.081845
7510,341.117751
7511,341.140047
7512,341.149331
7513,341.14571
7514,341.128795
7515,341.097681
7516,341.050881
7517,340.986223
7518,340.900634
7519,340.789659
7520,340.646107
7521,340.531479
7522,340.44284
7523,340.37701
7524,340.331439
7525,340.304409
7526,340.295043
7527,340.30327
7528,340.329761
7529,340.375771
7530,340.442589
7531,340.517187
7532,340.572042
7533,340.610963
7534,340.636477
7535,340.65038
7536,340.653946
7537,340.648026
7538,340.6331
7539,340.60931
7540,340.576468
7541,340.534045
7542,340.481145
7543,340.416447
7544,340.338096
7545,340.243471
7546,340.12854
7547,340.003899
7548,339.898496
7549,339.810431
7550,339.73756
7551,339.678124
7552,339.486683
7553,339.515026
7554,339.545316
7555,339.577794
7556,339.612784
7557,339.650713
7558,339.692132
7559,339.737743
7560,339.788438
7561,339.845343
7562,339.909883
7563,339.983863
7564,340.069572
7565,340.169888
7566,340.288359
7567,340.42908
7568,340.595851
7569,340.727579
7570,340.832532
7571,340.915757
7572,340.980695
7573,341.029777
7574,341.064696
7575,341.086551
7576,341.095928
7577,341.092936
7578,341.077208
7579,341.04788
7580,341.003509
7581,340.941953
7582,340.86013
7583,340.753503
7584,340.614742
7585,340.504933
7586,340.420902
7587,340.359361
7588,340.31776
7589,340.29444
7590,340.288605
7591,340.300262
7592,340.330132
7593,340.37948
7594,340.449557
7595,340.527221
7596,340.584851
7597,340.626236
7598,340.653874
7599,340.669545
7600,340.674524
7601,340.669669
7602,340.65547
7603,340.632074
7604,340.599297
7605,340.55661
7606,340.503121
7607,340.437516
7608,340.357967
7609,340.261898
7610,340.145347
7611,340.019008
7612,339.911994
7613,339.822508
7614,339.748477
7615,339.688178
7616,339.479403
7617,339.507252
7618,339.536953
7619,339.56873
7620,339.602892
7621,339.639838
7622,339.680084
7623,339.724287
7624,339.773275
7625,339.828097
7626,339.890082
7627,339.960925
7628,340.042797
7629,340.138483
7630,340.251519
7631,340.386161
7632,340.546655
7633,340.672678
7634,340.772785
7635,340.852123
7636,340.914101
7637,340.961072
7638,340.994648
7639,341.015869
7640,341.025289
7641,341.02302
7642,341.008734
7643,340.981631
7644,340.940358
7645,340.882856
7646,340.806082
7647,340.705411
7648,340.573238
7649,340.469897
7650,340.391787
7651,340.335477
7652,340.298451
7653,340.27916
7654,340.276936
7655,340.291897
7656,340.32485
7657,340.377107
7658,340.449929
7659,340.530116
7660,340.59001
7661,340.633408
7662,340.662798
7663,340.679956
7664,340.686158
7665,340.682264
7666,340.668773
7667,340.645837
7668,340.613276
7669,340.570566
7670,340.51682
7671,340.450737
7672,340.37051
7673,340.273598
7674,340.156084
7675,340.028722
7676,339.920727
7677,339.830366
7678,339.755611
7679,339.694764
7680,339.471634
7681,339.498944
7682,339.527988
7683,339.558979
7684,339.592201
7685,339.628024
7686,339.666923
7687,339.709495
7688,339.756492
7689,339.808857
7690,339.867787
7691,339.934808
7692,340.011887
7693,340.101599
7694,340.207322
7695,340.3334
7696,340.484778
7697,340.602752
7698,340.696315
7699,340.770592
7700,340.828815
7701,340.873145
7702,340.905042
7703,340.925444
7704,340.934856
7705,340.933391
7706,340.920778
7707,340.896323
7708,340.85883
7709,340.806436
7710,340.736277
7711,340.64375
7712,340.520814
7713,340.426207
7714,340.355646
7715,340.30563
7716,340.273805
7717,340.258847
7718,340.260297
7719,340.278441
7720,340.314214
7721,340.369011
7722,340.444142
7723,340.526401
7724,340.588129
7725,340.633153
7726,340.663972
7727,340.682367
7728,340.689616
7729,340.68659
7730,340.67379
7731,340.651377
7732,340.619173
7733,340.576661
7734,340.52296
7735,340.456778
7736,340.376325
7737,340.27908
7738,340.161153
7739,340.033334
7740,339.924891
7741,339.834123
7742,339.759029
7743,339.697922
7744,339.463449
7745,339.490179
7746,339.518511
7747,339.54864
7748,339.580827
7749,339.615412
7750,339.65282
7751,339.693583
7752,339.738359
7753,339.787968
7754,339.843432
7755,339.906043
7756,339.977452
7757,340.05982
7758,340.156045
7759,340.270117
7760,340.407599
7761,340.514303
7762,340.599372
7763,340.667405
7764,340.721135
7765,340.762359
7766,340.792289
7767,340.811712
7768,340.821062
7769,340.820457
7770,340.809697
7771,340.788243
7772,340.755152
7773,340.70893
7774,340.647208
7775,340.565895
7776,340.45677
7777,340.374113
7778,340.313035
7779,340.270396
7780,340.244328
7781,340.233923
7782,340.239041
7783,340.260205
7784,340.298518
7785,340.355497
7786,340.432533
7787,340.516449
7788,340.579619
7789,340.625917
7790,340.657867
7791,340.677264
7792,340.685398
7793,340.683149
7794,340.671024
7795,340.649191
7796,340.617478
7797,340.575372
7798,340.521995
7799,340.456064
7800,340.375793
7801,340.278674
7802,340.160825
7803,340.033052
7804,339.924637
7805,339.833888
7806,339.758808
7807,339.697713
7808,339.454935
7809,339.481053
7810,339.508622
7811,339.537825
7812,339.568901
7813,339.602157
7814,339.637969
7815,339.676798
7816,339.719201
7817,339.765858
7818,339.81759
7819,339.875397
7820,339.940506
7821,340.014429
7822,340.09904
7823,340.196641
7824,340.309877
7825,340.401249
7826,340.475976
7827,340.536799
7828,340.585478
7829,340.62325
7830,340.650996
7831,340.669311
7832,340.678545
7833,340.678815
7834,340.670011
7835,340.651789
7836,340.623541
7837,340.58434
7838,340.532791
7839,340.466635
7840,340.381428
7841,340.314948
7842,340.265216
7843,340.230771
7844,340.210769
7845,340.204949
7846,340.213595
7847,340.237522
7848,340.278039
7849,340.33681
7850,340.415331
7851,340.500489
7852,340.564712
7853,340.611937
7854,340.644724
7855,340.664894
7856,340.673752
7857,340.672189
7858,340.660723
7859,340.639525
7860,340.60843
7861,340.566929
7862,340.514147
7863,340.4488
7864,340.369105
7865,340.272547
7866,340.155244
7867,340.027998
7868,339.920068
7869,339.829748
7870,339.755027
7871,339.694211
7872,339.446196
7873,339.47167
7874,339.498433
7875,339.526657
7876,339.556563
7877,339.588427
7878,339.622579
7879,339.659409
7880,339.699375
7881,339.743013
7882,339.790936
7883,339.843842
7884,339.902494
7885,339.967664
7886,340.039929
7887,340.119048
7888,340.201951
7889,340.276239
7890,340.339946
7891,340.393213
7892,340.436629
7893,340.470804
7894,340.496261
7895,340.513391
7896,340.522451
7897,340.523558
7898,340.516697
7899,340.501729
7900,340.47841
7901,340.446442
7902,340.405611
7903,340.35623
7904,340.300827
7905,340.252309
7906,340.214405
7907,340.188184
7908,340.174086
7909,340.172585
7910,340.184426
7911,340.210729
7912,340.253018
7913,340.313122
7914,340.392659
7915,340.478606
7916,340.543466
7917,340.591251
7918,340.624568
7919,340.64527
7920,340.654685
7921,340.653714
7922,340.642885
7923,340.622375
7924,340.592025
7925,340.551327
7926,340.499409
7927,340.434985
7928,340.356261
7929,340.260711
7930,340.144435
7931,340.018209
7932,339.911238
7933,339.821772
7934,339.747765
7935,339.687498
7936,339.437349
7937,339.462153
7938,339.488068
7939,339.515265
7940,339.543955
7941,339.57439
7942,339.606856
7943,339.641683
7944,339.679238
7945,339.719923
7946,339.764169
7947,339.812405
7948,339.865015
7949,339.922215
7950,339.983828
7951,340.048794
7952,340.114328
7953,340.175322
7954,340.229414
7955,340.275781
7956,340.314283
7957,340.345055
7958,340.368313
7959,340.384272
7960,340.393103
7961,340.394925
7962,340.389803
7963,340.377775
7964,340.358901
7965,340.333358
7966,340.301647
7967,340.265022
7968,340.226346
7969,340.191283
7970,340.163282
7971,340.144226
7972,340.1353
7973,340.137517
7974,340.151999
7975,340.180134
7976,340.223644
7977,340.284517
7978,340.364516
7979,340.45073
7980,340.515754
7981,340.563685
7982,340.597194
7983,340.618168
7984,340.627957
7985,340.627476
7986,340.617258
7987,340.597488
7988,340.568009
7989,340.528318
7990,340.477544
7991,340.414398
7992,340.337073
7993,340.243016
7994,340.128293
7995,340.003634
7996,339.898148
7997,339.810008
7998,339.737105
7999,339.677675
8000,339.428534
8001,339.452636
8002,339.477655
8003,339.503776
8004,339.531213
8005,339.560199
8006,339.590991
8007,339.623864
8008,339.659111
8009,339.697029
8010,339.737902
8011,339.781963
8012,339.829333
8013,339.879914
8014,339.933214
8015,339.988107
8016,340.042598
8017,340.094032
8018,340.140573
8019,340.181214
8020,340.215495
8021,340.243267
8022,340.264541
8023,340.279399
8024,340.28795
8025,340.290307
8026,340.286596
8027,340.276984
8028,340.261729
8029,340.241284
8030,340.216461
8031,340.188674
8032,340.160234
8033,340.134351
8034,340.113684
8035,340.100169
8036,340.095287
8037,340.100349
8038,340.116725
8039,340.145992
8040,340.190032
8041,340.250981
8042,340.330762
8043,340.416613
8044,340.481228
8045,340.528822
8046,340.562133
8047,340.583088
8048,340.593053
8049,340.592948
8050,340.583311
8051,340.56433
8052,340.535852
8053,340.497381
8054,340.448051
8055,340.386572
8056,340.311126
8057,340.219125
8058,340.106575
8059,339.984129
8060,339.880755
8061,339.794498
8062,339.723153
8063,339.664882
8064,339.419925
8065,339.44327
8066,339.467323
8067,339.49231
8068,339.518457
8069,339.545989
8070,339.575141
8071,339.60615
8072,339.639253
8073,339.674673
8074,339.712596
8075,339.753129
8076,339.796246
8077,339.841697
8078,339.888907
8079,339.936864
8080,339.984107
8081,340.028935
8082,340.069948
8083,340.106194
8084,340.137111
8085,340.162415
8086,340.181999
8087,340.195866
8088,340.204081
8089,340.206757
8090,340.204053
8091,340.196207
8092,340.183586
8093,340.166768
8094,340.146651
8095,340.124576
8096,340.102401
8097,340.082364
8098,340.066576
8099,340.056836
8100,340.054682
8101,340.06155
8102,340.078926
8103,340.108492
8104,340.152227
8105,340.212384
8106,340.291077
8107,340.375755
8108,340.439239
8109,340.485908
8110,340.518572
8111,340.53918
8112,340.549099
8113,340.549246
8114,340.540155
8115,340.522012
8116,340.494672
8117,340.457647
8118,340.410086
8119,340.350711
8120,340.277703
8121,340.188444
8122,340.078853
8123,339.959445
8124,339.858979
8125,339.775295
8126,339.706065
8127,339.649344
8128,339.411767
8129,339.434226
8130,339.457194
8131,339.480964
8132,339.505779
8133,339.531859
8134,339.559421
8135,339.588679
8136,339.619837
8137,339.653076
8138,339.688531
8139,339.72625
8140,339.766142
8141,339.807911
8142,339.85098
8143,339.89445
8144,339.937127
8145,339.977697
8146,340.014997
8147,340.048159
8148,340.076611
8149,340.100027
8150,340.118256
8151,340.131263
8152,340.139092
8153,340.14185
8154,340.13971
8155,340.132935
8156,340.121926
8157,340.107289
8158,340.089915
8159,340.071044
8160,340.052273
8161,340.035435
8162,340.022344
8163,340.014657
8164,340.013875
8165,340.021434
8166,340.038835
8167,340.067766
8168,340.110217
8169,340.168488
8170,340.244881
8171,340.327211
8172,340.388598
8173,340.43362
8174,340.465116
8175,340.485012
8176,340.494647
8177,340.494914
8178,340.486331
8179,340.469081
8180,340.443023
8181,340.407689
8182,340.362253
8183,340.305474
8184,340.235568
8185,340.149933
8186,340.044403
8187,339.92923
8188,339.832729
8189,339.752483
8190,339.686074
8191,339.631446
8192,339.160599
8193,339.170398
8194,339.180761
8195,339.191487
8196,339.202431
8197,339.213468
8198,339.224486
8199,339.235373
8200,339.246018
8201,339.256309
8202,339.266137
8203,339.27539
8204,339.283966
8205,339.291763
8206,339.298694
8207,339.304678
8208,339.309651
8209,339.313561
8210,339.316372
8211,339.318063
8212,339.31863
8213,339.318085
8214,339.316455
8215,339.31378
8216,339.310115
8217,339.305525
8218,339.300084
8219,339.293872
8220,339.286973
8221,339.27947
8222,339.271446
8223,339.262978
8224,339.254139
8225,339.244995
8226,339.235604
8227,339.226016
8228,339.216276
8229,339.20642
8230,339.196482
8231,339.186485
8232,339.176454
8233,339.166405
8234,339.156355
8235,339.146316
8236,339.136299
8237,339.126313
8238,339.116368
8239,339.106471
8240,339.096628
8241,339.086847
8242,339.077134
8243,339.067495
8244,339.057935
8245,339.048463
8246,339.039082
8247,339.0298
8248,339.020624
8249,339.011562
8250,339.002621
8251,338.993812
8252,338.985149
8253,338.976648
8254,338.968335
8255,338.960251
8256,339.181766
8257,339.192432
8258,339.203558
8259,339.215011
8260,339.226668
8261,339.238412
8262,339.25013
8263,339.261706
8264,339.273026
8265,339.283972
8266,339.294425
8267,339.30427
8268,339.313394
8269,339.321691
8270,339.329064
8271,339.33543
8272,339.340718
8273,339.344873
8274,339.347857
8275,339.349648
8276,339.350242
8277,339.349651
8278,339.347905
8279,339.345048
8280,339.341138
8281,339.336245
8282,339.33045
8283,339.323839
8284,339.316502
8285,339.308529
8286,339.30001
8287,339.291027
8288,339.281656
8289,339.271969
8290,339.262025
8291,339.251879
8292,339.241576
8293,339.231155
8294,339.22065
8295,339.210087
8296,339.199488
8297,339.188874
8298,339.178259
8299,339.167656
8300,339.157078
8301,339.146533
8302,339.136031
8303,339.12558
8304,339.115186
8305,339.104857
8306,339.0946
8307,339.08442
8308,339.074325
8309,339.06432
8310,339.054413
8311,339.044609
8312,339.034915
8313,339.02534
8314,339.015892
8315,339.00658
8316,338.997417
8317,338.988417
8318,338.979601
8319,338.970991
8320,339.202246
8321,339.213889
8322,339.225898
8323,339.238184
8324,339.250649
8325,339.263188
8326,339.275691
8327,339.288042
8328,339.300121
8329,339.311806
8330,339.322969
8331,339.333485
8332,339.343232
8333,339.352095
8334,339.359971
8335,339.366768
8336,339.37241
8337,339.376839
8338,339.380014
8339,339.381911
8340,339.382527
8341,339.381875
8342,339.379987
8343,339.376911
8344,339.372713
8345,339.367468
8346,339.361265
8347,339.354199
8348,339.346368
8349,339.337872
8350,339.328807
8351,339.319262
8352,339.30932
8353,339.299053
8354,339.288528
8355,339.277798
8356,339.266913
8357,339.255911
8358,339.244826
8359,339.233686
8360,339.222514
8361,339.211327
8362,339.200142
8363,339.188973
8364,339.177829
8365,339.166723
8366,339.155661
8367,339.144652
8368,339.133705
8369,339.122825
8370,339.11202
8371,339.101297
8372,339.090662
8373,339.080121
8374,339.069682
8375,339.05935
8376,339.049133
8377,339.039038
8378,339.029073
8379,339.019246
8380,339.009569
8381,339.000051
8382,338.990706
8383,338.981547
8384,339.222189
8385,339.234852
8386,339.247813
8387,339.261011
8388,339.274365
8389,339.28778
8390,339.30115
8391,339.31436
8392,339.327286
8393,339.339795
8394,339.351752
8395,339.363022
8396,339.373469
8397,339.38297
8398,339.39141
8399,339.398691
8400,339.404729
8401,339.409462
8402,339.412845
8403,339.414855
8404,339.415486
8405,339.414756
8406,339.412699
8407,339.409369
8408,339.404837
8409,339.399188
8410,339.39252
8411,339.38494
8412,339.376558
8413,339.367483
8414,339.357821
8415,339.347667
8416,339.337112
8417,339.326232
8418,339.315096
8419,339.30376
8420,339.292273
8421,339.280675
8422,339.268999
8423,339.257273
8424,339.245519
8425,339.233756
8426,339.221997
8427,339.210257
8428,339.198546
8429,339.186875
8430,339.175251
8431,339.163683
8432,339.152179
8433,339.140745
8434,339.12939
8435,339.118119
8436,339.106941
8437,339.09586
8438,339.084884
8439,339.07402
8440,339.063274
8441,339.052652
8442,339.042162
8443,339.031811
8444,339.021608
8445,339.01156
8446,339.001674
8447,338.991958
8448,339.241671
8449,339.255368
8450,339.269324
8451,339.28349
8452,339.297799
8453,339.312162
8454,339.326478
8455,339.340628
8456,339.354483
8457,339.367905
8458,339.380744
8459,339.392852
8460,339.404081
8461,339.414292
8462,339.42336
8463,339.431176
8464,339.437652
8465,339.442719
8466,339.446329
8467,339.448458
8468,339.449101
8469,339.448276
8470,339.446023
8471,339.4424
8472,339.437486
8473,339.431379
8474,339.424188
8475,339.416034
8476,339.40704
8477,339.397329
8478,339.387017
8479,339.376211
8480,339.365003
8481,339.353478
8482,339.341703
8483,339.329739
8484,339.317634
8485,339.305427
8486,339.293152
8487,339.280833
8488,339.268493
8489,339.256148
8490,339.243813
8491,339.231501
8492,339.219221
8493,339.206982
8494,339.194794
8495,339.182665
8496,339.170602
8497,339.158612
8498,339.146703
8499,339.134882
8500,339.123157
8501,339.111532
8502,339.100016
8503,339.088615
8504,339.077334
8505,339.06618
8506,339.055159
8507,339.044277
8508,339.03354
8509,339.022953
8510,339.012521
8511,339.002246
8512,339.260721
8513,339.275457
8514,339.290432
8515,339.305608
8516,339.320924
8517,339.336298
8518,339.351627
8519,339.366794
8520,339.381663
8521,339.396083
8522,339.409892
8523,339.422925
8524,339.435016
8525,339.446011
8526,339.455771
8527,339.464177
8528,339.471132
8529,339.476563
8530,339.480419
8531,339.482674
8532,339.483323
8533,339.482387
8534,339.47991
8535,339.475956
8536,339.470614
8537,339.463994
8538,339.456219
8539,339.447428
8540,339.437762
8541,339.427359
8542,339.416347
8543,339.404843
8544,339.392948
8545,339.380748
8546,339.368313
8547,339.355704
8548,339.342968
8549,339.330143
8550,339.31726
8551,339.304345
8552,339.291416
8553,339.278489
8554,339.265577
8555,339.252691
8556,339.239841
8557,339.227036
8558,339.214283
8559,339.20159
8560,339.188966
8561,339.176418
8562,339.163953
8563,339.151579
8564,339.139303
8565,339.127132
8566,339.115072
8567,339.10313
8568,339.09131
8569,339.07962
8570,339.068063
8571,339.056644
8572,339.045369
8573,339.03424
8574,339.023259
8575,339.012426
8576,339.279341
8577,339.29511
8578,339.311119
8579,339.327333
8580,339.343697
8581,339.360131
8582,339.376537
8583,339.39279
8584,339.40875
8585,339.424252
8586,339.439119
8587,339.453163
8588,339.466197
8589,339.478049
8590,339.488563
8591,339.49761
8592,339.505085
8593,339.510909
8594,339.515029
8595,339.517417
8596,339.518069
8597,339.517008
8598,339.51428
8599,339.509959
8600,339.504143
8601,339.496954
8602,339.488536
8603,339.479046
8604,339.468647
8605,339.457497
8606,339.44574
8607,339.433501
8608,339.420888
8609,339.407989
8610,339.394877
8611,339.381611
8612,339.368236
8613,339.354789
8614,339.341298
8615,339.327785
8616,339.314268
8617,339.30076
8618,339.287272
8619,339.273815
8620,339.260396
8621,339.247024
8622,339.233705
8623,339.220449
8624,339.207263
8625,339.194155
8626,339.181133
8627,339.168204
8628,339.155375
8629,339.142655
8630,339.130048
8631,339.117561
8632,339.1052
8633,339.092969
8634,339.080873
8635,339.068915
8636,339.057099
8637,339.045425
8638,339.033896
8639,339.022508
8640,339.297509
8641,339.314301
8642,339.331347
8643,339.348616
8644,339.366056
8645,339.383592
8646,339.401122
8647,339.418524
8648,339.435644
8649,339.452308
8650,339.468316
8651,339.483455
8652,339.497511
8653,339.510288
8654,339.521616
8655,339.531351
8656,339.539383
8657,339.545627
8658,339.550028
8659,339.552556
8660,339.553209
8661,339.55201
8662,339.549011
8663,339.544291
8664,339.537958
8665,339.530149
8666,339.521028
8667,339.510779
8668,339.499592
8669,339.487647
8670,339.475104
8671,339.462099
8672,339.448746
8673,339.435134
8674,339.421336
8675,339.407408
8676,339.393394
8677,339.379326
8678,339.36523
8679,339.351124
8680,339.337024
8681,339.32294
8682,339.308881
8683,339.294856
8684,339.280871
8685,339.266934
8686,339.253051
8687,339.239232
8688,339.225484
8689,339.211815
8690,339.198233
8691,339.184747
8692,339.171365
8693,339.158092
8694,339.144937
8695,339.131905
8696,339.119
8697,339.106227
8698,339.09359
8699,339.081091
8700,339.068732
8701,339.056514
8702,339.044436
8703,339.032497
8704,339.315186
8705,339.332985
8706,339.351063
8707,339.369393
8708,339.387925
8709,339.406588
8710,339.425281
8711,339.443877
8712,339.462217
8713,339.480112
8714,339.497337
8715,339.513648
8716,339.528797
8717,339.542561
8718,339.554752
8719,339.565217
8720,339.573837
8721,339.580524
8722,339.585221
8723,339.587898
8724,339.588553
8725,339.58721
8726,339.583924
8727,339.57878
8728,339.571894
8729,339.563421
8730,339.553545
8731,339.542483
8732,339.53046
8733,339.517681
8734,339.504325
8735,339.490537
8736,339.476433
8737,339.462105
8738,339.447622
8739,339.433037
8740,339.41839
8741,339.40371
8742,339.389018
8743,339.37433
8744,339.359655
8745,339.345003
8746,339.330381
8747,339.315794
8748,339.301249
8749,339.286751
8750,339.272308
8751,339.257927
8752,339.243617
8753,339.229387
8754,339.215245
8755,339.201202
8756,339.187264
8757,339.173439
8758,339.159734
8759,339.146155
8760,339.132705
8761,339.119389
8762,339.10621
8763,339.09317
8764,339.080269
8765,339.067508
8766,339.054885
8767,339.042397
8768,339.33232
8769,339.351104
8770,339.3702
8771,339.389585
8772,339.409212
8773,339.429012
8774,339.448886
8775,339.468707
8776,339.488308
8777,339.507485
8778,339.52599
8779,339.543537
8780,339.559835
8781,339.574632
8782,339.587724
8783,339.598947
8784,339.608178
8785,339.615326
8786,339.620333
8787,339.623169
8788,339.62383
8789,339.622343
8790,339.618765
8791,339.613184
8792,339.605726
8793,339.596557
8794,339.585888
8795,339.573972
8796,339.56108
8797,339.547447
8798,339.533268
8799,339.518694
8800,339.503845
8801,339.48881
8802,339.473656
8803,339.45843
8804,339.443167
8805,339.427892
8806,339.41262
8807,339.397364
8808,339.38213
8809,339.366923
8810,339.351749
8811,339.33661
8812,339.321512
8813,339.306459
8814,339.291459
8815,339.276519
8816,339.261649
8817,339.246859
8818,339.232158
8819,339.217557
8820,339.203064
8821,339.188686
8822,339.174432
8823,339.160305
8824,339.146311
8825,339.132453
8826,339.118733
8827,339.105152
8828,339.091711
8829,339.078409
8830,339.065243
8831,339.05221
8832,339.34885
8833,339.368591
8834,339.388682
8835,339.409104
8836,339.429813
8837,339.450743
8838,339.471798
8839,339.492847
8840,339.513722
8841,339.534206
8842,339.554027
8843,339.572851
8844,339.590329
8845,339.606181
8846,339.62019
8847,339.632186
8848,339.64204
8849,339.64966
8850,339.654988
8851,339.657991
8852,339.658669
8853,339.657048
8854,339.653186
8855,339.647174
8856,339.639145
8857,339.629275
8858,339.617798
8859,339.605011
8860,339.591245
8861,339.576763
8862,339.561775
8863,339.546437
8864,339.530867
8865,339.515152
8866,339.499353
8867,339.483513
8868,339.467661
8869,339.451816
8870,339.435988
8871,339.420186
8872,339.404412
8873,339.388669
8874,339.372957
8875,339.35728
8876,339.341639
8877,339.32604
8878,339.310489
8879,339.294994
8880,339.279567
8881,339.264219
8882,339.24896
8883,339.233802
8884,339.218754
8885,339.203825
8886,339.189022
8887,339.17435
8888,339.159813
8889,339.145415
8890,339.131155
8891,339.117036
8892,339.103057
8893,339.089216
8894,339.075511
8895,339.061938
8896,339.364712
8897,339.385374
8898,339.406428
8899,339.427855
8900,339.449618
8901,339.471652
8902,339.493861
8903,339.516117
8904,339.538245
8905,339.560018
8906,339.581141
8907,339.601231
8908,339.619877
8909,339.636775
8910,339.651694
8911,339.664457
8912,339.674933
8913,339.683029
8914,339.688684
8915,339.691868
8916,339.692578
8917,339.690843
8918,339.68672
8919,339.680306
8920,339.671736
8921,339.661198
8922,339.648944
8923,339.635321
8924,339.620719
8925,339.605432
8926,339.589678
8927,339.57362
8928,339.557375
8929,339.541024
8930,339.524623
8931,339.508209
8932,339.491804
8933,339.475423
8934,339.459071
8935,339.442752
8936,339.426463
8937,339.410205
8938,339.393976
8939,339.377775
8940,339.361606
8941,339.345471
8942,339.329377
8943,339.313334
8944,339.297354
8945,339.28145
8946,339.265636
8947,339.249923
8948,339.234323
8949,339.218846
8950,339.203497
8951,339.188282
8952,339.173205
8953,339.158269
8954,339.143474
8955,339.12882
8956,339.114306
8957,339.09993
8958,339.08569
8959,339.071581
8960,339.379836
8961,339.401379
8962,339.423353
8963,339.445744
8964,339.468517
8965,339.491608
8966,339.514924
8967,339.538334
8968,339.561658
8969,339.584656
8970,339.607008
8971,339.628291
8972,339.648047
8973,339.665946
8974,339.68174
8975,339.695248
8976,339.706332
8977,339.714899
8978,339.720886
8979,339.724262
8980,339.725027
8981,339.723207
8982,339.718864
8983,339.712097
8984,339.703047
8985,339.691915
8986,339.678975
8987,339.664612
8988,339.649263
8989,339.63325
8990,339.616807
8991,339.600099
8992,339.583244
8993,339.566318
8994,339.549372
8995,339.532435
8996,339.515526
8997,339.498652
8998,339.481814
8999,339.465011
9000,339.448239
9001,339.431493
9002,339.414769
9003,339.398067
9004,339.381385
9005,339.364727
9006,339.348101
9007,339.331518
9008,339.314991
9009,339.298536
9010,339.28217
9011,339.265907
9012,339.249759
9013,339.233736
9014,339.217846
9015,339.202093
9016,339.186481
9017,339.171011
9018,339.155684
9019,339.140499
9020,339.125455
9021,339.110549
9022,339.095778
9023,339.081138
9024,339.394159
9025,339.416534
9026,339.439378
9027,339.462679
9028,339.486403
9029,339.510489
9030,339.534843
9031,339.559332
9032,339.583767
9033,339.607896
9034,339.631375
9035,339.653751
9036,339.674531
9037,339.69336
9038,339.709978
9039,339.72419
9040,339.735859
9041,339.744884
9042,339.751204
9043,339.754787
9044,339.755632
9045,339.753768
9046,339.749259
9047,339.742205
9048,339.732759
9049,339.721133
9050,339.707622
9051,339.692641
9052,339.676663
9053,339.660032
9054,339.642998
9055,339.625732
9056,339.608351
9057,339.590928
9058,339.573506
9059,339.55611
9060,339.538752
9061,339.521435
9062,339.504157
9063,339.486911
9064,339.469691
9065,339.452488
9066,339.435299
9067,339.418117
9068,339.400944
9069,339.38378
9070,339.366635
9071,339.349521
9072,339.332454
9073,339.315454
9074,339.298543
9075,339.281735
9076,339.265046
9077,339.248485
9078,339.23206
9079,339.215775
9080,339.199633
9081,339.183636
9082,339.167783
9083,339.152073
9084,339.136504
9085,339.121073
9086,339.105776
9087,339.090609
9088,339.407618
9089,339.430774
9090,339.45443
9091,339.478578
9092,339.503183
9093,339.528187
9094,339.553494
9095,339.578966
9096,339.60441
9097,339.629558
9098,339.654049
9099,339.677404
9100,339.699107
9101,339.718782
9102,339.736154
9103,339.751022
9104,339.763239
9105,339.772706
9106,339.779357
9107,339.783162
9108,339.784118
9109,339.782257
9110,339.777643
9111,339.770385
9112,339.76064
9113,339.748633
9114,339.734679
9115,339.719215
9116,339.702738
9117,339.685615
9118,339.668105
9119,339.650389
9120,339.632581
9121,339.614749
9122,339.596931
9123,339.579147
9124,339.561405
9125,339.543703
9126,339.526034
9127,339.508391
9128,339.490763
9129,339.47314
9130,339.455516
9131,339.437884
9132,339.420243
9133,339.402594
9134,339.384946
9135,339.367313
9136,339.349716
9137,339.332182
9138,339.314733
9139,339.297391
9140,339.280169
9141,339.263078
9142,339.246127
9143,339.229318
9144,339.212655
9145,339.196138
9146,339.179766
9147,339.163537
9148,339.147449
9149,339.131499
9150,339.115682
9151,339.099993
9152,339.420163
9153,339.444041
9154,339.468446
9155,339.493368
9156,339.518776
9157,339.54461
9158,339.570772
9159,339.597123
9160,339.62346
9161,339.649506
9162,339.674885
9163,339.6991
9164,339.721615
9165,339.742042
9166,339.760092
9167,339.775556
9168,339.788283
9169,339.798169
9170,339.805148
9171,339.809189
9172,339.81029
9173,339.808482
9174,339.803835
9175,339.79646
9176,339.786521
9177,339.774255
9178,339.75999
9179,339.744182
9180,339.727345
9181,339.709861
9182,339.692002
9183,339.673951
9184,339.655824
9185,339.637681
9186,339.619555
9187,339.601461
9188,339.583403
9189,339.565376
9190,339.547373
9191,339.529382
9192,339.51139
9193,339.493388
9194,339.475365
9195,339.457314
9196,339.439233
9197,339.421123
9198,339.402994
9199,339.38486
9200,339.366747
9201,339.34869
9202,339.330718
9203,339.312853
9204,339.295111
9205,339.277503
9206,339.260036
9207,339.242715
9208,339.22554
9209,339.208512
9210,339.19163
9211,339.17489
9212,339.158291
9213,339.141827
9214,339.125495
9215,339.109291
9216,339.431751
9217,339.456291
9218,339.481375
9219,339.506995
9220,339.533119
9221,339.559686
9222,339.586599
9223,339.613714
9224,339.640823
9225,339.66764
9226,339.693779
9227,339.71873
9228,339.741945
9229,339.763023
9230,339.781669
9231,339.797665
9232,339.810857
9233,339.821138
9234,339.828441
9235,339.832733
9236,339.834013
9237,339.832315
9238,339.827707
9239,339.820307
9240,339.810284
9241,339.797882
9242,339.783441
9243,339.767428
9244,339.750371
9245,339.732662
9246,339.714581
9247,339.696316
9248,339.677981
9249,339.659627
9250,339.641282
9251,339.622958
9252,339.604656
9253,339.58637
9254,339.56809
9255,339.549804
9256,339.531497
9257,339.513158
9258,339.494775
9259,339.476341
9260,339.457853
9261,339.439313
9262,339.420728
9263,339.402117
9264,339.383507
9265,339.364947
9266,339.34647
9267,339.3281
9268,339.309855
9269,339.291746
9270,339.273778
9271,339.255957
9272,339.238283
9273,339.220755
9274,339.203372
9275,339.18613
9276,339.169027
9277,339.152057
9278,339.135217
9279,339.118502
9280,339.442351
9281,339.46749
9282,339.493181
9283,339.519417
9284,339.546166
9285,339.573367
9286,339.60092
9287,339.62868
9288,339.656434
9289,339.683893
9290,339.710663
9291,339.736225
9292,339.760024
9293,339.781652
9294,339.800807
9295,339.817269
9296,339.830879
9297,339.841529
9298,339.84915
9299,339.853709
9300,339.855204
9301,339.85367
9302,339.849179
9303,339.841847
9304,339.83185
9305,339.819437
9306,339.804953
9307,339.788874
9308,339.771735
9309,339.753936
9310,339.735759
9311,339.717396
9312,339.698958
9313,339.680489
9314,339.662013
9315,339.643539
9316,339.625066
9317,339.606587
9318,339.588091
9319,339.569563
9320,339.550991
9321,339.53236
9322,339.51366
9323,339.494883
9324,339.476026
9325,339.457089
9326,339.438083
9327,339.419027
9328,339.399954
9329,339.38092
9330,339.361964
9331,339.343113
9332,339.324386
9333,339.305794
9334,339.287343
9335,339.269037
9336,339.250877
9337,339.232862
9338,339.21499
9339,339.197256
9340,339.179657
9341,339.162189
9342,339.144848
9343,339.127627
9344,339.451947
9345,339.47762
9346,339.503845
9347,339.530613
9348,339.557893
9349,339.585623
9350,339.613704
9351,339.641987
9352,339.67026
9353,339.69823
9354,339.725499
9355,339.751546
9356,339.775813
9357,339.797888
9358,339.817466
9359,339.834326
9360,339.848306
9361,339.859297
9362,339.86723
9363,339.872071
9364,339.873818
9365,339.872506
9366,339.868206
9367,339.861037
9368,339.851177
9369,339.838875
9370,339.824481
9371,339.808473
9372,339.791389
9373,339.773631
9374,339.755484
9375,339.737136
9376,339.718698
9377,339.700209
9378,339.681688
9379,339.663144
9380,339.644572
9381,339.625966
9382,339.607313
9383,339.5886
9384,339.569813
9385,339.550938
9386,339.531966
9387,339.512887
9388,339.4937
9389,339.474406
9390,339.455017
9391,339.435554
9392,339.416055
9393,339.396582
9394,339.377179
9395,339.357875
9396,339.33869
9397,339.319637
9398,339.300723
9399,339.281951
9400,339.263321
9401,339.244833
9402,339.226483
9403,339.208267
9404,339.190183
9405,339.172225
9406,339.154388
9407,339.136669
9408,339.460537
9409,339.486678
9410,339.513361
9411,339.540577
9412,339.568293
9413,339.596448
9414,339.624943
9415,339.653627
9416,339.682291
9417,339.71064
9418,339.738278
9419,339.764686
9420,339.789304
9421,339.811723
9422,339.831638
9423,339.848826
9424,339.863129
9425,339.874434
9426,339.882673
9427,339.887811
9428,339.889846
9429,339.888812
9430,339.88478
9431,339.877868
9432,339.868253
9433,339.856185
9434,339.842012
9435,339.826209
9436,339.809314
9437,339.791726
9438,339.773729
9439,339.75551
9440,339.737173
9441,339.718757
9442,339.700277
9443,339.681739
9444,339.66314
9445,339.644471
9446,339.625721
9447,339.606877
9448,339.587926
9449,339.568856
9450,339.549656
9451,339.53032
9452,339.510845
9453,339.491236
9454,339.471505
9455,339.451676
9456,339.431791
9457,339.411917
9458,339.3921
9459,339.372374
9460,339.352759
9461,339.33327
9462,339.313915
9463,339.294695
9464,339.275613
9465,339.256666
9466,339.237852
9467,339.219167
9468,339.200606
9469,339.182166
9470,339.163842
9471,339.145629
9472,339.46813
9473,339.494675
9474,339.521742
9475,339.549322
9476,339.577381
9477,339.605858
9478,339.634652
9479,339.663618
9480,339.692544
9481,339.721142
9482,339.74902
9483,339.775663
9484,339.800518
9485,339.823178
9486,339.843344
9487,339.860794
9488,339.875371
9489,339.886964
9490,339.895503
9491,339.900953
9492,339.903312
9493,339.902612
9494,339.898923
9495,339.892362
9496,339.8831
9497,339.871386
9498,339.85756
9499,339.842094
9500,339.82552
9501,339.80823
9502,339.790503
9503,339.772521
9504,339.754386
9505,339.736133
9506,339.717775
9507,339.699319
9508,339.680759
9509,339.66209
9510,339.643301
9511,339.62438
9512,339.605316
9513,339.586097
9514,339.566716
9515,339.547166
9516,339.527447
9517,339.507564
9518,339.487533
9519,339.467381
9520,339.44715
9521,339.426913
9522,339.406718
9523,339.386602
9524,339.366588
9525,339.346689
9526,339.326915
9527,339.30727
9528,339.287753
9529,339.268364
9530,339.2491
9531,339.229957
9532,339.210931
9533,339.192017
9534,339.173212
9535,339.154512
9536,339.474751
9537,339.501638
9538,339.529018
9539,339.55688
9540,339.585191
9541,339.613888
9542,339.642873
9543,339.672001
9544,339.701065
9545,339.729784
9546,339.757772
9547,339.784527
9548,339.809504
9549,339.832305
9550,339.852638
9551,339.870284
9552,339.88509
9553,339.896944
9554,339.905778
9555,339.911556
9556,339.914275
9557,339.913964
9558,339.910692
9559,339.904571
9560,339.895769
9561,339.884526
9562,339.871175
9563,339.856176
9564,339.840051
9565,339.823182
9566,339.80584
9567,339.7882
9568,339.770363
9569,339.752358
9570,339.734201
9571,339.715895
9572,339.69744
9573,339.678829
9574,339.660055
9575,339.641108
9576,339.621979
9577,339.602659
9578,339.58314
9579,339.563421
9580,339.543501
9581,339.523388
9582,339.503099
9583,339.482664
9584,339.462129
9585,339.441568
9586,339.421032
9587,339.40056
9588,339.380175
9589,339.359895
9590,339.339728
9591,339.319678
9592,339.299746
9593,339.279932
9594,339.260232
9595,339.240643
9596,339.221162
9597,339.201784
9598,339.182506
9599,339.163322
9600,339.48044
9601,339.507609
9602,339.535233
9603,339.563301
9604,339.591777
9605,339.620599
9606,339.649668
9607,339.678844
9608,339.707925
9609,339.736638
9610,339.764612
9611,339.791357
9612,339.816345
9613,339.83919
9614,339.859608
9615,339.877389
9616,339.89238
9617,339.904473
9618,339.913599
9619,339.91972
9620,339.922833
9621,339.922965
9622,339.920181
9623,339.914588
9624,339.906348
9625,339.895691
9626,339.882938
9627,339.868533
9628,339.852981
9629,339.836651
9630,339.819803
9631,339.802606
9632,339.785155
9633,339.767478
9634,339.749592
9635,339.731503
9636,339.71321
9637,339.694712
9638,339.676003
9639,339.657078
9640,339.637929
9641,339.618551
9642,339.598939
9643,339.579092
9644,339.559013
9645,339.538712
9646,339.518208
9647,339.497532
9648,339.476732
9649,339.455885
9650,339.435045
9651,339.41425
9652,339.393527
9653,339.372893
9654,339.352358
9655,339.331926
9656,339.311599
9657,339.291376
9658,339.271255
9659,339.251234
9660,339.231308
9661,339.211474
9662,339.191728
9663,339.172068
9664,339.485248
9665,339.512641
9666,339.540446
9667,339.568648
9668,339.59721
9669,339.626068
9670,339.655125
9671,339.684241
9672,339.713225
9673,339.741813
9674,339.76965
9675,339.796267
9676,339.821159
9677,339.843956
9678,339.864386
9679,339.882245
9680,339.897383
9681,339.909695
9682,339.91911
9683,339.925591
9684,339.929131
9685,339.929756
9686,339.927526
9687,339.922545
9688,339.914965
9689,339.905005
9690,339.892968
9691,339.87928
9692,339.86442
9693,339.848741
9694,339.832488
9695,339.815823
9696,339.798837
9697,339.78156
9698,339.764008
9699,339.746191
9700,339.728113
9701,339.709775
9702,339.691177
9703,339.672316
9704,339.653189
9705,339.633794
9706,339.614129
9707,339.594195
9708,339.573998
9709,339.55355
9710,339.53287
9711,339.511993
9712,339.49097
9713,339.469875
9714,339.448766
9715,339.427683
9716,339.406652
9717,339.385693
9718,339.364815
9719,339.344023
9720,339.32332
9721,339.302706
9722,339.282179
9723,339.261737
9724,339.241376
9725,339.221095
9726,339.200889
9727,339.180756
9728,339.489235
9729,339.516803
9730,339.544732
9731,339.573004
9732,339.60158
9733,339.630395
9734,339.659353
9735,339.688316
9736,339.717098
9737,339.745449
9738,339.773035
9739,339.799415
9740,339.824111
9741,339.846777
9742,339.867153
9743,339.885041
9744,339.900296
9745,339.912812
9746,339.922517
9747,339.929374
9748,339.933372
9749,339.934535
9750,339.932921
9751,339.928627
9752,339.921797
9753,339.912636
9754,339.901429
9755,339.888572
9756,339.874514
9757,339.859585
9758,339.844015
9759,339.82796
9760,339.811507
9761,339.794688
9762,339.777523
9763,339.760025
9764,339.742204
9765,339.724068
9766,339.705619
9767,339.68686
9768,339.667792
9769,339.648417
9770,339.628736
9771,339.608754
9772,339.588477
9773,339.56792
9774,339.547105
9775,339.526067
9776,339.504857
9777,339.483552
9778,339.46221
9779,339.440872
9780,339.419565
9781,339.398308
9782,339.377111
9783,339.355982
9784,339.334923
9785,339.313934
9786,339.293016
9787,339.272165
9788,339.251379
9789,339.230658
9790,339.209997
9791,339.189396
9792,339.492474
9793,339.520171
9794,339.548173
9795,339.576461
9796,339.604992
9797,339.6337
9798,339.662487
9799,339.691217
9800,339.71971
9801,339.747728
9802,339.774961
9803,339.801004
9804,339.825421
9805,339.847887
9806,339.868156
9807,339.886038
9808,339.901388
9809,339.9141
9810,339.924101
9811,339.931349
9812,339.935834
9813,339.937576
9814,339.936629
9815,339.933085
9816,339.927081
9817,339.91881
9818,339.908532
9819,339.896609
9820,339.883449
9821,339.869352
9822,339.854536
9823,339.83915
9824,339.823282
9825,339.806965
9826,339.790226
9827,339.773083
9828,339.755553
9829,339.737649
9830,339.719381
9831,339.700756
9832,339.681779
9833,339.662457
9834,339.642794
9835,339.622797
9836,339.602477
9837,339.581849
9838,339.560936
9839,339.539775
9840,339.518416
9841,339.496937
9842,339.475397
9843,339.453836
9844,339.432282
9845,339.410755
9846,339.389265
9847,339.36782
9848,339.346423
9849,339.325076
9850,339.303779
9851,339.28253
9852,339.261329
9853,339.240175
9854,339.219065
9855,339.198
9856,339.495042
9857,339.522828
9858,339.550863
9859,339.579123
9860,339.607563
9861,339.636114
9862,339.664677
9863,339.693117
9864,339.721258
9865,339.748874
9866,339.775677
9867,339.801307
9868,339.825382
9869,339.847604
9870,339.867736
9871,339.885592
9872,339.901027
9873,339.913934
9874,339.924239
9875,339.931896
9876,339.936893
9877,339.939245
9878,339.939005
9879,339.936259
9880,339.931139
9881,339.923823
9882,339.914553
9883,339.903644
9884,339.89145
9885,339.878242
9886,339.864226
9887,339.849547
9888,339.834294
9889,339.818508
9890,339.802218
9891,339.785453
9892,339.768237
9893,339.750588
9894,339.732523
9895,339.714056
9896,339.695197
9897,339.675956
9898,339.656341
9899,339.636362
9900,339.616032
9901,339.595367
9902,339.574392
9903,339.553143
9904,339.531672
9905,339.510056
9906,339.488351
9907,339.466599
9908,339.444827
9909,339.423056
9910,339.401296
9911,339.379555
9912,339.357838
9913,339.336148
9914,339.314485
9915,339.29285
9916,339.271242
9917,339.249661
9918,339.228107
9919,339.206579
9920,339.49702
9921,339.524863
9922,339.552897
9923,339.581098
9924,339.609416
9925,339.637779
9926,339.666088
9927,339.694208
9928,339.721969
9929,339.749153
9930,339.775495
9931,339.800685
9932,339.824399
9933,339.846364
9934,339.866352
9935,339.884182
9936,339.899708
9937,339.91282
9938,339.923443
9939,339.931526
9940,339.937055
9941,339.940041
9942,339.940533
9943,339.938612
9944,339.934403
9945,339.928074
9946,339.919843
9947,339.909981
9948,339.898778
9949,339.886478
9950,339.873277
9951,339.859316
9952,339.84469
9953,339.829441
9954,339.81361
9955,339.797232
9956,339.780339
9957,339.762959
9958,339.745113
9959,339.726821
9960,339.7081
9961,339.688962
9962,339.669421
9963,339.649488
9964,339.629178
9965,339.608509
9966,339.587507
9967,339.566206
9968,339.544657
9969,339.522937
9970,339.5011
9971,339.479187
9972,339.457226
9973,339.435235
9974,339.413227
9975,339.39121
9976,339.36919
9977,339.34717
9978,339.325153
9979,339.30314
9980,339.281132
9981,339.25913
9982,339.237135
9983,339.215148
9984,339.498491
9985,339.526364
9986,339.554376
9987,339.582496
9988,339.610675
9989,339.638839
9990,339.666886
9991,339.694686
9992,339.722072
9993,339.748843
9994,339.774756
9995,339.799542
9996,339.822926
9997,339.844658
9998,339.864525
9999,339.882349
10000,339.897986
10001,339.911324
10002,339.922283
10003,339.930812
10004,339.936889
10005,339.940523
10006,339.941757
10007,339.940666
10008,339.937366
10009,339.93201
10010,339.924793
10011,339.915945
10012,339.905706
10013,339.894294
10014,339.88189
10015,339.868633
10016,339.854618
10017,339.839896
10018,339.824516
10019,339.808521
10020,339.791951
10021,339.774841
10022,339.757221
10023,339.739116
10024,339.720547
10025,339.701531
10026,339.682084
10027,339.662222
10028,339.64196
10029,339.621317
10030,339.600318
10031,339.578999
10032,339.557406
10033,339.535615
10034,339.513678
10035,339.491633
10036,339.469508
10037,339.447321
10038,339.425085
10039,339.40281
10040,339.380501
10041,339.358164
10042,339.335803
10043,339.31342
10044,339.291018
10045,339.268599
10046,339.246166
10047,339.22372
10048,339.499534
10049,339.527419
10050,339.555392
10051,339.583424
10052,339.61146
10053,339.639428
10054,339.667228
10055,339.69473
10056,339.721779
10057,339.748186
10058,339.773733
10059,339.798185
10060,339.821299
10061,339.842853
10062,339.862644
10063,339.880502
10064,339.896284
10065,339.909878
10066,339.921199
10067,339.930192
10068,339.936831
10069,339.941119
10070,339.943092
10071,339.942818
10072,339.9404
10073,339.935977
10074,339.929719
10075,339.921822
10076,339.912489
10077,339.901913
10078,339.890261
10079,339.877668
10080,339.864231
10081,339.850007
10082,339.835054
10083,339.819424
10084,339.803165
10085,339.78632
10086,339.768925
10087,339.75101
10088,339.732601
10089,339.71372
10090,339.694386
10091,339.674615
10092,339.654425
10093,339.633836
10094,339.612871
10095,339.591564
10096,339.56996
10097,339.548129
10098,339.526121
10099,339.503972
10100,339.481707
10101,339.459345
10102,339.4369
10103,339.414381
10104,339.391797
10105,339.369154
10106,339.346457
10107,339.32371
10108,339.300918
10109,339.278085
10110,339.255215
10111,339.232312
10112,339.500224
10113,339.528106
10114,339.556035
10115,339.583978
10116,339.611881
10117,339.639672
10118,339.667252
10119,339.6945
10120,339.721267
10121,339.747379
10122,339.772641
10123,339.796842
10124,339.819768
10125,339.841214
10126,339.860993
10127,339.87894
10128,339.894914
10129,339.908802
10130,339.920515
10131,339.929994
10132,339.937206
10133,339.942149
10134,339.94485
10135,339.945367
10136,339.943792
10137,339.940245
10138,339.934875
10139,339.927851
10140,339.919348
10141,339.909537
10142,339.898573
10143,339.886584
10144,339.873673
10145,339.859903
10146,339.845341
10147,339.830047
10148,339.814079
10149,339.797484
10150,339.780305
10151,339.762579
10152,339.744334
10153,339.725597
10154,339.706388
10155,339.686726
10156,339.66663
10157,339.646118
10158,339.625215
10159,339.60395
10160,339.582365
10161,339.560524
10162,339.538472
10163,339.516242
10164,339.493859
10165,339.471341
10166,339.448702
10167,339.425954
10168,339.403105
10169,339.380163
10170,339.357136
10171,339.334031
10172,339.310852
10173,339.287607
10174,339.264301
10175,339.240938
10176,339.500628
10177,339.528499
10178,339.556383
10179,339.584245
10180,339.612033
10181,339.639675
10182,339.667077
10183,339.694124
10184,339.720676
10185,339.746574
10186,339.771639
10187,339.795682
10188,339.81851
10189,339.839933
10190,339.859775
10191,339.877877
10192,339.894099
10193,339.908327
10194,339.920468
10195,339.930457
10196,339.938254
10197,339.943849
10198,339.947261
10199,339.948538
10200,339.947757
10201,339.945022
10202,339.940464
10203,339.934228
10204,339.92647
10205,339.917342
10206,339.906988
10207,339.895534
10208,339.883083
10209,339.869711
10210,339.855493
10211,339.840499
10212,339.82479
10213,339.808424
10214,339.791449
10215,339.773904
10216,339.755823
10217,339.737235
10218,339.718161
10219,339.698623
10220,339.678637
10221,339.658224
10222,339.637406
10223,339.61621
10224,339.594673
10225,339.572849
10226,339.550777
10227,339.528487
10228,339.506004
10229,339.483345
10230,339.460525
10231,339.437557
10232,339.414451
10233,339.391218
10234,339.367866
10235,339.344404
10236,339.32084
10237,339.297182
10238,339.273438
10239,339.249614
10240,339.500803
10241,339.528659
10242,339.556502
10243,339.584297
10244,339.611994
10245,339.639524
10246,339.666796
10247,339.693702
10248,339.720113
10249,339.74588
10250,339.770842
10251,339.794824
10252,339.817648
10253,339.839138
10254,339.859126
10255,339.877457
10256,339.893992
10257,339.908613
10258,339.921222
10259,339.931747
10260,339.940142
10261,339.946387
10262,339.950492
10263,339.952493
10264,339.952454
10265,339.950467
10266,339.946643
10267,339.941111
10268,339.934008
10269,339.925476
10270,339.915649
10271,339.904651
10272,339.892589
10273,339.879553
10274,339.865626
10275,339.850887
10276,339.835404
10277,339.819241
10278,339.80245
10279,339.785076
10280,339.767155
10281,339.748717
10282,339.729786
10283,339.710382
10284,339.690523
10285,339.670227
10286,339.649514
10287,339.628408
10288,339.606942
10289,339.585156
10290,339.563083
10291,339.540751
10292,339.518182
10293,339.495394
10294,339.472403
10295,339.449223
10296,339.425866
10297,339.402343
10298,339.378668
10299,339.35485
10300,339.3309
10301,339.306828
10302,339.282643
10303,339.258355
10304,339.500798
10305,339.528637
10306,339.556446
10307,339.584192
10308,339.611826
10309,339.639283
10310,339.666477
10311,339.693306
10312,339.719651
10313,339.745374
10314,339.770325
10315,339.794342
10316,339.81726
10317,339.838912
10318,339.859134
10319,339.877773
10320,339.89469
10321,339.90976
10322,339.922882
10323,339.933974
10324,339.942981
10325,339.949876
10326,339.954656
10327,339.957347
10328,339.958001
10329,339.956696
10330,339.95353
10331,339.948617
10332,339.942083
10333,339.934059
10334,339.924676
10335,339.914056
10336,339.902313
10337,339.889549
10338,339.875858
10339,339.861326
10340,339.846031
10341,339.830041
10342,339.813414
10343,339.796198
10344,339.77843
10345,339.760143
10346,339.74136
10347,339.7221
10348,339.702379
10349,339.682214
10350,339.661621
10351,339.64062
10352,339.619237
10353,339.597501
10354,339.57544
10355,339.553077
10356,339.530432
10357,339.507524
10358,339.484368
10359,339.46098
10360,339.437374
10361,339.413565
10362,339.389565
10363,339.365389
10364,339.34105
10365,339.31656
10366,339.291932
10367,339.267175
10368,339.500646
10369,339.528469
10370,339.556254
10371,339.583971
10372,339.611573
10373,339.638997
10374,339.666165
10375,339.692982
10376,339.719335
10377,339.745097
10378,339.770128
10379,339.794277
10380,339.817386
10381,339.839294
10382,339.85984
10383,339.878871
10384,339.896242
10385,339.911825
10386,339.925507
10387,339.9372
10388,339.946839
10389,339.954383
10390,339.959823
10391,339.963172
10392,339.964471
10393,339.963787
10394,339.961205
10395,339.95683
10396,339.950779
10397,339.943178
10398,339.934154
10399,339.923834
10400,339.912338
10401,339.899782
10402,339.886268
10403,339.871894
10404,339.856746
10405,339.840898
10406,339.824411
10407,339.807338
10408,339.789718
10409,339.771581
10410,339.75295
10411,339.733842
10412,339.714271
10413,339.694249
10414,339.673788
10415,339.652903
10416,339.631611
10417,339.609935
10418,339.587893
10419,339.565507
10420,339.542793
10421,339.51977
10422,339.496453
10423,339.472859
10424,339.449004
10425,339.424904
10426,339.400577
10427,339.376039
10428,339.351306
10429,339.326394
10430,339.301316
10431,339.276086
10432,339.500373
10433,339.528181
10434,339.555953
10435,339.58366
10436,339.611259
10437,339.638692
10438,339.665885
10439,339.69275
10440,339.719183
10441,339.745065
10442,339.770264
10443,339.794636
10444,339.81803
10445,339.840288
10446,339.861249
10447,339.880757
10448,339.898661
10449,339.914821
10450,339.929117
10451,339.941448
10452,339.951738
10453,339.959937
10454,339.966024
10455,339.970002
10456,339.971902
10457,339.971781
10458,339.969715
10459,339.9658
10460,339.96015
10461,339.952885
10462,339.944136
10463,339.934036
10464,339.922714
10465,339.910296
10466,339.896899
10467,339.882632
10468,339.867589
10469,339.851849
10470,339.835481
10471,339.818537
10472,339.801058
10473,339.783071
10474,339.764599
10475,339.745653
10476,339.726243
10477,339.706377
10478,339.686059
10479,339.665299
10480,339.644107
10481,339.622497
10482,339.600482
10483,339.578078
10484,339.5553
10485,339.532164
10486,339.508686
10487,339.484884
10488,339.460777
10489,339.436383
10490,339.411723
10491,339.386816
10492,339.361683
10493,339.336341
10494,339.310807
10495,339.285096
10496,339.49999
10497,339.527786
10498,339.555555
10499,339.583272
10500,339.610896
10501,339.638375
10502,339.665641
10503,339.692611
10504,339.71919
10505,339.745266
10506,339.770714
10507,339.795397
10508,339.819167
10509,339.841867
10510,339.863335
10511,339.883406
10512,339.90192
10513,339.918727
10514,339.933691
10515,339.9467
10516,339.957666
10517,339.966527
10518,339.97325
10519,339.977832
10520,339.980293
10521,339.980681
10522,339.979065
10523,339.975538
10524,339.970208
10525,339.963197
10526,339.95464
10527,339.944676
10528,339.93345
10529,339.9211
10530,339.907759
10531,339.893546
10532,339.878565
10533,339.862904
10534,339.846633
10535,339.829807
10536,339.812465
10537,339.794632
10538,339.776326
10539,339.757555
10540,339.73832
10541,339.718623
10542,339.698462
10543,339.677839
10544,339.656757
10545,339.63522
10546,339.613238
10547,339.590821
10548,339.567981
10549,339.544732
10550,339.521091
10551,339.497078
10552,339.472713
10553,339.448018
10554,339.423016
10555,339.397732
10556,339.372189
10557,339.346408
10558,339.32041
10559,339.294213
10560,339.499501
10561,339.527285
10562,339.55506
10563,339.582802
10564,339.610477
10565,339.638035
10566,339.665416
10567,339.692543
10568,339.719327
10569,339.745664
10570,339.771436
10571,339.796511
10572,339.820743
10573,339.843973
10574,339.866036
10575,339.886756
10576,339.905961
10577,339.923484
10578,339.939174
10579,339.952902
10580,339.964569
10581,339.9741
10582,339.981454
10583,339.986616
10584,339.989601
10585,339.990449
10586,339.989225
10587,339.986015
10588,339.980929
10589,339.97409
10590,339.965641
10591,339.955732
10592,339.944523
10593,339.932169
10594,339.918819
10595,339.904608
10596,339.889649
10597,339.874038
10598,339.857847
10599,339.841131
10600,339.823927
10601,339.806257
10602,339.788131
10603,339.76955
10604,339.750509
10605,339.730999
10606,339.711012
10607,339.690541
10608,339.66958
10609,339.648127
10610,339.626184
10611,339.603758
10612,339.580857
10613,339.557495
10614,339.533689
10615,339.509458
10616,339.484826
10617,339.45982
10618,339.434466
10619,339.408793
10620,339.382828
10621,339.356599
10622,339.330128
10623,339.303436
10624,339.498897
10625,339.526669
10626,339.554456
10627,339.582238
10628,339.609983
10629,339.637649
10630,339.665179
10631,339.692506
10632,339.719546
10633,339.746203
10634,339.772364
10635,339.797902
10636,339.822673
10637,339.846517
10638,339.869259
10639,339.890713
10640,339.910688
10641,339.928997
10642,339.945468
10643,339.959958
10644,339.972351
10645,339.982562
10646,339.99054
10647,339.996263
10648,339.999739
10649,340.001002
10650,340.000113
10651,339.997157
10652,339.992242
10653,339.985498
10654,339.977075
10655,339.967139
10656,339.955866
10657,339.943435
10658,339.930015
10659,339.915756
10660,339.900783
10661,339.885198
10662,339.869076
10663,339.852469
10664,339.835412
10665,339.817919
10666,339.799992
10667,339.781624
10668,339.7628
10669,339.743501
10670,339.72371
10671,339.703409
10672,339.682585
10673,339.661228
10674,339.639334
10675,339.616904
10676,339.593944
10677,339.570467
10678,339.54649
10679,339.522034
10680,339.497126
10681,339.471795
10682,339.446075
10683,339.419999
10684,339.3936
10685,339.366909
10686,339.339955
10687,339.312761
10688,339.498162
10689,339.52592
10690,339.553722
10691,339.581553
10692,339.609384
10693,339.637178
10694,339.664886
10695,339.692446
10696,339.719782
10697,339.746806
10698,339.77341
10699,339.799472
10700,339.824848
10701,339.849378
10702,339.872877
10703,339.895144
10704,339.915966
10705,339.935128
10706,339.952435
10707,339.967724
10708,339.980865
10709,339.991764
10710,340.000359
10711,340.006624
10712,340.010561
10713,340.012198
10714,340.011595
10715,340.008834
10716,340.004026
10717,339.997304
10718,339.98883
10719,339.978785
10720,339.96737
10721,339.954792
10722,339.941243
10723,339.926892
10724,339.911877
10725,339.896302
10726,339.880246
10727,339.863757
10728,339.846862
10729,339.829569
10730,339.811869
10731,339.793744
10732,339.775168
10733,339.756111
10734,339.736542
10735,339.716436
10736,339.695769
10737,339.674523
10738,339.652689
10739,339.630263
10740,339.607247
10741,339.583653
10742,339.559499
10743,339.534808
10744,339.50961
10745,339.483941
10746,339.457839
10747,339.431343
10748,339.404494
10749,339.377328
10750,339.349879
10751,339.322175
10752,339.497272
10753,339.525011
10754,339.552829
10755,339.580712
10756,339.608637
10757,339.636573
10758,339.664476
10759,339.692293
10760,339.719954
10761,339.747378
10762,339.774464
10763,339.801095
10764,339.82713
10765,339.852404
10766,339.876726
10767,339.899877
10768,339.921615
10769,339.94169
10770,339.959879
10771,339.975997
10772,339.989903
10773,340.001491
10774,340.010696
10775,340.017484
10776,340.021852
10777,340.023829
10778,340.023468
10779,340.020853
10780,340.016094
10781,340.009332
10782,340.000736
10783,339.990509
10784,339.978879
10785,339.966089
10786,339.952362
10787,339.937885
10788,339.922808
10789,339.90724
10790,339.891257
10791,339.874904
10792,339.858199
10793,339.841139
10794,339.823704
10795,339.805862
10796,339.787573
10797,339.768794
10798,339.749483
10799,339.729601
10800,339.709116
10801,339.688001
10802,339.666241
10803,339.643827
10804,339.620758
10805,339.597046
10806,339.572708
10807,339.547771
10808,339.52227
10809,339.496244
10810,339.469741
10811,339.442807
10812,339.41549
10813,339.387834
10814,339.359879
10815,339.331656
10816,339.496198
10817,339.523912
10818,339.55174
10819,339.579673
10820,339.607694
10821,339.635776
10822,339.663884
10823,339.691968
10824,339.719969
10825,339.747811
10826,339.775401
10827,339.802628
10828,339.829353
10829,339.855411
10830,339.880603
10831,339.904692
10832,339.927402
10833,339.948436
10834,339.967537
10835,339.984502
10836,339.999176
10837,340.011449
10838,340.021249
10839,340.028539
10840,340.033314
10841,340.035598
10842,340.035445
10843,340.032935
10844,340.028183
10845,340.02133
10846,340.012559
10847,340.002088
10848,339.990179
10849,339.977126
10850,339.963186
10851,339.948566
10852,339.933425
10853,339.917874
10854,339.901986
10855,339.8858
10856,339.869324
10857,339.852543
10858,339.835421
10859,339.817911
10860,339.799958
10861,339.781503
10862,339.76249
10863,339.742868
10864,339.722594
10865,339.701634
10866,339.679965
10867,339.657574
10868,339.634458
10869,339.610626
10870,339.586098
10871,339.560903
10872,339.535082
10873,339.508681
10874,339.481755
10875,339.454362
10876,339.426557
10877,339.398395
10878,339.369921
10879,339.341172
10880,339.494907
10881,339.522583
10882,339.550413
10883,339.578389
10884,339.6065
10885,339.634725
10886,339.663032
10887,339.691383
10888,339.719723
10889,339.747984
10890,339.776082
10891,339.803908
10892,339.831331
10893,339.858183
10894,339.884262
10895,339.909314
10896,339.93303
10897,339.955041
10898,339.97506
10899,339.992867
10900,340.008299
10901,340.021239
10902,340.031613
10903,340.039382
10904,340.044538
10905,340.047104
10906,340.047131
10907,340.044702
10908,340.039928
10909,340.032957
10910,340.023979
10911,340.013228
10912,340.000999
10913,339.987656
10914,339.973494
10915,339.958736
10916,339.943548
10917,339.928043
10918,339.912288
10919,339.896315
10920,339.88012
10921,339.863673
10922,339.846924
10923,339.829807
10924,339.812247
10925,339.794169
10926,339.775501
10927,339.756181
10928,339.736153
10929,339.715375
10930,339.693818
10931,339.671463
10932,339.648306
10933,339.624355
10934,339.599631
10935,339.574167
10936,339.548008
10937,339.521211
10938,339.493839
10939,339.465962
10940,339.437649
10941,339.408963
10942,339.379958
10943,339.350678
10944,339.493361
10945,339.520987
10946,339.548804
10947,339.57681
10948,339.604998
10949,339.63335
10950,339.661844
10951,339.690446
10952,339.719109
10953,339.747773
10954,339.776359
10955,339.804765
10956,339.832864
10957,339.860488
10958,339.88743
10959,339.913421
10960,339.938121
10961,339.961083
10962,339.981989
10963,340.000607
10964,340.016763
10965,340.03034
10966,340.041259
10967,340.049479
10968,340.054991
10969,340.057818
10970,340.05801
10971,340.055647
10972,340.050846
10973,340.043755
10974,340.034572
10975,340.023547
10976,340.011006
10977,339.997393
10978,339.983034
10979,339.968173
10980,339.952978
10981,339.937566
10982,339.921998
10983,339.906297
10984,339.890448
10985,339.874406
10986,339.8581
10987,339.841444
10988,339.824344
10989,339.806704
10990,339.788436
10991,339.769463
10992,339.749719
10993,339.729155
10994,339.707732
10995,339.68543
10996,339.662242
10997,339.638174
10998,339.613249
10999,339.587504
11000,339.56099
11001,339.533775
11002,339.505932
11003,339.477547
11004,339.448702
11005,339.419474
11006,339.389928
11007,339.360113
11008,339.491524
11009,339.519082
11010,339.546869
11011,339.574885
11012,339.603127
11013,339.631585
11014,339.66024
11015,339.689064
11016,339.718019
11017,339.747051
11018,339.776086
11019,339.805028
11020,339.833751
11021,339.862089
11022,339.889825
11023,339.916676
11024,339.942268
11025,339.9661
11026,339.987825
11027,340.007193
11028,340.024023
11029,340.03819
11030,340.049614
11031,340.058253
11032,340.064098
11033,340.067169
11034,340.067517
11035,340.065225
11036,340.060407
11037,340.053221
11038,340.043872
11039,340.032629
11040,340.019851
11041,340.006035
11042,339.991546
11043,339.976642
11044,339.961505
11045,339.94625
11046,339.930937
11047,339.91558
11048,339.900153
11049,339.884594
11050,339.868813
11051,339.852698
11052,339.836131
11053,339.818995
11054,339.801185
11055,339.782609
11056,339.763191
11057,339.742872
11058,339.721611
11059,339.699381
11060,339.676173
11061,339.651993
11062,339.626865
11063,339.60083
11064,339.573946
11065,339.54629
11066,339.517952
11067,339.489033
11068,339.459634
11069,339.429849
11070,339.399753
11071,339.369403
11072,339.489359
11073,339.516829
11074,339.544562
11075,339.572562
11076,339.600831
11077,339.629361
11078,339.658141
11079,339.687149
11080,339.71635
11081,339.745697
11082,339.775122
11083,339.804533
11084,339.833804
11085,339.862768
11086,339.8912
11087,339.918799
11088,339.945162
11089,339.969755
11090,339.992203
11091,340.012238
11092,340.029671
11093,340.04437
11094,340.056253
11095,340.065275
11096,340.071428
11097,340.07473
11098,340.075235
11099,340.073025
11100,340.06822
11101,340.060982
11102,340.05153
11103,340.04015
11104,340.027231
11105,340.013308
11106,339.998776
11107,339.983915
11108,339.968914
11109,339.953895
11110,339.938916
11111,339.923984
11112,339.909063
11113,339.894074
11114,339.878903
11115,339.863414
11116,339.847459
11117,339.830897
11118,339.813605
11119,339.795476
11120,339.776426
11121,339.756389
11122,339.735318
11123,339.713181
11124,339.689969
11125,339.665686
11126,339.640358
11127,339.614028
11128,339.586762
11129,339.558647
11130,339.529789
11131,339.500312
11132,339.470339
11133,339.439983
11134,339.409333
11135,339.378452
11136,339.486831
11137,339.514189
11138,339.541841
11139,339.569795
11140,339.598054
11141,339.626618
11142,339.655477
11143,339.684615
11144,339.714004
11145,339.7436
11146,339.773339
11147,339.803133
11148,339.832857
11149,339.862338
11150,339.891345
11151,339.919562
11152,339.946564
11153,339.971792
11154,339.99485
11155,340.015454
11156,340.033405
11157,340.048567
11158,340.060854
11159,340.07022
11160,340.076655
11161,340.080179
11162,340.080845
11163,340.078739
11164,340.073986
11165,340.066754
11166,340.057273
11167,340.045849
11168,340.032893
11169,340.018969
11170,340.004496
11171,339.989771
11172,339.974998
11173,339.960301
11174,339.945739
11175,339.931316
11176,339.916986
11177,339.902655
11178,339.888186
11179,339.87341
11180,339.858145
11181,339.842224
11182,339.825507
11183,339.807875
11184,339.789235
11185,339.769515
11186,339.748662
11187,339.726645
11188,339.703448
11189,339.679077
11190,339.653558
11191,339.626936
11192,339.599284
11193,339.570697
11194,339.541301
11195,339.511245
11196,339.480684
11197,339.449752
11198,339.41855
11199,339.387151
11200,339.48391
11201,339.511129
11202,339.53867
11203,339.566541
11204,339.59475
11205,339.623298
11206,339.652183
11207,339.68139
11208,339.710896
11209,339.740662
11210,339.770627
11211,339.800703
11212,339.830767
11213,339.860644
11214,339.890093
11215,339.918788
11216,339.946288
11217,339.972015
11218,339.995558
11219,340.016622
11220,340.034999
11221,340.050548
11222,340.063179
11223,340.072845
11224,340.079535
11225,340.083272
11226,340.084108
11227,340.082134
11228,340.077477
11229,340.070315
11230,340.060887
11231,340.049514
11232,340.036626
11233,340.022808
11234,340.008499
11235,339.994012
11236,339.97956
11237,339.965272
11238,339.95121
11239,339.937377
11240,339.923718
11241,339.910126
11242,339.896443
11243,339.882461
11244,339.867957
11245,339.852737
11246,339.836646
11247,339.819554
11248,339.801362
11249,339.781992
11250,339.76139
11251,339.739518
11252,339.716362
11253,339.691925
11254,339.666233
11255,339.639334
11256,339.611303
11257,339.582247
11258,339.552307
11259,339.521663
11260,339.490512
11261,339.45901
11262,339.427272
11263,339.395375
11264,339.480567
11265,339.50762
11266,339.535015
11267,339.562763
11268,339.590875
11269,339.619355
11270,339.648203
11271,339.67741
11272,339.706954
11273,339.7368
11274,339.766891
11275,339.79714
11276,339.827422
11277,339.857561
11278,339.887311
11279,339.916337
11280,339.944188
11281,339.970275
11282,339.994174
11283,340.015582
11284,340.034286
11285,340.050138
11286,340.063049
11287,340.072969
11288,340.079888
11289,340.083828
11290,340.084845
11291,340.083031
11292,340.078519
11293,340.071492
11294,340.062199
11295,340.050972
11296,340.038256
11297,340.024651
11298,340.01061
11299,339.996458
11300,339.982417
11301,339.968622
11302,339.955138
11303,339.941963
11304,339.92904
11305,339.916251
11306,339.903418
11307,339.890294
11308,339.876602
11309,339.862126
11310,339.846698
11311,339.830182
11312,339.81247
11313,339.793483
11314,339.773161
11315,339.751466
11316,339.72838
11317,339.703908
11318,339.678073
11319,339.650926
11320,339.622545
11321,339.593042
11322,339.562574
11323,339.531358
11324,339.499638
11325,339.467594
11326,339.435351
11327,339.402989
11328,339.476783
11329,339.503639
11330,339.530851
11331,339.558433
11332,339.586397
11333,339.614751
11334,339.643495
11335,339.672625
11336,339.702121
11337,339.731951
11338,339.762059
11339,339.792361
11340,339.822732
11341,339.852995
11342,339.8829
11343,339.912107
11344,339.94016
11345,339.966462
11346,339.990584
11347,340.012216
11348,340.031142
11349,340.047213
11350,340.060335
11351,340.070461
11352,340.077579
11353,340.081714
11354,340.082922
11355,340.081299
11356,340.076979
11357,340.070153
11358,340.061075
11359,340.050086
11360,340.037641
11361,340.02435
11362,340.010676
11363,339.996953
11364,339.983409
11365,339.970183
11366,339.957341
11367,339.94488
11368,339.932737
11369,339.920783
11370,339.908819
11371,339.896564
11372,339.8837
11373,339.869988
11374,339.855246
11375,339.839328
11376,339.822123
11377,339.803546
11378,339.783535
11379,339.762049
11380,339.739071
11381,339.714602
11382,339.688667
11383,339.661318
11384,339.632637
11385,339.602746
11386,339.571816
11387,339.540096
11388,339.507869
11389,339.475337
11390,339.442637
11391,339.409855
11392,339.472544
11393,339.49917
11394,339.526161
11395,339.553531
11396,339.581293
11397,339.609457
11398,339.638027
11399,339.666998
11400,339.696355
11401,339.726067
11402,339.75608
11403,339.786311
11404,339.816637
11405,339.846879
11406,339.876789
11407,339.906025
11408,339.934129
11409,339.960501
11410,339.984709
11411,340.006444
11412,340.025486
11413,340.041685
11414,340.05495
11415,340.065231
11416,340.072519
11417,340.076838
11418,340.078247
11419,340.076842
11420,340.072762
11421,340.0662
11422,340.057414
11423,340.046751
11424,340.03467
11425,340.021789
11426,340.008575
11427,339.995368
11428,339.982397
11429,339.969806
11430,339.95766
11431,339.945954
11432,339.934618
11433,339.923511
11434,339.912414
11435,339.901019
11436,339.888979
11437,339.876035
11438,339.861987
11439,339.846683
11440,339.830004
11441,339.811861
11442,339.792191
11443,339.77095
11444,339.74812
11445,339.7237
11446,339.697719
11447,339.670228
11448,339.641317
11449,339.611115
11450,339.579812
11451,339.547679
11452,339.515028
11453,339.482082
11454,339.448989
11455,339.415843
11456,339.467841
11457,339.494206
11458,339.520935
11459,339.548045
11460,339.575549
11461,339.603459
11462,339.63178
11463,339.660509
11464,339.689632
11465,339.71912
11466,339.748922
11467,339.778955
11468,339.809098
11469,339.839175
11470,339.868938
11471,339.898049
11472,339.92605
11473,339.952345
11474,339.976503
11475,339.998217
11476,340.017266
11477,340.033505
11478,340.046841
11479,340.057226
11480,340.064651
11481,340.069142
11482,340.070758
11483,340.069598
11484,340.065802
11485,340.059564
11486,340.051144
11487,340.04089
11488,340.029262
11489,340.01688
11490,340.004213
11491,339.991599
11492,339.979271
11493,339.967372
11494,339.955964
11495,339.945041
11496,339.934525
11497,339.924263
11498,339.914022
11499,339.903471
11500,339.892241
11501,339.880055
11502,339.866702
11503,339.852018
11504,339.835879
11505,339.818194
11506,339.798893
11507,339.777935
11508,339.755297
11509,339.730981
11510,339.705015
11511,339.677454
11512,339.648394
11513,339.617973
11514,339.586394
11515,339.553947
11516,339.520967
11517,339.487692
11518,339.454282
11519,339.420837
11520,339.462676
11521,339.488746
11522,339.515173
11523,339.541974
11524,339.569163
11525,339.596753
11526,339.624749
11527,339.65315
11528,339.681944
11529,339.711102
11530,339.740574
11531,339.770281
11532,339.800104
11533,339.829868
11534,339.859333
11535,339.888163
11536,339.915909
11537,339.941979
11538,339.965949
11539,339.987517
11540,340.006467
11541,340.022654
11542,340.035988
11543,340.046424
11544,340.053953
11545,340.058602
11546,340.060431
11547,340.05954
11548,340.056069
11549,340.05021
11550,340.042225
11551,340.032457
11552,340.021366
11553,340.009566
11554,339.997523
11555,339.985573
11556,339.973948
11557,339.962786
11558,339.95215
11559,339.942027
11560,339.932335
11561,339.922911
11562,339.913507
11563,339.903778
11564,339.893339
11565,339.881897
11566,339.86923
11567,339.855168
11568,339.839581
11569,339.822372
11570,339.803471
11571,339.782833
11572,339.760436
11573,339.736282
11574,339.710399
11575,339.682848
11576,339.653726
11577,339.623183
11578,339.591432
11579,339.558777
11580,339.525568
11581,339.492056
11582,339.458411
11583,339.424739
11584,339.457059
11585,339.482801
11586,339.508885
11587,339.535327
11588,339.562144
11589,339.589346
11590,339.616941
11591,339.644929
11592,339.673298
11593,339.70202
11594,339.731047
11595,339.760301
11596,339.789666
11597,339.818973
11598,339.847986
11599,339.876381
11600,339.903717
11601,339.929415
11602,339.953061
11603,339.974359
11604,339.993101
11605,340.009146
11606,340.022407
11607,340.03284
11608,340.040437
11609,340.045228
11610,340.047273
11611,340.04667
11612,340.04356
11613,340.038133
11614,340.030646
11615,340.021438
11616,340.010961
11617,339.999819
11618,339.988471
11619,339.977248
11620,339.966375
11621,339.955988
11622,339.946146
11623,339.936833
11624,339.92796
11625,339.919359
11626,339.910771
11627,339.901839
11628,339.892166
11629,339.881449
11630,339.869458
11631,339.856016
11632,339.840988
11633,339.824273
11634,339.8058
11635,339.785522
11636,339.763417
11637,339.739486
11638,339.71376
11639,339.686302
11640,339.657213
11641,339.626648
11642,339.594831
11643,339.562076
11644,339.528741
11645,339.495089
11646,339.461297
11647,339.427473
11648,339.451005
11649,339.476387
11650,339.502088
11651,339.528124
11652,339.55451
11653,339.581259
11654,339.608379
11655,339.63587
11656,339.663721
11657,339.691904
11658,339.720372
11659,339.749049
11660,339.777822
11661,339.806528
11662,339.83494
11663,339.862746
11664,339.889519
11665,339.914698
11666,339.937884
11667,339.95879
11668,339.977219
11669,339.993033
11670,340.00615
11671,340.016526
11672,340.024156
11673,340.02907
11674,340.031328
11675,340.031029
11676,340.028312
11677,340.023363
11678,340.016433
11679,340.007852
11680,339.998059
11681,339.987646
11682,339.977058
11683,339.966614
11684,339.956533
11685,339.946948
11686,339.937912
11687,339.929409
11688,339.921344
11689,339.913544
11690,339.905745
11691,339.897581
11692,339.888648
11693,339.878636
11694,339.867307
11695,339.854479
11696,339.840015
11697,339.823812
11698,339.805795
11699,339.785918
11700,339.764157
11701,339.740514
11702,339.715021
11703,339.687741
11704,339.658781
11705,339.6283
11706,339.596525
11707,339.563778
11708,339.530424
11709,339.496731
11710,339.46288
11711,339.428985
11712,339.444543
11713,339.469534
11714,339.494811
11715,339.520392
11716,339.546291
11717,339.572523
11718,339.599095
11719,339.626008
11720,339.653251
11721,339.680796
11722,339.708598
11723,339.73658
11724,339.764634
11725,339.792602
11726,339.820268
11727,339.847333
11728,339.873394
11729,339.897911
11730,339.920503
11731,339.940902
11732,339.958915
11733,339.974414
11734,339.987316
11735,339.997583
11736,340.005209
11737,340.010224
11738,340.01269
11739,340.012704
11740,340.010403
11741,340.005971
11742,339.999649
11743,339.991756
11744,339.982713
11745,339.973091
11746,339.963314
11747,339.953692
11748,339.944432
11749,339.935663
11750,339.927436
11751,339.919733
11752,339.912456
11753,339.905431
11754,339.89839
11755,339.890962
11756,339.882739
11757,339.873406
11758,339.862722
11759,339.850503
11760,339.836607
11761,339.820931
11762,339.803399
11763,339.783962
11764,339.762599
11765,339.73931
11766,339.714128
11767,339.687117
11768,339.658384
11769,339.628092
11770,339.59647
11771,339.563842
11772,339.530578
11773,339.496945
11774,339.463129
11775,339.429243
11776,339.437706
11777,339.462276
11778,339.487092
11779,339.51217
11780,339.537527
11781,339.563179
11782,339.589133
11783,339.615391
11784,339.641942
11785,339.668758
11786,339.695793
11787,339.722973
11788,339.75019
11789,339.777293
11790,339.804075
11791,339.830256
11792,339.855459
11793,339.879176
11794,339.901052
11795,339.920832
11796,339.938336
11797,339.953439
11798,339.966063
11799,339.976168
11800,339.983752
11801,339.988843
11802,339.991505
11803,339.991833
11804,339.989964
11805,339.986077
11806,339.980405
11807,339.973251
11808,339.965014
11809,339.956234
11810,339.947312
11811,339.938538
11812,339.930114
11813,339.922162
11814,339.914734
11815,339.907809
11816,339.901293
11817,339.895009
11818,339.888688
11819,339.881959
11820,339.874412
11821,339.865731
11822,339.855673
11823,339.844052
11824,339.830727
11825,339.815593
11826,339.798573
11827,339.779619
11828,339.758708
11829,339.735841
11830,339.711049
11831,339.684398
11832,339.655995
11833,339.626
11834,339.594644
11835,339.56225
11836,339.529186
11837,339.49572
11838,339.462034
11839,339.42824
11840,339.43054
11841,339.454661
11842,339.478977
11843,339.503505
11844,339.528267
11845,339.553277
11846,339.578546
11847,339.604077
11848,339.629859
11849,339.655864
11850,339.682044
11851,339.708326
11852,339.734602
11853,339.760728
11854,339.786504
11855,339.81167
11856,339.83588
11857,339.858671
11858,339.87972
11859,339.898786
11860,339.915699
11861,339.930336
11862,339.942621
11863,339.952516
11864,339.960018
11865,339.965157
11866,339.967995
11867,339.968629
11868,339.967193
11869,339.963864
11870,339.958867
11871,339.952491
11872,339.945104
11873,339.937202
11874,339.929156
11875,339.921241
11876,339.913648
11877,339.906499
11878,339.899844
11879,339.893666
11880,339.88787
11881,339.882284
11882,339.87664
11883,339.870568
11884,339.86366
11885,339.855599
11886,339.846145
11887,339.835111
11888,339.822358
11889,339.807778
11890,339.791298
11891,339.772868
11892,339.752464
11893,339.730088
11894,339.70577
11895,339.679573
11896,339.651603
11897,339.622018
11898,339.591045
11899,339.559004
11900,339.526256
11901,339.493065
11902,339.459607
11903,339.425991
11904,339.423101
11905,339.446745
11906,339.470522
11907,339.494454
11908,339.518564
11909,339.542874
11910,339.567395
11911,339.592133
11912,339.617076
11913,339.642197
11914,339.667447
11915,339.692752
11916,339.718005
11917,339.743064
11918,339.767737
11919,339.791781
11920,339.814882
11921,339.836647
11922,339.856779
11923,339.875056
11924,339.891309
11925,339.905421
11926,339.917316
11927,339.926956
11928,339.934337
11929,339.93949
11930,339.942477
11931,339.943396
11932,339.942379
11933,339.9396
11934,339.93528
11935,339.929692
11936,339.923177
11937,339.916164
11938,339.908992
11939,339.901919
11940,339.895132
11941,339.88875
11942,339.882827
11943,339.877347
11944,339.872222
11945,339.867282
11946,339.862263
11947,339.8568
11948,339.850487
11949,339.843012
11950,339.834136
11951,339.823676
11952,339.811492
11953,339.797481
11954,339.781567
11955,339.763702
11956,339.743862
11957,339.722047
11958,339.698286
11959,339.67264
11960,339.645212
11961,339.616153
11962,339.585687
11963,339.554124
11964,339.521816
11965,339.489016
11966,339.45589
11967,339.422537
11968,339.415455
11969,339.438595
11970,339.461793
11971,339.485079
11972,339.508482
11973,339.532031
11974,339.555744
11975,339.579627
11976,339.60367
11977,339.627846
11978,339.652106
11979,339.676375
11980,339.700546
11981,339.724478
11982,339.747989
11983,339.770847
11984,339.792775
11985,339.813454
11986,339.832617
11987,339.850053
11988,339.8656
11989,339.879142
11990,339.890605
11991,339.899948
11992,339.90717
11993,339.912299
11994,339.915399
11995,339.916565
11996,339.915931
11997,339.913669
11998,339.909992
11999,339.905162
12000,339.899491
12001,339.893331
12002,339.886989
12003,339.880711
12004,339.874678
12005,339.869008
12006,339.863758
12007,339.858916
12008,339.854399
12009,339.850042
12010,339.845589
12011,339.84068
12012,339.834914
12013,339.827985
12014,339.819659
12015,339.809755
12016,339.798138
12017,339.784705
12018,339.769384
12019,339.752125
12020,339.732905
12021,339.711723
12022,339.688606
12023,339.663612
12024,339.636837
12025,339.608429
12026,339.578599
12027,339.547648
12028,339.515914
12029,339.483632
12030,339.45095
12031,339.417951
12032,339.407688
12033,339.430293
12034,339.452866
12035,339.475448
12036,339.498085
12037,339.520813
12038,339.543658
12039,339.566629
12040,339.589719
12041,339.612901
12042,339.636125
12043,339.659317
12044,339.682371
12045,339.705151
12046,339.72748
12047,339.749148
12048,339.769907
12049,339.789494
12050,339.807673
12051,339.824248
12052,339.839063
12053,339.852006
12054,339.863002
12055,339.872014
12056,339.879037
12057,339.8841
12058,339.887266
12059,339.88863
12060,339.888323
12061,339.886514
12062,339.883408
12063,339.879251
12064,339.874324
12065,339.868926
12066,339.863332
12067,339.857768
12068,339.852411
12069,339.847377
12070,339.842724
12071,339.838444
12072,339.83446
12073,339.830615
12074,339.82666
12075,339.822242
12076,339.81697
12077,339.810543
12078,339.802733
12079,339.793367
12080,339.782311
12081,339.769467
12082,339.754763
12083,339.738151
12084,339.719609
12085,339.699133
12086,339.676748
12087,339.652509
12088,339.626506
12089,339.598878
12090,339.569825
12091,339.539634
12092,339.508622
12093,339.477
12094,339.444889
12095,339.412341
12096,339.399905
12097,339.421938
12098,339.443824
12099,339.465635
12100,339.487438
12101,339.509281
12102,339.531199
12103,339.553205
12104,339.575295
12105,339.597443
12106,339.6196
12107,339.641693
12108,339.663618
12109,339.685243
12110,339.706404
12111,339.726906
12112,339.746532
12113,339.765054
12114,339.782263
12115,339.797977
12116,339.812053
12117,339.82438
12118,339.834887
12119,339.843535
12120,339.850321
12121,339.855272
12122,339.858451
12123,339.85995
12124,339.859897
12125,339.858456
12126,339.855821
12127,339.852222
12128,339.847912
12129,339.843153
12130,339.838191
12131,339.833237
12132,339.828456
12133,339.823963
12134,339.819816
12135,339.816011
12136,339.812476
12137,339.809063
12138,339.805529
12139,339.801534
12140,339.796695
12141,339.790722
12142,339.783394
12143,339.774542
12144,339.764041
12145,339.751793
12146,339.73773
12147,339.721807
12148,339.703998
12149,339.684303
12150,339.662741
12151,339.639363
12152,339.614255
12153,339.587544
12154,339.559421
12155,339.530151
12156,339.50003
12157,339.469237
12158,339.437849
12159,339.405868
12160,339.392251
12161,339.413647
12162,339.434759
12163,339.455713
12164,339.476601
12165,339.497491
12166,339.518421
12167,339.539413
12168,339.560462
12169,339.581544
12170,339.602613
12171,339.623596
12172,339.644395
12173,339.664884
12174,339.684907
12175,339.704287
12176,339.722827
12177,339.740327
12178,339.756596
12179,339.77147
12180,339.784811
12181,339.796517
12182,339.806517
12183,339.814775
12184,339.821286
12185,339.826078
12186,339.829209
12187,339.830772
12188,339.830889
12189,339.829716
12190,339.827437
12191,339.824266
12192,339.820433
12193,339.816175
12194,339.811715
12195,339.807248
12196,339.80293
12197,339.798872
12198,339.795129
12199,339.791703
12200,339.788525
12201,339.785454
12202,339.78226
12203,339.778613
12204,339.774143
12205,339.768571
12206,339.761685
12207,339.753325
12208,339.743368
12209,339.731724
12210,339.718326
12211,339.70313
12212,339.686113
12213,339.667271
12214,339.646624
12215,339.624217
12216,339.60013
12217,339.574483
12218,339.54745
12219,339.51928
12220,339.490245
12221,339.460486
12222,339.430025
12223,339.398769
12224,339.384944
12225,339.405563
12226,339.425763
12227,339.445744
12228,339.465626
12229,339.485487
12230,339.50537
12231,339.525298
12232,339.545269
12233,339.56526
12234,339.585227
12235,339.6051
12236,339.624786
12237,339.644164
12238,339.66309
12239,339.681398
12240,339.698908
12241,339.715435
12242,339.730806
12243,339.744866
12244,339.757487
12245,339.768571
12246,339.778052
12247,339.785895
12248,339.792096
12249,339.79668
12250,339.799704
12251,339.801255
12252,339.801452
12253,339.80044
12254,339.798396
12255,339.795518
12256,339.79202
12257,339.78812
12258,339.784024
12259,339.779915
12260,339.775939
12261,339.772202
12262,339.768758
12263,339.765608
12264,339.762689
12265,339.759869
12266,339.756927
12267,339.75355
12268,339.749381
12269,339.744155
12270,339.737671
12271,339.729776
12272,339.720354
12273,339.70932
12274,339.696609
12275,339.682179
12276,339.666009
12277,339.648094
12278,339.628452
12279,339.607126
12280,339.584189
12281,339.559754
12282,339.533983
12283,339.507109
12284,339.47938
12285,339.45091
12286,339.421664
12287,339.391418
12288,339.009667
12289,338.82984
12290,338.771482
12291,339.280496
12292,339.000717
12293,338.820538
12294,338.7628
12295,339.266649
12296,338.483167
12297,338.30746
12298,338.251156
12299,338.742498
