0,345.068452
1,345.078634
2,345.092262
3,345.107283
4,345.123104
5,345.139597
6,345.156789
7,345.174772
8,345.193677
9,345.213672
10,345.234969
11,345.257829
12,345.282587
13,345.309681
14,345.339749
15,345.373873
16,345.414361
17,345.4672
18,345.549995
19,345.717673
20,346.145974
21,346.219902
22,346.265611
23,346.310205
24,346.35234
25,346.388054
26,346.416787
27,346.438815
28,346.454495
29,346.464056
30,346.467545
31,346.464814
32,346.455534
33,346.439256
34,346.415661
35,346.385449
36,346.353382
37,346.31205
38,346.19118
39,345.826671
40,345.689764
41,345.627035
42,345.590483
43,345.564676
44,345.544324
45,345.527357
46,345.512786
47,345.500022
48,345.488655
49,345.478383
50,345.468971
51,345.46024
52,345.452058
53,345.444329
54,345.436993
55,345.430019
56,345.423403
57,345.417171
58,345.411376
59,345.406104
60,345.401481
61,345.397687
62,345.394962
63,345.393584
64,345.077222
65,345.087788
66,345.101915
67,345.117477
68,345.133864
69,345.150944
70,345.168743
71,345.187357
72,345.20692
73,345.227605
74,345.249628
75,345.273259
76,345.29884
77,345.326822
78,345.357851
79,345.393028
80,345.434677
81,345.488816
82,345.573109
83,345.742682
84,346.174065
85,346.248447
86,346.295276
87,346.341107
88,346.384446
89,346.42121
90,346.450815
91,346.473537
92,346.489738
93,346.499654
94,346.503329
95,346.500615
96,346.491176
97,346.474555
98,346.450432
99,346.419532
100,346.386748
101,346.344816
102,346.223398
103,345.856966
104,345.718915
105,345.655318
106,345.61805
107,345.591635
108,345.570757
109,345.55333
110,345.53835
111,345.525215
112,345.513505
113,345.502909
114,345.493185
115,345.48415
116,345.475666
117,345.467637
118,345.459998
119,345.452716
120,345.445788
121,345.439237
122,345.433113
123,345.427499
124,345.422512
125,345.41832
126,345.415155
127,345.413345
128,345.088676
129,345.099715
130,345.114468
131,345.130716
132,345.14782
133,345.165642
134,345.184207
135,345.203614
136,345.223999
137,345.245541
138,345.268461
139,345.293038
140,345.319621
141,345.348672
142,345.380851
143,345.417272
144,345.460278
145,345.515916
146,345.601922
147,345.773644
148,346.208406
149,346.283225
150,346.331177
151,346.378311
152,346.422973
153,346.460926
154,346.491543
155,346.515092
156,346.531939
157,346.542319
158,346.54628
159,346.543668
160,346.534144
161,346.517249
162,346.492669
163,346.461167
164,346.427775
165,346.385362
166,346.263485
167,345.895215
168,345.756031
169,345.69157
170,345.653581
171,345.626546
172,345.605127
173,345.587218
174,345.5718
175,345.558256
176,345.546158
177,345.535183
178,345.525082
179,345.515666
180,345.506793
181,345.498362
182,345.490307
183,345.482592
184,345.475211
185,345.468185
186,345.461557
187,345.455404
188,345.449829
189,345.444985
190,345.441109
191,345.438642
192,345.100898
193,345.112425
194,345.127827
195,345.144786
196,345.162633
197,345.18122
198,345.200572
199,345.220787
200,345.242007
201,345.264411
202,345.288228
203,345.313739
204,345.341303
205,345.371388
206,345.404665
207,345.442257
208,345.486523
209,345.543533
210,345.631082
211,345.804713
212,346.242414
213,346.317597
214,346.366487
215,346.414739
216,346.460569
217,346.499599
218,346.531159
219,346.555507
220,346.573004
221,346.583887
222,346.588204
223,346.585799
224,346.576332
225,346.559344
226,346.53453
227,346.502685
228,346.468935
229,346.426238
230,346.304075
231,345.934593
232,345.794637
233,345.729574
234,345.691077
235,345.663597
236,345.641778
237,345.623504
238,345.607739
239,345.593858
240,345.58142
241,345.570096
242,345.559631
243,345.549829
244,345.540544
245,345.531673
246,345.523147
247,345.514929
248,345.507008
249,345.499402
250,345.49215
251,345.485317
252,345.478996
253,345.47333
254,345.468576
255,345.465338
256,345.113276
257,345.125288
258,345.141333
259,345.158994
260,345.177571
261,345.196906
262,345.217023
263,345.23802
264,345.260038
265,345.283261
266,345.307918
267,345.334296
268,345.362757
269,345.393775
270,345.428025
271,345.46664
272,345.511985
273,345.570148
274,345.658974
275,345.83416
276,346.274221
277,346.349693
278,346.399327
279,346.44848
280,346.495269
281,346.535208
282,346.567591
283,346.592663
284,346.610784
285,346.622189
286,346.626925
287,346.624837
288,346.615584
289,346.598707
290,346.573907
291,346.541997
292,346.508143
293,346.465348
294,346.343075
295,345.973097
296,345.832807
297,345.767475
298,345.728742
299,345.701048
300,345.679025
301,345.660546
302,345.644568
303,345.630456
304,345.617762
305,345.606148
306,345.595355
307,345.585185
308,345.575487
309,345.566156
310,345.557123
311,345.548346
312,345.539817
313,345.531547
314,345.523571
315,345.515947
316,345.508758
317,345.502147
318,345.49641
319,345.492335
320,345.12561
321,345.138098
322,345.154773
323,345.173117
324,345.1924
325,345.212456
326,345.233303
327,345.255039
328,345.277806
329,345.301787
330,345.327214
331,345.354373
332,345.383629
333,345.415458
334,345.450538
335,345.490004
336,345.536228
337,345.595309
338,345.685128
339,345.861504
340,346.303353
341,346.379043
342,346.429241
343,346.479084
344,346.526627
345,346.567303
346,346.600381
347,346.626096
348,346.644807
349,346.656748
350,346.661965
351,346.660304
352,346.651421
353,346.63486
354,346.61032
355,346.578614
356,346.5449
357,346.502181
358,346.379965
359,346.010201
360,345.870027
361,345.804772
362,345.766094
363,345.738435
364,345.716422
365,345.69792
366,345.68188
367,345.667658
368,345.654802
369,345.64297
370,345.631897
371,345.621383
372,345.611277
373,345.601472
374,345.591898
375,345.582515
376,345.573313
377,345.564301
378,345.555513
379,345.547
380,345.538845
381,345.531195
382,345.524396
383,345.519442
384,345.13783
385,345.150784
386,345.168072
387,345.187079
388,345.207043
389,345.227787
390,345.249326
391,345.271756
392,345.295218
393,345.319895
394,345.346015
395,345.373865
396,345.403809
397,345.436322
398,345.472082
399,345.512224
400,345.559122
401,345.618884
402,345.709416
403,345.886623
404,346.329702
405,346.405543
406,346.456133
407,346.506468
408,346.554566
409,346.59581
410,346.629455
411,346.655732
412,346.674998
413,346.687489
414,346.69325
415,346.692126
416,346.683775
417,346.667734
418,346.643699
419,346.612462
420,346.579122
421,346.536652
422,346.414656
423,346.045816
424,345.906211
425,345.841388
426,345.803069
427,345.775706
428,345.75393
429,345.7356
430,345.719659
431,345.705461
432,345.692546
433,345.680572
434,345.66927
435,345.658441
436,345.647932
437,345.637639
438,345.627491
439,345.617452
440,345.607511
441,345.597681
442,345.587995
443,345.578504
444,345.569293
445,345.560523
446,345.5526
447,345.546729
448,345.149908
449,345.163319
450,345.181205
451,345.200853
452,345.221472
453,345.242872
454,345.265066
455,345.288145
456,345.312249
457,345.337556
458,345.364292
459,345.392743
460,345.423266
461,345.456335
462,345.492623
463,345.533264
464,345.58063
465,345.640833
466,345.731793
467,345.909469
468,346.353218
469,346.42914
470,346.479951
471,346.530579
472,346.579032
473,346.620674
474,346.654757
475,346.681513
476,346.701301
477,346.714357
478,346.720727
479,346.720256
480,346.712599
481,346.697291
482,346.674011
483,346.643515
484,346.610793
485,346.568748
486,346.447144
487,346.079965
488,345.941404
489,345.877387
490,345.839745
491,345.81296
492,345.791663
493,345.773711
494,345.758044
495,345.74401
496,345.731149
497,345.719114
498,345.707639
499,345.696522
500,345.685615
501,345.674815
502,345.664056
503,345.653306
504,345.642558
505,345.631829
506,345.621157
507,345.610598
508,345.600243
509,345.590275
510,345.581167
511,345.574343
512,345.161834
513,345.175692
514,345.194161
515,345.21443
516,345.235678
517,345.257705
518,345.280516
519,345.304201
520,345.328892
521,345.354767
522,345.382045
523,345.411006
524,345.442001
525,345.475497
526,345.512161
527,345.553119
528,345.60074
529,345.661134
530,345.752226
531,345.929985
532,346.373805
533,346.449737
534,346.500584
535,346.551293
536,346.599889
537,346.641749
538,346.676135
539,346.703285
540,346.72356
541,346.737197
542,346.744245
543,346.744549
544,346.737761
545,346.72341
546,346.701155
547,346.671694
548,346.639853
549,346.598425
550,346.477399
551,346.112688
552,345.975689
553,345.912885
554,345.876269
555,345.850364
556,345.82981
557,345.812463
558,345.797258
559,345.783542
560,345.770853
561,345.758844
562,345.747252
563,345.735876
564,345.724572
565,345.713243
566,345.701828
567,345.690302
568,345.678668
569,345.66695
570,345.655194
571,345.643468
572,345.631876
573,345.620627
574,345.610268
575,345.602452
576,345.173606
577,345.187902
578,345.206938
579,345.227809
580,345.249662
581,345.272286
582,345.29568
583,345.319927
584,345.345157
585,345.371538
586,345.399286
587,345.428668
588,345.460029
589,345.493823
590,345.530708
591,345.571798
592,345.619452
593,345.67977
594,345.770666
595,345.948079
596,346.391294
597,346.467154
598,346.51783
599,346.568379
600,346.616881
601,346.658762
602,346.693304
603,346.720754
604,346.741478
605,346.755715
606,346.763514
607,346.764724
608,346.758994
609,346.745846
610,346.724914
611,346.696819
612,346.666156
613,346.625566
614,346.505332
615,346.144011
616,346.009164
617,345.948032
618,345.912831
619,345.888144
620,345.868625
621,345.852131
622,345.837595
623,345.824364
624,345.811976
625,345.800086
626,345.788434
627,345.776826
628,345.765122
629,345.753232
630,345.741105
631,345.728726
632,345.71611
633,345.703295
634,345.690343
635,345.677335
636,345.664398
637,345.651773
638,345.640087
639,345.631231
640,345.185223
641,345.199947
642,345.219537
643,345.240993
644,345.263429
645,345.286622
646,345.310566
647,345.335337
648,345.361057
649,345.387889
650,345.416036
651,345.445756
652,345.477379
653,345.511345
654,345.548293
655,345.589322
656,345.636769
657,345.696717
658,345.787047
659,345.963616
660,346.405428
661,346.481117
662,346.531373
663,346.581478
664,346.629613
665,346.671289
666,346.705822
667,346.73347
668,346.7546
669,346.769455
670,346.778085
671,346.780341
672,346.775876
673,346.764207
674,346.744936
675,346.718587
676,346.689454
677,346.649965
678,346.530776
679,346.173938
680,346.041937
681,345.983011
682,345.949671
683,345.926586
684,345.90843
685,345.893066
686,345.879429
687,345.866866
688,345.854919
689,345.843247
690,345.831596
691,345.819778
692,345.807662
693,345.795168
694,345.782257
695,345.768928
696,345.755212
697,345.741169
698,345.72688
699,345.712451
700,345.698037
701,345.683921
702,345.670817
703,345.660863
704,345.196689
705,345.211834
706,345.231965
707,345.253987
708,345.276986
709,345.300724
710,345.325188
711,345.350448
712,345.376616
713,345.403845
714,345.432327
715,345.462304
716,345.494091
717,345.528104
718,345.56496
719,345.605727
720,345.652711
721,345.711955
722,345.801283
723,345.976407
724,346.415853
725,346.49125
726,346.540775
727,346.590094
728,346.637536
729,346.678748
730,346.713086
731,346.740818
732,346.762309
733,346.777799
734,346.787342
735,346.790795
736,346.787819
737,346.777933
738,346.760711
739,346.736556
740,346.709375
741,346.67131
742,346.553477
743,346.202445
744,346.074128
745,346.018047
746,345.987093
747,345.966051
748,345.949633
749,345.935711
750,345.923229
751,345.911538
752,345.900186
753,345.888838
754,345.877248
755,345.865238
756,345.852689
757,345.839531
758,345.825742
759,345.811338
760,345.796374
761,345.780934
762,345.76513
763,345.749104
764,345.733047
765,345.717294
766,345.702657
767,345.691534
768,345.208011
769,345.223569
770,345.244229
771,345.266803
772,345.290346
773,345.314608
774,345.339566
775,345.365282
776,345.39186
777,345.419439
778,345.448198
779,345.478361
780,345.510219
781,345.544163
782,345.580772
783,345.621072
784,345.667312
785,345.725462
786,345.813243
787,345.986174
788,346.422133
789,346.49709
790,346.54549
791,346.5936
792,346.639969
793,346.680426
794,346.714369
795,346.742065
796,346.763867
797,346.780008
798,346.790544
799,346.795344
800,346.794089
801,346.78631
802,346.771565
803,346.750123
804,346.725406
805,346.689167
806,346.573068
807,346.229437
808,346.105856
809,346.053415
810,346.025481
811,346.007003
812,345.992754
813,345.980633
814,345.969596
815,345.959004
816,345.948414
817,345.937504
818,345.926036
819,345.913847
820,345.900828
821,345.886926
822,345.872136
823,345.856497
824,345.84009
825,345.823034
826,345.805484
827,345.787629
828,345.769711
829,345.752133
830,345.735817
831,345.723435
832,345.219196
833,345.23516
834,345.256338
835,345.279452
836,345.303524
837,345.328291
838,345.353721
839,345.379867
840,345.406822
841,345.434712
842,345.463699
843,345.493986
844,345.525836
845,345.559603
846,345.595821
847,345.635446
848,345.680628
849,345.737185
850,345.822638
851,345.992327
852,346.423799
853,346.498177
854,346.544965
855,346.591375
856,346.636257
857,346.67566
858,346.709013
859,346.736556
860,346.758618
861,346.775417
862,346.787009
863,346.793283
864,346.793952
865,346.788583
866,346.776741
867,346.758568
868,346.736901
869,346.702966
870,346.58897
871,346.254528
872,346.13715
873,346.089443
874,346.065343
875,346.050061
876,346.038489
877,346.028581
878,346.019319
879,346.010081
880,346.00044
881,345.990088
882,345.978804
883,345.966438
884,345.952897
885,345.938145
886,345.922196
887,345.905112
888,345.887007
889,345.868045
890,345.848433
891,345.828428
892,345.808354
893,345.788698
894,345.77051
895,345.756754
896,345.230253
897,345.246617
898,345.268305
899,345.291948
900,345.316536
901,345.341793
902,345.367678
903,345.394233
904,345.42154
905,345.449711
906,345.478887
907,345.509249
908,345.541026
909,345.57453
910,345.610228
911,345.648974
912,345.692728
913,345.74695
914,345.828588
915,345.992767
916,346.420067
917,346.494398
918,346.539103
919,346.583358
920,346.626415
921,346.664547
922,346.697172
923,346.724479
924,346.74675
925,346.76418
926,346.77683
927,346.784608
928,346.787278
929,346.784468
930,346.77579
931,346.761299
932,346.743201
933,346.711907
934,346.599348
935,346.275998
936,346.167643
937,346.126504
938,346.107391
939,346.096118
940,346.087845
941,346.080638
942,346.073531
943,346.065936
944,346.05745
945,346.047786
946,346.036746
947,346.024196
948,346.010061
949,345.99432
950,345.977005
951,345.958203
952,345.938062
953,345.916789
954,345.894663
955,345.872039
956,345.849373
957,345.827279
958,345.806954
959,345.791673
960,345.241193
961,345.257951
962,345.280143
963,345.304306
964,345.3294
965,345.355136
966,345.381463
967,345.408413
968,345.436055
969,345.464485
970,345.493826
971,345.52423
972,345.555891
973,345.589069
974,345.624151
975,345.661832
976,345.703719
977,345.754369
978,345.828523
979,345.978033
980,346.398967
981,346.487073
982,346.529984
983,346.572134
984,346.613479
985,346.650453
986,346.682419
987,346.709494
988,346.731911
989,346.749841
990,346.763345
991,346.772357
992,346.776686
993,346.776035
994,346.770094
995,346.758912
996,346.744166
997,346.714192
998,346.588796
999,346.286416
1000,346.195926
1001,346.165131
1002,346.152837
1003,346.14671
1004,346.14254
1005,346.138634
1006,346.134134
1007,346.128512
1008,346.121408
1009,346.112573
1010,346.101833
1011,346.089079
1012,346.074253
1013,346.057347
1014,346.038404
1015,346.017528
1016,345.994884
1017,345.970713
1018,345.945352
1019,345.91931
1020,345.893323
1021,345.868223
1022,345.845373
1023,345.828357
1024,345.252026
1025,345.269175
1026,345.291864
1027,345.316541
1028,345.342136
1029,345.368345
1030,345.395106
1031,345.422443
1032,345.450411
1033,345.479091
1034,345.508584
1035,345.539016
1036,345.570543
1037,345.603369
1038,345.637786
1039,345.674289
1040,345.713929
1041,345.759402
1042,345.818278
1043,345.911642
1044,346.090294
1045,346.409173
1046,346.483443
1047,346.526808
1048,346.56784
1049,346.604548
1050,346.636358
1051,346.663377
1052,346.68583
1053,346.703883
1054,346.717595
1055,346.726908
1056,346.731644
1057,346.731527
1058,346.726266
1059,346.715823
1060,346.699079
1061,346.604194
1062,346.373411
1063,346.262112
1064,346.220376
1065,346.206996
1066,346.204388
1067,346.20517
1068,346.206259
1069,346.206437
1070,346.205093
1071,346.201831
1072,346.196368
1073,346.188509
1074,346.178125
1075,346.165133
1076,346.149491
1077,346.131197
1078,346.110293
1079,346.086869
1080,346.061065
1081,346.033061
1082,346.003126
1083,345.971966
1084,345.941169
1085,345.912017
1086,345.886007
1087,345.866944
1088,345.262764
1089,345.280301
1090,345.303483
1091,345.32867
1092,345.354762
1093,345.381441
1094,345.408636
1095,345.436358
1096,345.464653
1097,345.493584
1098,345.523233
1099,345.553698
1100,345.585098
1101,345.617586
1102,345.651363
1103,345.686737
1104,345.724284
1105,345.765269
1106,345.812662
1107,345.872937
1108,345.956386
1109,346.061892
1110,346.12227
1111,346.165933
1112,346.203755
1113,346.237507
1114,346.267497
1115,346.29388
1116,346.316799
1117,346.336371
1118,346.352667
1119,346.365712
1120,346.375484
1121,346.38192
1122,346.384874
1123,346.383812
1124,346.375861
1125,346.346858
1126,346.293293
1127,346.262681
1128,346.253903
1129,346.258345
1130,346.269352
1131,346.280414
1132,346.288689
1133,346.294065
1134,346.296586
1135,346.296151
1136,346.292629
1137,346.285915
1138,346.275938
1139,346.262653
1140,346.246032
1141,346.226066
1142,346.202767
1143,346.176164
1144,346.146245
1145,346.112795
1146,346.075305
1147,346.034341
1148,345.994966
1149,345.959496
1150,345.929147
1151,345.907535
1152,345.273417
1153,345.29134
1154,345.315013
1155,345.34071
1156,345.367299
1157,345.394449
1158,345.42208
1159,345.450194
1160,345.478824
1161,345.508019
1162,345.537841
1163,345.568363
1164,345.599672
1165,345.631872
1166,345.665092
1167,345.699503
1168,345.735378
1169,345.773214
1170,345.813971
1171,345.859277
1172,345.910683
1173,345.965516
1174,346.010915
1175,346.049848
1176,346.084857
1177,346.116716
1178,346.145632
1179,346.171703
1180,346.195017
1181,346.215665
1182,346.233733
1183,346.2493
1184,346.262446
1185,346.273257
1186,346.281806
1187,346.288028
1188,346.291251
1189,346.289496
1190,346.284568
1191,346.287503
1192,346.302299
1193,346.33041
1194,346.368727
1195,346.399624
1196,346.418775
1197,346.430997
1198,346.438346
1199,346.441365
1200,346.440177
1201,346.434817
1202,346.425303
1203,346.411637
1204,346.393802
1205,346.371762
1206,346.345466
1207,346.314811
1208,346.279415
1209,346.237753
1210,346.185333
1211,346.118559
1212,346.05952
1213,346.012231
1214,345.975185
1215,345.95016
1216,345.283997
1217,345.302303
1218,345.326467
1219,345.352674
1220,345.379764
1221,345.407391
1222,345.435467
1223,345.463985
1224,345.492967
1225,345.522448
1226,345.552473
1227,345.583092
1228,345.614366
1229,345.646358
1230,345.679143
1231,345.712803
1232,345.747444
1233,345.783219
1234,345.820354
1235,345.859116
1236,345.899466
1237,345.940137
1238,345.978216
1239,346.013535
1240,346.046403
1241,346.076942
1242,346.105182
1243,346.131151
1244,346.154902
1245,346.176516
1246,346.196092
1247,346.213754
1248,346.229658
1249,346.244004
1250,346.257048
1251,346.26911
1252,346.280574
1253,346.292152
1254,346.306476
1255,346.330022
1256,346.372883
1257,346.45114
1258,346.571637
1259,346.652619
1260,346.688231
1261,346.709359
1262,346.722975
1263,346.730487
1264,346.732308
1265,346.728663
1266,346.719698
1267,346.705479
1268,346.685998
1269,346.661169
1270,346.630843
1271,346.594778
1272,346.552212
1273,346.499077
1274,346.414663
1275,346.258548
1276,346.145453
1277,346.072929
1278,346.024558
1279,345.994703
1280,345.294511
1281,345.313201
1282,345.337857
1283,345.364578
1284,345.392173
1285,345.420287
1286,345.448821
1287,345.477761
1288,345.507119
1289,345.536918
1290,345.567187
1291,345.597959
1292,345.629269
1293,345.661153
1294,345.693645
1295,345.726772
1296,345.760556
1297,345.795007
1298,345.830114
1299,345.865806
1300,345.90184
1301,345.93762
1302,345.972255
1303,346.005367
1304,346.036808
1305,346.066488
1306,346.094355
1307,346.120403
1308,346.144669
1309,346.167235
1310,346.188216
1311,346.207775
1312,346.226127
1313,346.243556
1314,346.260451
1315,346.277361
1316,346.295152
1317,346.31553
1318,346.342656
1319,346.387431
1320,346.478599
1321,346.687239
1322,347.121787
1323,347.34789
1324,347.392624
1325,347.423869
1326,347.446731
1327,347.461194
1328,347.467663
1329,347.466616
1330,347.458408
1331,347.443218
1332,347.421038
1333,347.391687
1334,347.354873
1335,347.3104
1336,347.258727
1337,347.19978
1338,347.065845
1339,346.53807
1340,346.27043
1341,346.144389
1342,346.077217
1343,346.040664
1344,345.304968
1345,345.324042
1346,345.349193
1347,345.376433
1348,345.404543
1349,345.433156
1350,345.462166
1351,345.491551
1352,345.521314
1353,345.55147
1354,345.582033
1355,345.613023
1356,345.644454
1357,345.676341
1358,345.70869
1359,345.741496
1360,345.774737
1361,345.808369
1362,345.842311
1363,345.876427
1364,345.910497
1365,345.944187
1366,345.977099
1367,346.008944
1368,346.039531
1369,346.068735
1370,346.096489
1371,346.122779
1372,346.147644
1373,346.171171
1374,346.193499
1375,346.21482
1376,346.235397
1377,346.255581
1378,346.275856
1379,346.296922
1380,346.319959
1381,346.347427
1382,346.385772
1383,346.454698
1384,346.620666
1385,347.125081
1386,347.407086
1387,347.478503
1388,347.515201
1389,347.54748
1390,347.571511
1391,347.58683
1392,347.593859
1393,347.59312
1394,347.584994
1395,347.569676
1396,347.547156
1397,347.51724
1398,347.479609
1399,347.434047
1400,347.381236
1401,347.325296
1402,347.261731
1403,347.068883
1404,346.436385
1405,346.222863
1406,346.13109
1407,346.086805
1408,345.315375
1409,345.334834
1410,345.360483
1411,345.388249
1412,345.416885
1413,345.446012
1414,345.475519
1415,345.505376
1416,345.535581
1417,345.566138
1418,345.597054
1419,345.628333
1420,345.659979
1421,345.691986
1422,345.724344
1423,345.757028
1424,345.789995
1425,345.82318
1426,345.856487
1427,345.889782
1428,345.922886
1429,345.955578
1430,345.987619
1431,346.018803
1432,346.048972
1433,346.078016
1434,346.105879
1435,346.132557
1436,346.158097
1437,346.182599
1438,346.206221
1439,346.229184
1440,346.251791
1441,346.274445
1442,346.297699
1443,346.322369
1444,346.349844
1445,346.383089
1446,346.429944
1447,346.514238
1448,346.713561
1449,347.287512
1450,347.489407
1451,347.549876
1452,347.589934
1453,347.626049
1454,347.653089
1455,347.670531
1456,347.678922
1457,347.678895
1458,347.670909
1459,347.655192
1460,347.631732
1461,347.600297
1462,347.560488
1463,347.511987
1464,347.45545
1465,347.395681
1466,347.332404
1467,347.209512
1468,346.530887
1469,346.286737
1470,346.181147
1471,346.13124
1472,345.325736
1473,345.345582
1474,345.371733
1475,345.400033
1476,345.429208
1477,345.458868
1478,345.488896
1479,345.519257
1480,345.549943
1481,345.580952
1482,345.612283
1483,345.64393
1484,345.675886
1485,345.708134
1486,345.740652
1487,345.773402
1488,345.806331
1489,345.839367
1490,345.872416
1491,345.905356
1492,345.938042
1493,345.97031
1494,346.001993
1495,346.032938
1496,346.063024
1497,346.092168
1498,346.120332
1499,346.147525
1500,346.173806
1501,346.19929
1502,346.224153
1503,346.248642
1504,346.273091
1505,346.297945
1506,346.323814
1507,346.351593
1508,346.382809
1509,346.420702
1510,346.473708
1511,346.56683
1512,346.778791
1513,347.362334
1514,347.558511
1515,347.620818
1516,347.665033
1517,347.705281
1518,347.735589
1519,347.755358
1520,347.765232
1521,347.765947
1522,347.758036
1523,347.741764
1524,347.717121
1525,347.683837
1526,347.641446
1527,347.589546
1528,347.528805
1529,347.464513
1530,347.397408
1531,347.277681
1532,346.594562
1533,346.339704
1534,346.226766
1535,346.173044
1536,345.336054
1537,345.356288
1538,345.382947
1539,345.411791
1540,345.441519
1541,345.471732
1542,345.502308
1543,345.533208
1544,345.564419
1545,345.595934
1546,345.627745
1547,345.659842
1548,345.692208
1549,345.72482
1550,345.757645
1551,345.790639
1552,345.823744
1553,345.856886
1554,345.889974
1555,345.922902
1556,345.955546
1557,345.987776
1558,346.019463
1559,346.050491
1560,346.080766
1561,346.110228
1562,346.138856
1563,346.166673
1564,346.193751
1565,346.220219
1566,346.246268
1567,346.272167
1568,346.298274
1569,346.325069
1570,346.353205
1571,346.383632
1572,346.417967
1573,346.459594
1574,346.517202
1575,346.616197
1576,346.835718
1577,347.428677
1578,347.62675
1579,347.691792
1580,347.739702
1581,347.783677
1582,347.81699
1583,347.838913
1584,347.850135
1585,347.851467
1586,347.843502
1587,347.826538
1588,347.800571
1589,347.765305
1590,347.720229
1591,347.664907
1592,347.600082
1593,347.53154
1594,347.460662
1595,347.33981
1596,346.647895
1597,346.386205
1598,346.268373
1599,346.21182
1600,345.346327
1601,345.366953
1602,345.394126
1603,345.423525
1604,345.453822
1605,345.48461
1606,345.515762
1607,345.547237
1608,345.57902
1609,345.611098
1610,345.643461
1611,345.676093
1612,345.708972
1613,345.742069
1614,345.775346
1615,345.808754
1616,345.842232
1617,345.875707
1618,345.909092
1619,345.942288
1620,345.975189
1621,346.007683
1622,346.039663
1623,346.071037
1624,346.10173
1625,346.131699
1626,346.160935
1627,346.189474
1628,346.217397
1629,346.244846
1630,346.272025
1631,346.299218
1632,346.326805
1633,346.35529
1634,346.385356
1635,346.417997
1636,346.454882
1637,346.499476
1638,346.560596
1639,346.663865
1640,346.888892
1641,347.490145
1642,347.690202
1643,347.757397
1644,347.808091
1645,347.854918
1646,347.890552
1647,347.914122
1648,347.926322
1649,347.928005
1650,347.919806
1651,347.90205
1652,347.874739
1653,347.83757
1654,347.790013
1655,347.73164
1656,347.663299
1657,347.591227
1658,347.517287
1659,347.395313
1660,346.694794
1661,346.42771
1662,346.306127
1663,346.247316
1664,345.356554
1665,345.377574
1666,345.405267
1667,345.435232
1668,345.466116
1669,345.497503
1670,345.529262
1671,345.561352
1672,345.593754
1673,345.626456
1674,345.659444
1675,345.692698
1676,345.726194
1677,345.759899
1678,345.793772
1679,345.82776
1680,345.861801
1681,345.895821
1682,345.929735
1683,345.963449
1684,345.996865
1685,346.029882
1686,346.062407
1687,346.094358
1688,346.125673
1689,346.156319
1690,346.186295
1691,346.215645
1692,346.244459
1693,346.272885
1694,346.301139
1695,346.329515
1696,346.358408
1697,346.38834
1698,346.420015
1699,346.454454
1700,346.493359
1701,346.540242
1702,346.603988
1703,346.710365
1704,346.939372
1705,347.546797
1706,347.7483
1707,347.816981
1708,347.869578
1709,347.918352
1710,347.955545
1711,347.980166
1712,347.992896
1713,347.99461
1714,347.985969
1715,347.967319
1716,347.938672
1717,347.899729
1718,347.849963
1719,347.788971
1720,347.717719
1721,347.642811
1722,347.566472
1723,347.443599
1724,346.73598
1725,346.464581
1726,346.340006
1727,346.279348
1728,345.36673
1729,345.388145
1730,345.416366
1731,345.446909
1732,345.478397
1733,345.510407
1734,345.542806
1735,345.575551
1736,345.608625
1737,345.642013
1738,345.675701
1739,345.709669
1740,345.743889
1741,345.778328
1742,345.812941
1743,345.847675
1744,345.882465
1745,345.917234
1746,345.951899
1747,345.986366
1748,346.020539
1749,346.054322
1750,346.087624
1751,346.120368
1752,346.152497
1753,346.183982
1754,346.214826
1755,346.245076
1756,346.274825
1757,346.304228
1758,346.333504
1759,346.362958
1760,346.392992
1761,346.424137
1762,346.457113
1763,346.492954
1764,346.533382
1765,346.581931
1766,346.647525
1767,346.756016
1768,346.987659
1769,347.5991
1770,347.801521
1771,347.871106
1772,347.924828
1773,347.97471
1774,348.012723
1775,348.037792
1776,348.050582
1777,348.051982
1778,348.04267
1779,348.023008
1780,347.993024
1781,347.952426
1782,347.900705
1783,347.837494
1784,347.763858
1785,347.686695
1786,347.608489
1787,347.48492
1788,346.771727
1789,346.496931
1790,346.369969
1791,346.307801
1792,345.376845
1793,345.398659
1794,345.427414
1795,345.458547
1796,345.490658
1797,345.523315
1798,345.556387
1799,345.589831
1800,345.62363
1801,345.65777
1802,345.692237
1803,345.727012
1804,345.762068
1805,345.797371
1806,345.832874
1807,345.868522
1808,345.904248
1809,345.939975
1810,345.975613
1811,346.011068
1812,346.046238
1813,346.081025
1814,346.115334
1815,346.149087
1816,346.182224
1817,346.214712
1818,346.246554
1819,346.277796
1820,346.308533
1821,346.338918
1822,346.369174
1823,346.399608
1824,346.430626
1825,346.462764
1826,346.496747
1827,346.533613
1828,346.575092
1829,346.624725
1830,346.691451
1831,346.801158
1832,347.03422
1833,347.647691
1834,347.850556
1835,347.920537
1836,347.974688
1837,348.024906
1838,348.063034
1839,348.087955
1840,348.100329
1841,348.101053
1842,348.090819
1843,348.070006
1844,348.038655
1845,347.996493
1846,347.943031
1847,347.877938
1848,347.802362
1849,347.723421
1850,347.643778
1851,347.519679
1852,346.80224
1853,346.524835
1854,346.396006
1855,346.332623
1856,345.386889
1857,345.409103
1858,345.438399
1859,345.470135
1860,345.502886
1861,345.536217
1862,345.569997
1863,345.604183
1864,345.638761
1865,345.67372
1866,345.709049
1867,345.744731
1868,345.780739
1869,345.817041
1870,345.85359
1871,345.890331
1872,345.927193
1873,345.964094
1874,346.00094
1875,346.037627
1876,346.074046
1877,346.110088
1878,346.145648
1879,346.180637
1880,346.214985
1881,346.248653
1882,346.281636
1883,346.313975
1884,346.345761
1885,346.377145
1886,346.408349
1887,346.439677
1888,346.471535
1889,346.504458
1890,346.539168
1891,346.5767
1892,346.61878
1893,346.668946
1894,346.736127
1895,346.846206
1896,347.079547
1897,347.693193
1898,347.896063
1899,347.965971
1900,348.019899
1901,348.069719
1902,348.107275
1903,348.131455
1904,348.142925
1905,348.142591
1906,348.13116
1907,348.109025
1908,348.076247
1909,348.032573
1910,347.977538
1911,347.910845
1912,347.833706
1913,347.753391
1914,347.672676
1915,347.54819
1916,346.827672
1917,346.54836
1918,346.418129
1919,346.353802
1920,345.396847
1921,345.419464
1922,345.449307
1923,345.481655
1924,345.515065
1925,345.549097
1926,345.583618
1927,345.618591
1928,345.654006
1929,345.689855
1930,345.726132
1931,345.762823
1932,345.799907
1933,345.837353
1934,345.875117
1935,345.913141
1936,345.951354
1937,345.989666
1938,346.027975
1939,346.066165
1940,346.10411
1941,346.141684
1942,346.178764
1943,346.215242
1944,346.251032
1945,346.286078
1946,346.320365
1947,346.353924
1948,346.386838
1949,346.419253
1950,346.451386
1951,346.483537
1952,346.516106
1953,346.54962
1954,346.584792
1955,346.622648
1956,346.664897
1957,346.715059
1958,346.78204
1959,346.891666
1960,347.124166
1961,347.736159
1962,347.938604
1963,348.007976
1964,348.061037
1965,348.109723
1966,348.146014
1967,348.168846
1968,348.178903
1969,348.177105
1970,348.164169
1971,348.140507
1972,348.106202
1973,348.061025
1974,348.004542
1975,347.936488
1976,347.858117
1977,347.776795
1978,347.695342
1979,347.570603
1980,346.848104
1981,346.567549
1982,346.436365
1983,346.371355
1984,345.406703
1985,345.429722
1986,345.460117
1987,345.49309
1988,345.527176
1989,345.561933
1990,345.597231
1991,345.633037
1992,345.669345
1993,345.706157
1994,345.743472
1995,345.781282
1996,345.819573
1997,345.858319
1998,345.89748
1999,345.936999
2000,345.976802
2001,346.016791
2002,346.056853
2003,346.096853
2004,346.136643
2005,346.17607
2006,346.214982
2007,346.253243
2008,346.290741
2009,346.327399
2010,346.363182
2011,346.398109
2012,346.432252
2013,346.465751
2014,346.498814
2015,346.531733
2016,346.564899
2017,346.598827
2018,346.634214
2019,346.672065
2020,346.714064
2021,346.763696
2022,346.829815
2023,346.938148
2024,347.168646
2025,347.777069
2026,347.978634
2027,348.046983
2028,348.098497
2029,348.14528
2030,348.179582
2031,348.200428
2032,348.208534
2033,348.204828
2034,348.190043
2035,348.164605
2036,348.128625
2037,348.08191
2038,348.024061
2039,347.95485
2040,347.87556
2041,347.79359
2042,347.711737
2043,347.586883
2044,346.863534
2045,346.582425
2046,346.450746
2047,346.38532
2048,345.416434
2049,345.439857
2050,345.470807
2051,345.504415
2052,345.539194
2053,345.5747
2054,345.610808
2055,345.647492
2056,345.684754
2057,345.722603
2058,345.761049
2059,345.800094
2060,345.839733
2061,345.879949
2062,345.920708
2063,345.961958
2064,346.003621
2065,346.045594
2066,346.087746
2067,346.12992
2068,346.171936
2069,346.213599
2070,346.254719
2071,346.295116
2072,346.334642
2073,346.373189
2074,346.410701
2075,346.447177
2076,346.48268
2077,346.517338
2078,346.551352
2079,346.585005
2080,346.618674
2081,346.652859
2082,346.688231
2083,346.725765
2084,346.767104
2085,346.815677
2086,346.880253
2087,346.98639
2088,347.213603
2089,347.816316
2090,348.016493
2091,348.083272
2092,348.132488
2093,348.176529
2094,348.208064
2095,348.226245
2096,348.231822
2097,348.225727
2098,348.2087
2099,348.181186
2100,348.143331
2101,348.094987
2102,348.035811
2103,347.96562
2104,347.885722
2105,347.80349
2106,347.721612
2107,347.5968
2108,346.873872
2109,346.592979
2110,346.461315
2111,346.395763
2112,345.426017
2113,345.449843
2114,345.481352
2115,345.515601
2116,345.551088
2117,345.587367
2118,345.624319
2119,345.661925
2120,345.700199
2121,345.739161
2122,345.778835
2123,345.819236
2124,345.860374
2125,345.902244
2126,345.944825
2127,345.988071
2128,346.031907
2129,346.076223
2130,346.120871
2131,346.165661
2132,346.21037
2133,346.254747
2134,346.298539
2135,346.341507
2136,346.383454
2137,346.424232
2138,346.463755
2139,346.502005
2140,346.53903
2141,346.574952
2142,346.609964
2143,346.644338
2144,346.678439
2145,346.712743
2146,346.747892
2147,346.784815
2148,346.825095
2149,346.872072
2150,346.93437
2151,347.037279
2152,347.259686
2153,347.854156
2154,348.052346
2155,348.116909
2156,348.162971
2157,348.203344
2158,348.231278
2159,348.246081
2160,348.24852
2161,348.239521
2162,348.219817
2163,348.189872
2164,348.149875
2165,348.099748
2166,348.039228
2167,347.968208
2168,347.888024
2169,347.805967
2170,347.724522
2171,347.59994
2172,346.878911
2173,346.599162
2174,346.468127
2175,346.402785
2176,345.435426
2177,345.459652
2178,345.49172
2179,345.526618
2180,345.562825
2181,345.599897
2182,345.637722
2183,345.676293
2184,345.715636
2185,345.755789
2186,345.796789
2187,345.838673
2188,345.881469
2189,345.925194
2190,345.969844
2191,346.015389
2192,346.061763
2193,346.108852
2194,346.156492
2195,346.204455
2196,346.252458
2197,346.300165
2198,346.347229
2199,346.393324
2200,346.438183
2201,346.481611
2202,346.523492
2203,346.563787
2204,346.602538
2205,346.63986
2206,346.675942
2207,346.711051
2208,346.745535
2209,346.779848
2210,346.814591
2211,346.850636
2212,346.889472
2213,346.934294
2214,346.993473
2215,347.091839
2216,347.307371
2217,347.890426
2218,348.085946
2219,348.147546
2220,348.189494
2221,348.225226
2222,348.248723
2223,348.259452
2224,348.258168
2225,348.245755
2226,348.222923
2227,348.190155
2228,348.147696
2229,348.095563
2230,348.033616
2231,347.961871
2232,347.881728
2233,347.800347
2234,347.719892
2235,347.595747
2236,346.878164
2237,346.600798
2238,346.471237
2239,346.406538
2240,345.444629
2241,345.469253
2242,345.501879
2243,345.537428
2244,345.574364
2245,345.612247
2246,345.650972
2247,345.690547
2248,345.731015
2249,345.772431
2250,345.814856
2251,345.858352
2252,345.902975
2253,345.94877
2254,345.995763
2255,346.043952
2256,346.093291
2257,346.143678
2258,346.194941
2259,346.246816
2260,346.298937
2261,346.350835
2262,346.401989
2263,346.451944
2264,346.500346
2265,346.546949
2266,346.59161
2267,346.634281
2268,346.675002
2269,346.713893
2270,346.751148
2271,346.78703
2272,346.821877
2273,346.856117
2274,346.890305
2275,346.925235
2276,346.962265
2277,347.004338
2278,347.059332
2279,347.151101
2280,347.356034
2281,347.923031
2282,348.115743
2283,348.173769
2284,348.210722
2285,348.241011
2286,348.259456
2287,348.265634
2288,348.26023
2289,348.244047
2290,348.217753
2291,348.181838
2292,348.136618
2293,348.082238
2294,348.018732
2295,347.9463
2296,347.86647
2297,347.786255
2298,347.707337
2299,347.583435
2300,346.869942
2301,346.597215
2302,346.470614
2303,346.407223
2304,345.453596
2305,345.478611
2306,345.511791
2307,345.547991
2308,345.585662
2309,345.624368
2310,345.664016
2311,345.704629
2312,345.74627
2313,345.789019
2314,345.832965
2315,345.878202
2316,345.924823
2317,345.972916
2318,346.022552
2319,346.073774
2320,346.126586
2321,346.18093
2322,346.236665
2323,346.293527
2324,346.351053
2325,346.408514
2326,346.465008
2327,346.519857
2328,346.572636
2329,346.623077
2330,346.671036
2331,346.716478
2332,346.75946
2333,346.800125
2334,346.838682
2335,346.875402
2336,346.91062
2337,346.944737
2338,346.978261
2339,347.011888
2340,347.046785
2341,347.085472
2342,347.134789
2343,347.216021
2344,347.400346
2345,347.936367
2346,348.1352
2347,348.19106
2348,348.223073
2349,348.248118
2350,348.261829
2351,348.263806
2352,348.254614
2353,348.234945
2354,348.205412
2355,348.166508
2356,348.118618
2357,348.062026
2358,347.99696
2359,347.923849
2360,347.844392
2361,347.765441
2362,347.687657
2363,347.555341
2364,346.846667
2365,346.586138
2366,346.465996
2367,346.405103
2368,345.46229
2369,345.48769
2370,345.521417
2371,345.558263
2372,345.59667
2373,345.636205
2374,345.676791
2375,345.71847
2376,345.761326
2377,345.805469
2378,345.851024
2379,345.898124
2380,345.946914
2381,345.997539
2382,346.050136
2383,346.104832
2384,346.161728
2385,346.220898
2386,346.282366
2387,346.346031
2388,346.411411
2389,346.477201
2390,346.54129
2391,346.60265
2392,346.660963
2393,346.716096
2394,346.767992
2395,346.816677
2396,346.862265
2397,346.904944
2398,346.944962
2399,346.982614
2400,347.018238
2401,347.05222
2402,347.085015
2403,347.117212
2404,347.149729
2405,347.184445
2406,347.226243
2407,347.289802
2408,347.422432
2409,347.782073
2410,348.089728
2411,348.175425
2412,348.205513
2413,348.226714
2414,348.236831
2415,348.235615
2416,348.223518
2417,348.201129
2418,348.169
2419,348.127619
2420,348.077422
2421,348.018807
2422,347.952202
2423,347.878263
2424,347.798716
2425,347.71912
2426,347.628619
2427,347.341205
2428,346.777112
2429,346.562542
2430,346.45709
2431,346.400652
2432,345.470676
2433,345.49645
2434,345.530713
2435,345.568197
2436,345.607334
2437,345.647699
2438,345.68923
2439,345.73199
2440,345.776093
2441,345.82168
2442,345.868918
2443,345.917993
2444,345.969111
2445,346.022496
2446,346.078386
2447,346.137043
2448,346.198776
2449,346.264
2450,346.33332
2451,346.407479
2452,346.486614
2453,346.568047
2454,346.644746
2455,346.715434
2456,346.780971
2457,346.841931
2458,346.898574
2459,346.951089
2460,346.999701
2461,347.044689
2462,347.086366
2463,347.125074
2464,347.161172
2465,347.19504
2466,347.227089
2467,347.257803
2468,347.287845
2469,347.318397
2470,347.352147
2471,347.396043
2472,347.468087
2473,347.608258
2474,347.854652
2475,348.031824
2476,348.069479
2477,348.087736
2478,348.09437
2479,348.089892
2480,348.074701
2481,348.049268
2482,348.014031
2483,347.969327
2484,347.915273
2485,347.851799
2486,347.780219
2487,347.702737
2488,347.620675
2489,347.531759
2490,347.360688
2491,346.920832
2492,346.668429
2493,346.530641
2494,346.445833
2495,346.395004
2496,345.478714
2497,345.504851
2498,345.539635
2499,345.577743
2500,345.617598
2501,345.658784
2502,345.701257
2503,345.745105
2504,345.790469
2505,345.837533
2506,345.886509
2507,345.937647
2508,345.99123
2509,346.047584
2510,346.107092
2511,346.170242
2512,346.237752
2513,346.310883
2514,346.392025
2515,346.485295
2516,346.595064
2517,346.716463
2518,346.818675
2519,346.903809
2520,346.97907
2521,347.047451
2522,347.109972
2523,347.167133
2524,347.219357
2525,347.267067
2526,347.310688
2527,347.350638
2528,347.387322
2529,347.421129
2530,347.452446
2531,347.481668
2532,347.509256
2533,347.535871
2534,347.562742
2535,347.592499
2536,347.630589
2537,347.685503
2538,347.758468
2539,347.812972
2540,347.831757
2541,347.83424
2542,347.825424
2543,347.806181
2544,347.776576
2545,347.736524
2546,347.685751
2547,347.623196
2548,347.545201
2549,347.444266
2550,347.330334
2551,347.222989
2552,347.123376
2553,347.023644
2554,346.902023
2555,346.734897
2556,346.60325
2557,346.507413
2558,346.436378
2559,346.389733
2560,345.486367
2561,345.512852
2562,345.548138
2563,345.586849
2564,345.627402
2565,345.669392
2566,345.712792
2567,345.757717
2568,345.804342
2569,345.852892
2570,345.903637
2571,345.956894
2572,346.01304
2573,346.072531
2574,346.135946
2575,346.204127
2576,346.278558
2577,346.362396
2578,346.462929
2579,346.596072
2580,346.788172
2581,347.043931
2582,347.205406
2583,347.31232
2584,347.400626
2585,347.478951
2586,347.549324
2587,347.612619
2588,347.669546
2589,347.720763
2590,347.766875
2591,347.808429
2592,347.845909
2593,347.879745
2594,347.910316
2595,347.937962
2596,347.963002
2597,347.985773
2598,348.006733
2599,348.02665
2600,348.046777
2601,348.068396
2602,348.090052
2603,348.103399
2604,348.103592
2605,348.092928
2606,348.072279
2607,348.04149
2608,348.000073
2609,347.947433
2610,347.882695
2611,347.803082
2612,347.695523
2613,347.509809
2614,347.284402
2615,347.111617
2616,346.982395
2617,346.874281
2618,346.771129
2619,346.666026
2620,346.572796
2621,346.494155
2622,346.429929
2623,346.385631
2624,345.493597
2625,345.520412
2626,345.556176
2627,345.595464
2628,345.636687
2629,345.679451
2630,345.72375
2631,345.769725
2632,345.817588
2633,345.867609
2634,345.920117
2635,345.975507
2636,346.034262
2637,346.096988
2638,346.164514
2639,346.238181
2640,346.320713
2641,346.418876
2642,346.551231
2643,346.768631
2644,347.19403
2645,347.993807
2646,348.282548
2647,348.406118
2648,348.511056
2649,348.604821
2650,348.687797
2651,348.760899
2652,348.825274
2653,348.882002
2654,348.932018
2655,348.9761
2656,349.014886
2657,349.048894
2658,349.078531
2659,349.104109
2660,349.125842
2661,349.143851
2662,349.158164
2663,349.168712
2664,349.175328
2665,349.177668
2666,349.174982
2667,349.165853
2668,349.149015
2669,349.123677
2670,349.088914
2671,349.043638
2672,348.986666
2673,348.916852
2674,348.833473
2675,348.736147
2676,348.607828
2677,348.148312
2678,347.513166
2679,347.161095
2680,346.967487
2681,346.838842
2682,346.735313
2683,346.64296
2684,346.560322
2685,346.487533
2686,346.426033
2687,346.382792
2688,345.500367
2689,345.527491
2690,345.563704
2691,345.603536
2692,345.645392
2693,345.688889
2694,345.734045
2695,345.781025
2696,345.830079
2697,345.881525
2698,345.935752
2699,345.993238
2700,346.054576
2701,346.120538
2702,346.192228
2703,346.27157
2704,346.362844
2705,346.47784
2706,346.653524
2707,347.014333
2708,348.001029
2709,348.516032
2710,348.65668
2711,348.769661
2712,348.877963
2713,348.975464
2714,349.061439
2715,349.136842
2716,349.20295
2717,349.260957
2718,349.311877
2719,349.356546
2720,349.39564
2721,349.4297
2722,349.459144
2723,349.484281
2724,349.505313
2725,349.522334
2726,349.535321
2727,349.544119
2728,349.548428
2729,349.547784
2730,349.54155
2731,349.528923
2732,349.508977
2733,349.480694
2734,349.442958
2735,349.394537
2736,349.334097
2737,349.260343
2738,349.172603
2739,349.072706
2740,348.969842
2741,348.769755
2742,348.103324
2743,347.313279
2744,347.004258
2745,346.842472
2746,346.729915
2747,346.637264
2748,346.556192
2749,346.48467
2750,346.423885
2751,346.380961
2752,345.506642
2753,345.534054
2754,345.570682
2755,345.611016
2756,345.653459
2757,345.697639
2758,345.743591
2759,345.791512
2760,345.841686
2761,345.894478
2762,345.950337
2763,346.009824
2764,346.073642
2765,346.142722
2766,346.218431
2767,346.303206
2768,346.402574
2769,346.531912
2770,346.739444
2771,347.185835
2772,348.423617
2773,348.656999
2774,348.777335
2775,348.893481
2776,349.00676
2777,349.10841
2778,349.197576
2779,349.275392
2780,349.343306
2781,349.402638
2782,349.454494
2783,349.499772
2784,349.539193
2785,349.573326
2786,349.602604
2787,349.627344
2788,349.647748
2789,349.663903
2790,349.675779
2791,349.683217
2792,349.685914
2793,349.683418
2794,349.675119
2795,349.660258
2796,349.637936
2797,349.607126
2798,349.566663
2799,349.515226
2800,349.45134
2801,349.373522
2802,349.280936
2803,349.175832
2804,349.072066
2805,348.940463
2806,348.543773
2807,347.446365
2808,347.047694
2809,346.857135
2810,346.734417
2811,346.638133
2812,346.555752
2813,346.483726
2814,346.422737
2815,346.379747
2816,345.512393
2817,345.540066
2818,345.577071
2819,345.617861
2820,345.660834
2821,345.705632
2822,345.752309
2823,345.801086
2824,345.852283
2825,345.906308
2826,345.963671
2827,346.025006
2828,346.09112
2829,346.163087
2830,346.242492
2831,346.332142
2832,346.438303
2833,346.577929
2834,346.802391
2835,347.275134
2836,348.523078
2837,348.741036
2838,348.867112
2839,348.990667
2840,349.110791
2841,349.217958
2842,349.311395
2843,349.392464
2844,349.462822
2845,349.523949
2846,349.57707
2847,349.623171
2848,349.663034
2849,349.697267
2850,349.726332
2851,349.750558
2852,349.770155
2853,349.785209
2854,349.79569
2855,349.801436
2856,349.802152
2857,349.797399
2858,349.786588
2859,349.768978
2860,349.743677
2861,349.709635
2862,349.665619
2863,349.610196
2864,349.541723
2865,349.458494
2866,349.359452
2867,349.246893
2868,349.136061
2869,349.003415
2870,348.631096
2871,347.505615
2872,347.077664
2873,346.871673
2874,346.7413
2875,346.641116
2876,346.556663
2877,346.483511
2878,346.421939
2879,346.378709
2880,345.517593
2881,345.545498
2882,345.582839
2883,345.62403
2884,345.66747
2885,345.71281
2886,345.760123
2887,345.809652
2888,345.861751
2889,345.916867
2890,345.975562
2891,346.03854
2892,346.106696
2893,346.181223
2894,346.263877
2895,346.357717
2896,346.469412
2897,346.616592
2898,346.851584
2899,347.338353
2900,348.601666
2901,348.821222
2902,348.954027
2903,349.085067
2904,349.212247
2905,349.325252
2906,349.423296
2907,349.507916
2908,349.580955
2909,349.644056
2910,349.698565
2911,349.745563
2912,349.785899
2913,349.820229
2914,349.849046
2915,349.872699
2916,349.891408
2917,349.905265
2918,349.914241
2919,349.918179
2920,349.916792
2921,349.90965
2922,349.896179
2923,349.875646
2924,349.847155
2925,349.809619
2926,349.761737
2927,349.70196
2928,349.628482
2929,349.53941
2930,349.433537
2931,349.313311
2932,349.195275
2933,349.057707
2934,348.683061
2935,347.540658
2936,347.098803
2937,346.883706
2938,346.747732
2939,346.644121
2940,346.557573
2941,346.483171
2942,346.420912
2943,346.377394
2944,345.522223
2945,345.550331
2946,345.587959
2947,345.629492
2948,345.673327
2949,345.719123
2950,345.766969
2951,345.817131
2952,345.869987
2953,345.926022
2954,345.985843
2955,346.050211
2956,346.120095
2957,346.196785
2958,346.282159
2959,346.379448
2960,346.495555
2961,346.648442
2962,346.890917
2963,347.387745
2964,348.666257
2965,348.887792
2966,349.02597
2967,349.163066
2968,349.296128
2969,349.414132
2970,349.516196
2971,349.603952
2972,349.679374
2973,349.744227
2974,349.799963
2975,349.847739
2976,349.888467
2977,349.922846
2978,349.9514
2979,349.974497
2980,349.992371
2981,350.005121
2982,350.012724
2983,350.015029
2984,350.011754
2985,350.00248
2986,349.986638
2987,349.963498
2988,349.932149
2989,349.891474
2990,349.84011
2991,349.776414
2992,349.698467
2993,349.604249
2994,349.492494
2995,349.365867
2996,349.242007
2997,349.100212
2998,348.721991
2999,347.564915
3000,347.113851
3001,346.892541
3002,346.752368
3003,346.64595
3004,346.557571
3005,346.482032
3006,346.419142
3007,346.375364
3008,345.52627
3009,345.554548
3010,345.592413
3011,345.634224
3012,345.678374
3013,345.724531
3014,345.772796
3015,345.823454
3016,345.876905
3017,345.933664
3018,345.994374
3019,346.059842
3020,346.131095
3021,346.209495
3022,346.297011
3023,346.396983
3024,346.516457
3025,346.673585
3026,346.921486
3027,347.425669
3028,348.715962
3029,348.938982
3030,349.08105
3031,349.222617
3032,349.360125
3033,349.481983
3034,349.587194
3035,349.677425
3036,349.754732
3037,349.820964
3038,349.877648
3039,349.926004
3040,349.966988
3041,350.001338
3042,350.029602
3043,350.05217
3044,350.069283
3045,350.081053
3046,350.087463
3047,350.088368
3048,350.083493
3049,350.072424
3050,350.054596
3051,350.029278
3052,349.995548
3053,349.952261
3054,349.898009
3055,349.831087
3056,349.749498
3057,349.651157
3058,349.534793
3059,349.403282
3060,349.275098
3061,349.130206
3062,348.749235
3063,347.580963
3064,347.123342
3065,346.897615
3066,346.75435
3067,346.645789
3068,346.555978
3069,346.479548
3070,346.416177
3071,346.372224
3072,345.529731
3073,345.558145
3074,345.596194
3075,345.638212
3076,345.682592
3077,345.729007
3078,345.777567
3079,345.828572
3080,345.88244
3081,345.939707
3082,346.001046
3083,346.067295
3084,346.139526
3085,346.21915
3086,346.308197
3087,346.410077
3088,346.531921
3089,346.691992
3090,346.943608
3091,347.452816
3092,348.7512
3093,348.975223
3094,349.119897
3095,349.264499
3096,349.405064
3097,349.529605
3098,349.637024
3099,349.728993
3100,349.807613
3101,349.874786
3102,349.932087
3103,349.980779
3104,350.021853
3105,350.056073
3106,350.084006
3107,350.106056
3108,350.122477
3109,350.133388
3110,350.138779
3111,350.138511
3112,350.132317
3113,350.119787
3114,350.10036
3115,350.073306
3116,350.037693
3117,349.99236
3118,349.935871
3119,349.866483
3120,349.782155
3121,349.680769
3122,349.561078
3123,349.426121
3124,349.294953
3125,349.147962
3126,348.765119
3127,347.589168
3128,347.127117
3129,346.898417
3130,346.753058
3131,346.643042
3132,346.552272
3133,346.475275
3134,346.411638
3135,346.367627
3136,345.532611
3137,345.561126
3138,345.599303
3139,345.641457
3140,345.685976
3141,345.732538
3142,345.781262
3143,345.832455
3144,345.886549
3145,345.944095
3146,346.005785
3147,346.072479
3148,346.145275
3149,346.225617
3150,346.315568
3151,346.418581
3152,346.541831
3153,346.703642
3154,346.957443
3155,347.469593
3156,348.772702
3157,348.997306
3158,349.143485
3159,349.289844
3160,349.432188
3161,349.558289
3162,349.666981
3163,349.759934
3164,349.839268
3165,349.906914
3166,349.964474
3167,350.013237
3168,350.054214
3169,350.088184
3170,350.115728
3171,350.13726
3172,350.15304
3173,350.163196
3174,350.167723
3175,350.166489
3176,350.159234
3177,350.145554
3178,350.124895
3179,350.096527
3180,350.059521
3181,350.012705
3182,349.954634
3183,349.883544
3184,349.797376
3185,349.694003
3186,349.572196
3187,349.435104
3188,349.302127
3189,349.153892
3190,348.769952
3191,347.589512
3192,347.124911
3193,346.894537
3194,346.748035
3195,346.637269
3196,346.546058
3197,346.468865
3198,346.405217
3199,346.361292
3200,345.534926
3201,345.563506
3202,345.601755
3203,345.643969
3204,345.688534
3205,345.735129
3206,345.783877
3207,345.835093
3208,345.889214
3209,345.946801
3210,346.008553
3211,346.075343
3212,346.14828
3213,346.228821
3214,346.319045
3215,346.42242
3216,346.546138
3217,346.708542
3218,346.963101
3219,347.47628
3220,348.78104
3221,349.005846
3222,349.15254
3223,349.299491
3224,349.442416
3225,349.569002
3226,349.678054
3227,349.771238
3228,349.85068
3229,349.918319
3230,349.975768
3231,350.024323
3232,350.065002
3233,350.098591
3234,350.125676
3235,350.146674
3236,350.161851
3237,350.171337
3238,350.175136
3239,350.173121
3240,350.165038
3241,350.150494
3242,350.128943
3243,350.099663
3244,350.061731
3245,350.013981
3246,349.954967
3247,349.882927
3248,349.795799
3249,349.691456
3250,349.568682
3251,349.430671
3252,349.296953
3253,349.148238
3254,348.7639
3255,347.581895
3256,347.116485
3257,346.885668
3258,346.738955
3259,346.628154
3260,346.537048
3261,346.460064
3262,346.396684
3263,346.353007
3264,345.536703
3265,345.565314
3266,345.603576
3267,345.645774
3268,345.690288
3269,345.736798
3270,345.78543
3271,345.836498
3272,345.890443
3273,345.947827
3274,346.009348
3275,346.07588
3276,346.148529
3277,346.228748
3278,346.318612
3279,346.421582
3280,346.544841
3281,346.706719
3282,346.960654
3283,347.47302
3284,348.776488
3285,349.001134
3286,349.1474
3287,349.293824
3288,349.436173
3289,349.562192
3290,349.670704
3291,349.763371
3292,349.842315
3293,349.909466
3294,349.966429
3295,350.014492
3296,350.054667
3297,350.087736
3298,350.114282
3299,350.134719
3300,350.149316
3301,350.158205
3302,350.161392
3303,350.158759
3304,350.150061
3305,350.134915
3306,350.112787
3307,350.082971
3308,350.044558
3309,349.9964
3310,349.937066
3311,349.864809
3312,349.777579
3313,349.673259
3314,349.550634
3315,349.412875
3316,349.279442
3317,349.130974
3318,348.746911
3319,347.566158
3320,347.101632
3321,346.871582
3322,346.725593
3323,346.615489
3324,346.525051
3325,346.448699
3326,346.385886
3327,346.342627
3328,345.537982
3329,345.566589
3330,345.604808
3331,345.646911
3332,345.691276
3333,345.737583
3334,345.785954
3335,345.836704
3336,345.890269
3337,345.947205
3338,346.008203
3339,346.074124
3340,346.146058
3341,346.225438
3342,346.314312
3343,346.416113
3344,346.537986
3345,346.698212
3346,346.950125
3347,347.459811
3348,348.758996
3349,348.983113
3350,349.12799
3351,349.272751
3352,349.413354
3353,349.537752
3354,349.644822
3355,349.736229
3356,349.814074
3357,349.880259
3358,349.936362
3359,349.98365
3360,350.023115
3361,350.055523
3362,350.081445
3363,350.101289
3364,350.11532
3365,350.123669
3366,350.126346
3367,350.123241
3368,350.114117
3369,350.098607
3370,350.076194
3371,350.046193
3372,350.007721
3373,349.959658
3374,349.900604
3375,349.828844
3376,349.742359
3377,349.639051
3378,349.517692
3379,349.381372
3380,349.249265
3381,349.10179
3382,348.718688
3383,347.542072
3384,347.080161
3385,346.852121
3386,346.707815
3387,346.599156
3388,346.509968
3389,346.434683
3390,346.372745
3391,346.330081
3392,345.538818
3393,345.567386
3394,345.605504
3395,345.647435
3396,345.691555
3397,345.737538
3398,345.785506
3399,345.835766
3400,345.888749
3401,345.944998
3402,346.005186
3403,346.070152
3404,346.140954
3405,346.218986
3406,346.30625
3407,346.406117
3408,346.525664
3409,346.683073
3410,346.931495
3411,347.436511
3412,348.728199
3413,348.951388
3414,349.093834
3415,349.235715
3416,349.373345
3417,349.495035
3418,349.599753
3419,349.68916
3420,349.765313
3421,349.830066
3422,349.884951
3423,349.931191
3424,349.969746
3425,350.001353
3426,350.026568
3427,350.045782
3428,350.059253
3429,350.067111
3430,350.069367
3431,350.065917
3432,350.056538
3433,350.040879
3434,350.018447
3435,349.988585
3436,349.950446
3437,349.902952
3438,349.844753
3439,349.774187
3440,349.689286
3441,349.587988
3442,349.469052
3443,349.335422
3444,349.205762
3445,349.060097
3446,348.678705
3447,347.509332
3448,347.051898
3449,346.82719
3450,346.68557
3451,346.579134
3452,346.491787
3453,346.418011
3454,346.357257
3455,346.315366
3456,345.53928
3457,345.567776
3458,345.605737
3459,345.647419
3460,345.691194
3461,345.736734
3462,345.784157
3463,345.833761
3464,345.885966
3465,345.941296
3466,346.0004
3467,346.064081
3468,346.133353
3469,346.209549
3470,346.294595
3471,346.391769
3472,346.508026
3473,346.661382
3474,346.904704
3475,347.40285
3476,348.683509
3477,348.905317
3478,349.044136
3479,349.181788
3480,349.315124
3481,349.432979
3482,349.534433
3483,349.621115
3484,349.695011
3485,349.757895
3486,349.811226
3487,349.856165
3488,349.893625
3489,349.924306
3490,349.948734
3491,349.967283
3492,349.980199
3493,349.987605
3494,349.989516
3495,349.985834
3496,349.97635
3497,349.960733
3498,349.938519
3499,349.909088
3500,349.871639
3501,349.825152
3502,349.768345
3503,349.699635
3504,349.617139
3505,349.518859
3506,349.403557
3507,349.273978
3508,349.14803
3509,349.005113
3510,348.626275
3511,347.467555
3512,347.016667
3513,346.796754
3514,346.658904
3515,346.555495
3516,346.47059
3517,346.398761
3518,346.339495
3519,346.298551
3520,345.539452
3521,345.567846
3522,345.605593
3523,345.646948
3524,345.69028
3525,345.73526
3526,345.781998
3527,345.830785
3528,345.882024
3529,345.936217
3530,345.99398
3531,346.056071
3532,346.123442
3533,346.197346
3534,346.279599
3535,346.373331
3536,346.4853
3537,346.633238
3538,346.869585
3539,347.358353
3540,348.624417
3541,348.844348
3542,348.97815
3543,349.110067
3544,349.237719
3545,349.350615
3546,349.447937
3547,349.531234
3548,349.602373
3549,349.663008
3550,349.714498
3551,349.757926
3552,349.794137
3553,349.823787
3554,349.847366
3555,349.865223
3556,349.877589
3557,349.884581
3558,349.886213
3559,349.882395
3560,349.872934
3561,349.857523
3562,349.835729
3563,349.806976
3564,349.770521
3565,349.725417
3566,349.670472
3567,349.604214
3568,349.52488
3569,349.430592
3570,349.320153
3571,349.196089
3572,349.075284
3573,348.936202
3574,348.56078
3575,347.416125
3576,346.974197
3577,346.760821
3578,346.627955
3579,346.528422
3580,346.446557
3581,346.377099
3582,346.319608
3583,346.279774
3584,345.539441
3585,345.567701
3586,345.605179
3587,345.646128
3588,345.688918
3589,345.733219
3590,345.779135
3591,345.82695
3592,345.877047
3593,345.929903
3594,345.986093
3595,346.046321
3596,346.111462
3597,346.182666
3598,346.261597
3599,346.351168
3600,346.45779
3601,346.598658
3602,346.825461
3603,347.301553
3604,348.551295
3605,348.769208
3606,348.896545
3607,349.021231
3608,349.141936
3609,349.248942
3610,349.341467
3611,349.420908
3612,349.48895
3613,349.547092
3614,349.596565
3615,349.638354
3616,349.673231
3617,349.701796
3618,349.724498
3619,349.741662
3620,349.753498
3621,349.760115
3622,349.761528
3623,349.757655
3624,349.748318
3625,349.733233
3626,349.712006
3627,349.684108
3628,349.648862
3629,349.605403
3630,349.552651
3631,349.489271
3632,349.413669
3633,349.324147
3634,349.21963
3635,349.10246
3636,348.988257
3637,348.853941
3638,348.481724
3639,347.353142
3640,346.923666
3641,346.719327
3642,346.592953
3643,346.49821
3644,346.41997
3645,346.353275
3646,346.297819
3647,346.259239
3648,345.539374
3649,345.567469
3650,345.604619
3651,345.64508
3652,345.687226
3653,345.730728
3654,345.77569
3655,345.822384
3656,345.871177
3657,345.922514
3658,345.976929
3659,346.035062
3660,346.097701
3661,346.165866
3662,346.241026
3663,346.325761
3664,346.425862
3665,346.557299
3666,346.769625
3667,347.225029
3668,348.462783
3669,348.685714
3670,348.806325
3671,348.923136
3672,349.036506
3673,349.137481
3674,349.22521
3675,349.300857
3676,349.365889
3677,349.421629
3678,349.469173
3679,349.509408
3680,349.54303
3681,349.570584
3682,349.592482
3683,349.60902
3684,349.620392
3685,349.626699
3686,349.627955
3687,349.624085
3688,349.614923
3689,349.600213
3690,349.579591
3691,349.552577
3692,349.518555
3693,349.476747
3694,349.426184
3695,349.365678
3696,349.29383
3697,349.209169
3698,349.110832
3699,349.001077
3700,348.89412
3701,348.762883
3702,348.380452
3703,347.269873
3704,346.862241
3705,346.67189
3706,346.554209
3707,346.465285
3708,346.391222
3709,346.327625
3710,346.274418
3711,346.237212
3712,345.539403
3713,345.567301
3714,345.60406
3715,345.643943
3716,345.685337
3717,345.727919
3718,345.771794
3719,345.817227
3720,345.864566
3721,345.914229
3722,345.966701
3723,346.022558
3724,346.082491
3725,346.147371
3726,346.218425
3727,346.297756
3728,346.390046
3729,346.50832
3730,346.694209
3731,347.092191
3732,348.238404
3733,348.584762
3734,348.705888
3735,348.815984
3736,348.922781
3737,349.018459
3738,349.102056
3739,349.174478
3740,349.236973
3741,349.290699
3742,349.336635
3743,349.375578
3744,349.408163
3745,349.434888
3746,349.456131
3747,349.472167
3748,349.483176
3749,349.489252
3750,349.490407
3751,349.486571
3752,349.477592
3753,349.46323
3754,349.443151
3755,349.416914
3756,349.383954
3757,349.343566
3758,349.294879
3759,349.23684
3760,349.168228
3761,349.087813
3762,348.994979
3763,348.891906
3764,348.790529
3765,348.638883
3766,348.107975
3767,347.130212
3768,346.782922
3769,346.617873
3770,346.512232
3771,346.43024
3772,346.360818
3773,346.300566
3774,346.249761
3775,346.214015
3776,345.539713
3777,345.567378
3778,345.60367
3779,345.642875
3780,345.683398
3781,345.724932
3782,345.767588
3783,345.811626
3784,345.857381
3785,345.905239
3786,345.955642
3787,346.009098
3788,346.066199
3789,346.127666
3790,346.194454
3791,346.268081
3792,346.351623
3793,346.452791
3794,346.593082
3795,346.832528
3796,347.31887
3797,348.246488
3798,348.489941
3799,348.605485
3800,348.710302
3801,348.804021
3802,348.88605
3803,348.95724
3804,349.018762
3805,349.071716
3806,349.117034
3807,349.15548
3808,349.187666
3809,349.214073
3810,349.235067
3811,349.250914
3812,349.26179
3813,349.267786
3814,349.268912
3815,349.265102
3816,349.256208
3817,349.241996
3818,349.222142
3819,349.196218
3820,349.163682
3821,349.123852
3822,349.075897
3823,349.018812
3824,348.951444
3825,348.872639
3826,348.781806
3827,348.68023
3828,348.56301
3829,348.132923
3830,347.319523
3831,346.895442
3832,346.684129
3833,346.558872
3834,346.468286
3835,346.393947
3836,346.329391
3837,346.272594
3838,346.224264
3839,346.190023
3840,345.54052
3841,345.567902
3842,345.603636
3843,345.642042
3844,345.681562
3845,345.721915
3846,345.763223
3847,345.805747
3848,345.849807
3849,345.895763
3850,345.944014
3851,345.995008
3852,346.049246
3853,346.107305
3854,346.169896
3855,346.238014
3856,346.313384
3857,346.399669
3858,346.505393
3859,346.649345
3860,346.862645
3861,347.148379
3862,347.309197
3863,347.416177
3864,347.505432
3865,347.584078
3866,347.653651
3867,347.714915
3868,347.768558
3869,347.815227
3870,347.855506
3871,347.889899
3872,347.91883
3873,347.942645
3874,347.961612
3875,347.975933
3876,347.98574
3877,347.991103
3878,347.99203
3879,347.988469
3880,347.980304
3881,347.967356
3882,347.949382
3883,347.926066
3884,347.897019
3885,347.861777
3886,347.819794
3887,347.770454
3888,347.713086
3889,347.646991
3890,347.571321
3891,347.483796
3892,347.372634
3893,347.182331
3894,346.918849
3895,346.727121
3896,346.597684
3897,346.502392
3898,346.424814
3899,346.357587
3900,346.297715
3901,346.244306
3902,346.198433
3903,346.165701
3904,345.542046
3905,345.569077
3906,345.604135
3907,345.641606
3908,345.679988
3909,345.719035
3910,345.758886
3911,345.799805
3912,345.842098
3913,345.886105
3914,345.932189
3915,345.980742
3916,346.032189
3917,346.086994
3918,346.145674
3919,346.208856
3920,346.277417
3921,346.352852
3922,346.437962
3923,346.537552
3924,346.656567
3925,346.788384
3926,346.895068
3927,346.983095
3928,347.060349
3929,347.129561
3930,347.191557
3931,347.246748
3932,347.295517
3933,347.338259
3934,347.37536
3935,347.407179
3936,347.434032
3937,347.456186
3938,347.473855
3939,347.487201
3940,347.496333
3941,347.501307
3942,347.502131
3943,347.498759
3944,347.491096
3945,347.478994
3946,347.462255
3947,347.440628
3948,347.413816
3949,347.381472
3950,347.343216
3951,347.298647
3952,347.24737
3953,347.189008
3954,347.123106
3955,347.04855
3956,346.96155
3957,346.852982
3958,346.729076
3959,346.619829
3960,346.529046
3961,346.451797
3962,346.383744
3963,346.322451
3964,346.266778
3965,346.216526
3966,346.173002
3967,346.14174
3968,345.544399
3969,345.570991
3970,345.60525
3971,345.64167
3972,345.678824
3973,345.716506
3974,345.754873
3975,345.794187
3976,345.83475
3977,345.876878
3978,345.920906
3979,345.967187
3980,346.016088
3981,346.067991
3982,346.123286
3983,346.182378
3984,346.245704
3985,346.313798
3986,346.387373
3987,346.467225
3988,346.553291
3989,346.641947
3990,346.72439
3991,346.799564
3992,346.868302
3993,346.930997
3994,346.987763
3995,347.038704
3996,347.084003
3997,347.1239
3998,347.158665
3999,347.188568
4000,347.213859
4001,347.234756
4002,347.251439
4003,347.264045
4004,347.272668
4005,347.277357
4006,347.278116
4007,347.274906
4008,347.267644
4009,347.256203
4010,347.240413
4011,347.220064
4012,347.194913
4013,347.164688
4014,347.129108
4015,347.0879
4016,347.040837
4017,346.987766
4018,346.928609
4019,346.863241
4020,346.791194
4021,346.711903
4022,346.628669
4023,346.549055
4024,346.475816
4025,346.4088
4026,346.347242
4027,346.290532
4028,346.238352
4029,346.190854
4030,346.149451
4031,346.119553
4032,345.547077
4033,345.573187
4034,345.606658
4035,345.642115
4036,345.678197
4037,345.714726
4038,345.751868
4039,345.789886
4040,345.82907
4041,345.869726
4042,345.91217
4043,345.95673
4044,346.00374
4045,346.053537
4046,346.106446
4047,346.162769
4048,346.222763
4049,346.286619
4050,346.354414
4051,346.425963
4052,346.500416
4053,346.57562
4054,346.648302
4055,346.716885
4056,346.780751
4057,346.839563
4058,346.89313
4059,346.94141
4060,346.984485
4061,347.022522
4062,347.055734
4063,347.084344
4064,347.108569
4065,347.128602
4066,347.144603
4067,347.156697
4068,347.164969
4069,347.169463
4070,347.170183
4071,347.167094
4072,347.160118
4073,347.14914
4074,347.134004
4075,347.114525
4076,347.090487
4077,347.061657
4078,347.027801
4079,346.988713
4080,346.944244
4081,346.894352
4082,346.839136
4083,346.778856
4084,346.71395
4085,346.645278
4086,346.57494
4087,346.505978
4088,346.440235
4089,346.378404
4090,346.320623
4091,346.266848
4092,346.217053
4093,346.171526
4094,346.131707
4095,346.102879
4096,345.056323
4097,345.070569
4098,345.085193
4099,345.100246
4100,345.115788
4101,345.131888
4102,345.148633
4103,345.166127
4104,345.184503
4105,345.203923
4106,345.224586
4107,345.24674
4108,345.270688
4109,345.296809
4110,345.325567
4111,345.357542
4112,345.393453
4113,345.434194
4114,345.480877
4115,345.534869
4116,345.597771
4117,345.671199
4118,345.737978
4119,345.792003
4120,345.835902
4121,345.871302
4122,345.899302
4123,345.920656
4124,345.935855
4125,345.94516
4126,345.948623
4127,345.946093
4128,345.937202
4129,345.921348
4130,345.897643
4131,345.864823
4132,345.821029
4133,345.763231
4134,345.707639
4135,345.661617
4136,345.623635
4137,345.59218
4138,345.565963
4139,345.543933
4140,345.52524
4141,345.509201
4142,345.495269
4143,345.483003
4144,345.472052
4145,345.462136
4146,345.453038
4147,345.444587
4148,345.436658
4149,345.429161
4150,345.422039
4151,345.415263
4152,345.408832
4153,345.402769
4154,345.397129
4155,345.391995
4156,345.387492
4157,345.383797
4158,345.381176
4159,345.380055
4160,345.068742
4161,345.083736
4162,345.099139
4163,345.115
4164,345.131376
4165,345.148338
4166,345.165976
4167,345.184399
4168,345.203746
4169,345.224186
4170,345.245927
4171,345.269228
4172,345.294407
4173,345.321856
4174,345.352063
4175,345.38563
4176,345.423302
4177,345.466006
4178,345.514882
4179,345.571313
4180,345.63687
4181,345.712989
4182,345.782333
4183,345.838667
4184,345.884545
4185,345.921593
4186,345.950932
4187,345.973335
4188,345.989309
4189,345.999123
4190,346.002833
4191,346.000279
4192,345.991083
4193,345.974623
4194,345.94999
4195,345.915904
4196,345.870524
4197,345.810963
4198,345.753508
4199,345.705712
4200,345.666166
4201,345.633368
4202,345.606007
4203,345.583
4204,345.563468
4205,345.5467
4206,345.532123
4207,345.519279
4208,345.507799
4209,345.497391
4210,345.487827
4211,345.478929
4212,345.470564
4213,345.462639
4214,345.455094
4215,345.447896
4216,345.441043
4217,345.434559
4218,345.428495
4219,345.422931
4220,345.417981
4221,345.413802
4222,345.410601
4223,345.408644
4224,345.08112
4225,345.096838
4226,345.112995
4227,345.129635
4228,345.146813
4229,345.164602
4230,345.183093
4231,345.2024
4232,345.222664
4233,345.24406
4234,345.266805
4235,345.291163
4236,345.317465
4237,345.346116
4238,345.377615
4239,345.412582
4240,345.451781
4241,345.496151
4242,345.546842
4243,345.605228
4244,345.672835
4245,345.750976
4246,345.822257
4247,345.880388
4248,345.927864
4249,345.966288
4250,345.996777
4251,346.020113
4252,346.036806
4253,346.04713
4254,346.051143
4255,346.048681
4256,346.03936
4257,346.022551
4258,345.997339
4259,345.962453
4260,345.91609
4261,345.855456
4262,345.796839
4263,345.747878
4264,345.707256
4265,345.673505
4266,345.645313
4267,345.621584
4268,345.60142
4269,345.58409
4270,345.569006
4271,345.555693
4272,345.54377
4273,345.532933
4274,345.522946
4275,345.513625
4276,345.504831
4277,345.496467
4278,345.488469
4279,345.480804
4280,345.473466
4281,345.466476
4282,345.459879
4283,345.453747
4284,345.448177
4285,345.443292
4286,345.439238
4287,345.436168
4288,345.09342
4289,345.109848
4290,345.126737
4291,345.144129
4292,345.162079
4293,345.18066
4294,345.199964
4295,345.220107
4296,345.241233
4297,345.263521
4298,345.287192
4299,345.312518
4300,345.339835
4301,345.369556
4302,345.402193
4303,345.438372
4304,345.478869
4305,345.524628
4306,345.576802
4307,345.636747
4308,345.705954
4309,345.785674
4310,345.858464
4311,345.918011
4312,345.966775
4313,346.00634
4314,346.037813
4315,346.061976
4316,346.079339
4317,346.09018
4318,346.094555
4319,346.092299
4320,346.083025
4321,346.066103
4322,346.04062
4323,346.005317
4324,345.958421
4325,345.897185
4326,345.837901
4327,345.788256
4328,345.746983
4329,345.712638
4330,345.683917
4331,345.659717
4332,345.63913
4333,345.621413
4334,345.605964
4335,345.592295
4336,345.580018
4337,345.568819
4338,345.558454
4339,345.548734
4340,345.539517
4341,345.530703
4342,345.522224
4343,345.514045
4344,345.506159
4345,345.498582
4346,345.491352
4347,345.484531
4348,345.478197
4349,345.472443
4350,345.467372
4351,345.463073
4352,345.105617
4353,345.122741
4354,345.140342
4355,345.158462
4356,345.177155
4357,345.196494
4358,345.216571
4359,345.237502
4360,345.259435
4361,345.28255
4362,345.307069
4363,345.33327
4364,345.361493
4365,345.392156
4366,345.425775
4367,345.462984
4368,345.504561
4369,345.551456
4370,345.604814
4371,345.665985
4372,345.736434
4373,345.817381
4374,345.891344
4375,345.951999
4376,346.001791
4377,346.042292
4378,346.074601
4379,346.099495
4380,346.117487
4381,346.128853
4382,346.133648
4383,346.13171
4384,346.122648
4385,346.105831
4386,346.080353
4387,346.044964
4388,345.997907
4389,345.936457
4390,345.876916
4391,345.826992
4392,345.785443
4393,345.750838
4394,345.721879
4395,345.697458
4396,345.67666
4397,345.658733
4398,345.643066
4399,345.629162
4400,345.616622
4401,345.60513
4402,345.594434
4403,345.584343
4404,345.57471
4405,345.565434
4406,345.556445
4407,345.547708
4408,345.539211
4409,345.530969
4410,345.523014
4411,345.515396
4412,345.508182
4413,345.501441
4414,345.495247
4415,345.489658
4416,345.117691
4417,345.135498
4418,345.153794
4419,345.172618
4420,345.192026
4421,345.212089
4422,345.232898
4423,345.254572
4424,345.277255
4425,345.30113
4426,345.326422
4427,345.353406
4428,345.382426
4429,345.413901
4430,345.448351
4431,345.486412
4432,345.528862
4433,345.576652
4434,345.630927
4435,345.693026
4436,345.764408
4437,345.846275
4438,345.92112
4439,345.982618
4440,346.03321
4441,346.074462
4442,346.10747
4443,346.13301
4444,346.151592
4445,346.163494
4446,346.16877
4447,346.167257
4448,346.158566
4449,346.142065
4450,346.116849
4451,346.081672
4452,346.034786
4453,345.973478
4454,345.914051
4455,345.864217
4456,345.822741
4457,345.788197
4458,345.759285
4459,345.734895
4460,345.714103
4461,345.69615
4462,345.680416
4463,345.666401
4464,345.653697
4465,345.641984
4466,345.631007
4467,345.620572
4468,345.610531
4469,345.60078
4470,345.591252
4471,345.581909
4472,345.57274
4473,345.563757
4474,345.55499
4475,345.546483
4476,345.53829
4477,345.53047
4478,345.523077
4479,345.516156
4480,345.129629
4481,345.148107
4482,345.167079
4483,345.186586
4484,345.206681
4485,345.227434
4486,345.248938
4487,345.271307
4488,345.294686
4489,345.319257
4490,345.345242
4491,345.372919
4492,345.402627
4493,345.434788
4494,345.469919
4495,345.508655
4496,345.551776
4497,345.600232
4498,345.655167
4499,345.717919
4500,345.789945
4501,345.872445
4502,345.947902
4503,346.009996
4504,346.061175
4505,346.103006
4506,346.136584
4507,346.162686
4508,346.181823
4509,346.194274
4510,346.200093
4511,346.199116
4512,346.190954
4513,346.174974
4514,346.15027
4515,346.115595
4516,346.069202
4517,346.008381
4518,345.949428
4519,345.900043
4520,345.858984
4521,345.824821
4522,345.796246
4523,345.772143
4524,345.751581
4525,345.733794
4526,345.718156
4527,345.70416
4528,345.691396
4529,345.679538
4530,345.668332
4531,345.65758
4532,345.647137
4533,345.636898
4534,345.626798
4535,345.616801
4536,345.606897
4537,345.597098
4538,345.587434
4539,345.577948
4540,345.568689
4541,345.559709
4542,345.551055
4543,345.542762
4544,345.141422
4545,345.160558
4546,345.18019
4547,345.200358
4548,345.221114
4549,345.242526
4550,345.264685
4551,345.287704
4552,345.311726
4553,345.336928
4554,345.363532
4555,345.39181
4556,345.4221
4557,345.454819
4558,345.49048
4559,345.529718
4560,345.573308
4561,345.622201
4562,345.677541
4563,345.740672
4564,345.813055
4565,345.895902
4566,345.9717
4567,346.034146
4568,346.0857
4569,346.127937
4570,346.161957
4571,346.188539
4572,346.208198
4573,346.221213
4574,346.227639
4575,346.227311
4576,346.219841
4577,346.204593
4578,346.180657
4579,346.146781
4580,346.10121
4581,346.041233
4582,345.983128
4583,345.934562
4584,345.894277
4585,345.860827
4586,345.832894
4587,345.80935
4588,345.789256
4589,345.77184
4590,345.756469
4591,345.742631
4592,345.729916
4593,345.717995
4594,345.706613
4595,345.695573
4596,345.684732
4597,345.673988
4598,345.663279
4599,345.652573
4600,345.641865
4601,345.631171
4602,345.620524
4603,345.60997
4604,345.599558
4605,345.58934
4606,345.579362
4607,345.569659
4608,345.153065
4609,345.172847
4610,345.193123
4611,345.213931
4612,345.235323
4613,345.257363
4614,345.280141
4615,345.303766
4616,345.328378
4617,345.354149
4618,345.381297
4619,345.410088
4620,345.440853
4621,345.474003
4622,345.510046
4623,345.549607
4624,345.593461
4625,345.642554
4626,345.698035
4627,345.761255
4628,345.833692
4629,345.916578
4630,345.992428
4631,346.054966
4632,346.106672
4633,346.149133
4634,346.183461
4635,346.210439
4636,346.230586
4637,346.244181
4638,346.251281
4639,346.251724
4640,346.245117
4641,346.230825
4642,346.207932
4643,346.175173
4644,346.130783
4645,346.072042
4646,346.01519
4647,345.967847
4648,345.928724
4649,345.89635
4650,345.869388
4651,345.846698
4652,345.82733
4653,345.810505
4654,345.795587
4655,345.782059
4656,345.76951
4657,345.757611
4658,345.746108
4659,345.734808
4660,345.72357
4661,345.712299
4662,345.700937
4663,345.689459
4664,345.677868
4665,345.666189
4666,345.654464
4667,345.642744
4668,345.631087
4669,345.619549
4670,345.608181
4671,345.59702
4672,345.164556
4673,345.184972
4674,345.205877
4675,345.227306
4676,345.249309
4677,345.271949
4678,345.295311
4679,345.319501
4680,345.344652
4681,345.370934
4682,345.398553
4683,345.42777
4684,345.458906
4685,345.492361
4686,345.528633
4687,345.568337
4688,345.612238
4689,345.66128
4690,345.716613
4691,345.779603
4692,345.851752
4693,345.934328
4694,346.009903
4695,346.072239
4696,346.123845
4697,346.166331
4698,346.200819
4699,346.228102
4700,346.248699
4701,346.262892
4702,346.27074
4703,346.272081
4704,346.266526
4705,346.253437
4706,346.23189
4707,346.20061
4708,346.157807
4709,346.100748
4710,346.045619
4711,345.99996
4712,345.962437
4713,345.931545
4714,345.905923
4715,345.884413
4716,345.866056
4717,345.850066
4718,345.835803
4719,345.822749
4720,345.810492
4721,345.798706
4722,345.78714
4723,345.775605
4724,345.763967
4725,345.752137
4726,345.740066
4727,345.727741
4728,345.715174
4729,345.702406
4730,345.689489
4731,345.676491
4732,345.663483
4733,345.65053
4734,345.637694
4735,345.625017
4736,345.175896
4737,345.196935
4738,345.218453
4739,345.240486
4740,345.263078
4741,345.286291
4742,345.310205
4743,345.33492
4744,345.360566
4745,345.3873
4746,345.415323
4747,345.444882
4748,345.476287
4749,345.509923
4750,345.54627
4751,345.585929
4752,345.62965
4753,345.678366
4754,345.733228
4755,345.795617
4756,345.867073
4757,345.948921
4758,346.023826
4759,346.08561
4760,346.136824
4761,346.179105
4762,346.21359
4763,346.241075
4764,346.262081
4765,346.276891
4766,346.285565
4767,346.287946
4768,346.283648
4769,346.272037
4770,346.252185
4771,346.222801
4772,346.182069
4773,346.12723
4774,346.07438
4775,346.030952
4776,345.995541
4777,345.9666
4778,345.942736
4779,345.922776
4780,345.90575
4781,345.890866
4782,345.877483
4783,345.865082
4784,345.853255
4785,345.84168
4786,345.830109
4787,345.818363
4788,345.806313
4789,345.793881
4790,345.781031
4791,345.767762
4792,345.754104
4793,345.740116
4794,345.725872
4795,345.711459
4796,345.69697
4797,345.682489
4798,345.66809
4799,345.653827
4800,345.187089
4801,345.208741
4802,345.230859
4803,345.253477
4804,345.276638
4805,345.3004
4806,345.324836
4807,345.350043
4808,345.376139
4809,345.403274
4810,345.431637
4811,345.461461
4812,345.493038
4813,345.526733
4814,345.563004
4815,345.602425
4816,345.645723
4817,345.69381
4818,345.747829
4819,345.809175
4820,345.879436
4821,345.960028
4822,346.033765
4823,346.094564
4824,346.145036
4825,346.186846
4826,346.221142
4827,346.248717
4828,346.270087
4829,346.285532
4830,346.295116
4831,346.298687
4832,346.295874
4833,346.286051
4834,346.268296
4835,346.241309
4836,346.20324
4837,346.151286
4838,346.10141
4839,346.060878
4840,346.028194
4841,346.001752
4842,345.98013
4843,345.96214
4844,345.946806
4845,345.933334
4846,345.921081
4847,345.909534
4848,345.898287
4849,345.887025
4850,345.87551
4851,345.863569
4852,345.851086
4853,345.837995
4854,345.824273
4855,345.809938
4856,345.795043
4857,345.779671
4858,345.763926
4859,345.747927
4860,345.731794
4861,345.715642
4862,345.699564
4863,345.683629
4864,345.198142
4865,345.220396
4866,345.243102
4867,345.266291
4868,345.290003
4869,345.314291
4870,345.339224
4871,345.36489
4872,345.391399
4873,345.41889
4874,345.447536
4875,345.477554
4876,345.509213
4877,345.542852
4878,345.578899
4879,345.617891
4880,345.660513
4881,345.707641
4882,345.760388
4883,345.820149
4884,345.888569
4885,345.967205
4886,346.039116
4887,346.098382
4888,346.147686
4889,346.188717
4890,346.222617
4891,346.25016
4892,346.271846
4893,346.287947
4894,346.298527
4895,346.30345
4896,346.302364
4897,346.294674
4898,346.279484
4899,346.255498
4900,346.220839
4901,346.172633
4902,346.126622
4903,346.089821
4904,346.060604
4905,346.037307
4906,346.018487
4907,346.00295
4908,345.989719
4909,345.978003
4910,345.967162
4911,345.95669
4912,345.946189
4913,345.935352
4914,345.923952
4915,345.911828
4916,345.898877
4917,345.885047
4918,345.870334
4919,345.854777
4920,345.838456
4921,345.821489
4922,345.80402
4923,345.786211
4924,345.768228
4925,345.750221
4926,345.732317
4927,345.714603
4928,345.209061
4929,345.231908
4930,345.25519
4931,345.278938
4932,345.303185
4933,345.327982
4934,345.35339
4935,345.379489
4936,345.406379
4937,345.434187
4938,345.463068
4939,345.493218
4940,345.524881
4941,345.558364
4942,345.594051
4943,345.63243
4944,345.674126
4945,345.719944
4946,345.770931
4947,345.828443
4948,345.894165
4949,345.969859
4950,346.03904
4951,346.096061
4952,346.143687
4953,346.183596
4954,346.216881
4955,346.244269
4956,346.266224
4957,346.283001
4958,346.294666
4959,346.301103
4960,346.301999
4961,346.296814
4962,346.284715
4963,346.264462
4964,346.234178
4965,346.190889
4966,346.149935
4967,346.117924
4968,346.093072
4969,346.073675
4970,346.0583
4971,346.045766
4972,346.035107
4973,346.025539
4974,346.01643
4975,346.00728
4976,345.997705
4977,345.987411
4978,345.976186
4979,345.963883
4980,345.950413
4981,345.935741
4982,345.919881
4983,345.902899
4984,345.884909
4985,345.86607
4986,345.846584
4987,345.826674
4988,345.806566
4989,345.78647
4990,345.766551
4991,345.746926
4992,345.219856
4993,345.243287
4994,345.267137
4995,345.291432
4996,345.316202
4997,345.341493
4998,345.367358
4999,345.39387
5000,345.421117
5001,345.44921
5002,345.478288
5003,345.508523
5004,345.540129
5005,345.573373
5006,345.608588
5007,345.646197
5008,345.686738
5009,345.730905
5010,345.779612
5011,345.83408
5012,345.895939
5013,345.967195
5014,346.03232
5015,346.086178
5016,346.131547
5017,346.169979
5018,346.20244
5019,346.229562
5020,346.251749
5021,346.269226
5022,346.282062
5023,346.290168
5024,346.293292
5025,346.290987
5026,346.282547
5027,346.266883
5028,346.242243
5029,346.205574
5030,346.171348
5031,346.145473
5032,346.126041
5033,346.111404
5034,346.100199
5035,346.091295
5036,346.083745
5037,346.076773
5038,346.069755
5039,346.062206
5040,346.053756
5041,346.044131
5042,346.033139
5043,346.020649
5044,346.00659
5045,345.990942
5046,345.973739
5047,345.955072
5048,345.935094
5049,345.914021
5050,345.892127
5051,345.869724
5052,345.847131
5053,345.824635
5054,345.802462
5055,345.780763
5056,345.230536
5057,345.254545
5058,345.278955
5059,345.303788
5060,345.329072
5061,345.354845
5062,345.381156
5063,345.408066
5064,345.435652
5065,345.464011
5066,345.493261
5067,345.523549
5068,345.555056
5069,345.588005
5070,345.622671
5071,345.659398
5072,345.698612
5073,345.740853
5074,345.786809
5075,345.837383
5076,345.893825
5077,345.958051
5078,346.017038
5079,346.066626
5080,346.109165
5081,346.145814
5082,346.177287
5083,346.204065
5084,346.226465
5085,346.244674
5086,346.258761
5087,346.268676
5088,346.274248
5089,346.275163
5090,346.270925
5091,346.260769
5092,346.243406
5093,346.216144
5094,346.191128
5095,346.17303
5096,346.160175
5097,346.151218
5098,346.144984
5099,346.14042
5100,346.136597
5101,346.132737
5102,346.128223
5103,346.122584
5104,346.115476
5105,346.106655
5106,346.09595
5107,346.083256
5108,346.068515
5109,346.051723
5110,346.03293
5111,346.012248
5112,345.989871
5113,345.966082
5114,345.941254
5115,345.91583
5116,345.890262
5117,345.864957
5118,345.840222
5119,345.816248
5120,345.241112
5121,345.265693
5122,345.290657
5123,345.316022
5124,345.341813
5125,345.368062
5126,345.394811
5127,345.422111
5128,345.450029
5129,345.478643
5130,345.508054
5131,345.538382
5132,345.569772
5133,345.602403
5134,345.636489
5135,345.672287
5136,345.710102
5137,345.75029
5138,345.793244
5139,345.839337
5140,345.8887
5141,345.940429
5142,345.989708
5143,346.034055
5144,346.073408
5145,346.108109
5146,346.138514
5147,346.164917
5148,346.187542
5149,346.206532
5150,346.221957
5151,346.233814
5152,346.242024
5153,346.246434
5154,346.24682
5155,346.242917
5156,346.234556
5157,346.222274
5158,346.210371
5159,346.201672
5160,346.196418
5161,346.194032
5162,346.193634
5163,346.194233
5164,346.194866
5165,346.194722
5166,346.193181
5167,346.189798
5168,346.184267
5169,346.176386
5170,346.166021
5171,346.15309
5172,346.137554
5173,346.119416
5174,346.09873
5175,346.075621
5176,346.050315
5177,346.023169
5178,345.99469
5179,345.965512
5180,345.936307
5181,345.90765
5182,345.879955
5183,345.853463
5184,345.251595
5185,345.276743
5186,345.302256
5187,345.328149
5188,345.354444
5189,345.381167
5190,345.408352
5191,345.436042
5192,345.46429
5193,345.493162
5194,345.522737
5195,345.553109
5196,345.584391
5197,345.616718
5198,345.650243
5199,345.685143
5200,345.72161
5201,345.759839
5202,345.799985
5203,345.842077
5204,345.885818
5205,345.930195
5206,345.973084
5207,346.013006
5208,346.04944
5209,346.082316
5210,346.111727
5211,346.137811
5212,346.160703
5213,346.180511
5214,346.197311
5215,346.211144
5216,346.222022
5217,346.229943
5218,346.234918
5219,346.237036
5220,346.236626
5221,346.234593
5222,346.232913
5223,346.233186
5224,346.235927
5225,346.240884
5226,346.247293
5227,346.25406
5228,346.260046
5229,346.264337
5230,346.266306
5231,346.265556
5232,346.261849
5233,346.255044
5234,346.245061
5235,346.231851
5236,346.215387
5237,346.19567
5238,346.172737
5239,346.146701
5240,346.117793
5241,346.086436
5242,346.053307
5243,346.019345
5244,345.985583
5245,345.952854
5246,345.921701
5247,345.892401
5248,345.261995
5249,345.287707
5250,345.313766
5251,345.340187
5252,345.366986
5253,345.394183
5254,345.421808
5255,345.449893
5256,345.478481
5257,345.507622
5258,345.537377
5259,345.567817
5260,345.599024
5261,345.631092
5262,345.664122
5263,345.698225
5264,345.7335
5265,345.770026
5266,345.807812
5267,345.846734
5268,345.886419
5269,345.926115
5270,345.964715
5271,346.001307
5272,346.035388
5273,346.066749
5274,346.095349
5275,346.121226
5276,346.144455
5277,346.16512
5278,346.183305
5279,346.199095
5280,346.212581
5281,346.223883
5282,346.233175
5283,346.240752
5284,346.24712
5285,346.253117
5286,346.259928
5287,346.268587
5288,346.279576
5289,346.292735
5290,346.307214
5291,346.321518
5292,346.334013
5293,346.343602
5294,346.34968
5295,346.351957
5296,346.350313
5297,346.344711
5298,346.335142
5299,346.321597
5300,346.30406
5301,346.282512
5302,346.256943
5303,346.227401
5304,346.194063
5305,346.157363
5306,346.118168
5307,346.077916
5308,346.038317
5309,346.000578
5310,345.965356
5311,345.932918
5312,345.272322
5313,345.298596
5314,345.325201
5315,345.352149
5316,345.379454
5317,345.407133
5318,345.435205
5319,345.463697
5320,345.492641
5321,345.522074
5322,345.552039
5323,345.582587
5324,345.613772
5325,345.645654
5326,345.678294
5327,345.711747
5328,345.74605
5329,345.781206
5330,345.817152
5331,345.853715
5332,345.890561
5333,345.927166
5334,345.962871
5335,345.99709
5336,346.029423
5337,346.05965
5338,346.087677
5339,346.113495
5340,346.137147
5341,346.158705
5342,346.178267
5343,346.195957
5344,346.211932
5345,346.226401
5346,346.239655
5347,346.252105
5348,346.264336
5349,346.277134
5350,346.291441
5351,346.308129
5352,346.327747
5353,346.350268
5354,346.374695
5355,346.398599
5356,346.419142
5357,346.435032
5358,346.44584
5359,346.451514
5360,346.452143
5361,346.447841
5362,346.438697
5363,346.424754
5364,346.406001
5365,346.382375
5366,346.353779
5367,346.32012
5368,346.281398
5369,346.237893
5370,346.190566
5371,346.141713
5372,346.094498
5373,346.050584
5374,346.010605
5375,345.974687
5376,345.282586
5377,345.309419
5378,345.33657
5379,345.36405
5380,345.391867
5381,345.420035
5382,345.448569
5383,345.477486
5384,345.506809
5385,345.536564
5386,345.56678
5387,345.597488
5388,345.628722
5389,345.660513
5390,345.69289
5391,345.725869
5392,345.759446
5393,345.793581
5394,345.828181
5395,345.863071
5396,345.89798
5397,345.932538
5398,345.966316
5399,345.998921
5400,346.030052
5401,346.059519
5402,346.087224
5403,346.113143
5404,346.137306
5405,346.159788
5406,346.180705
5407,346.200213
5408,346.218523
5409,346.235915
5410,346.252761
5411,346.269557
5412,346.286951
5413,346.305757
5414,346.326923
5415,346.351432
5416,346.38015
5417,346.413543
5418,346.450873
5419,346.487863
5420,346.518426
5421,346.54164
5422,346.557707
5423,346.567052
5424,346.570085
5425,346.567127
5426,346.558393
5427,346.543984
5428,346.52389
5429,346.497984
5430,346.466035
5431,346.427716
5432,346.382659
5433,346.33061
5434,346.272042
5435,346.210759
5436,346.153581
5437,346.102226
5438,346.056842
5439,346.017156
5440,345.292793
5441,345.320185
5442,345.347885
5443,345.375901
5444,345.404239
5445,345.432909
5446,345.46192
5447,345.491285
5448,345.521018
5449,345.551133
5450,345.581649
5451,345.612582
5452,345.643946
5453,345.675754
5454,345.708008
5455,345.740699
5456,345.773798
5457,345.807243
5458,345.840932
5459,345.874708
5460,345.908353
5461,345.941598
5462,345.974148
5463,346.005728
5464,346.036117
5465,346.065162
5466,346.092781
5467,346.118954
5468,346.143714
5469,346.167145
5470,346.189382
5471,346.210611
5472,346.231088
5473,346.251148
5474,346.271228
5475,346.291895
5476,346.313872
5477,346.338055
5478,346.365523
5479,346.397536
5480,346.43553
5481,346.48111
5482,346.535864
5483,346.592794
5484,346.635312
5485,346.666471
5486,346.688012
5487,346.701094
5488,346.706531
5489,346.704885
5490,346.696509
5491,346.681567
5492,346.660043
5493,346.63174
5494,346.596264
5495,346.552994
5496,346.501008
5497,346.438901
5498,346.364218
5499,346.283468
5500,346.213969
5501,346.154287
5502,346.103139
5503,346.059554
5504,345.302951
5505,345.330902
5506,345.359153
5507,345.387712
5508,345.416582
5509,345.445769
5510,345.475279
5511,345.505118
5512,345.535295
5513,345.565816
5514,345.596688
5515,345.627916
5516,345.659502
5517,345.69144
5518,345.723717
5519,345.756307
5520,345.789165
5521,345.822221
5522,345.855373
5523,345.888483
5524,345.921378
5525,345.953855
5526,345.985701
5527,346.016717
5528,346.046739
5529,346.075653
5530,346.103397
5531,346.129964
5532,346.155397
5533,346.179794
5534,346.203308
5535,346.226153
5536,346.248621
5537,346.271092
5538,346.29406
5539,346.318157
5540,346.34418
5541,346.373129
5542,346.406246
5543,346.445064
5544,346.491507
5545,346.547997
5546,346.617507
5547,346.690495
5548,346.743586
5549,346.782009
5550,346.808602
5551,346.825127
5552,346.832757
5553,346.832272
5554,346.824154
5555,346.808623
5556,346.785661
5557,346.755003
5558,346.716105
5559,346.668079
5560,346.609537
5561,346.538212
5562,346.449919
5563,346.353142
5564,346.272554
5565,346.205038
5566,346.148352
5567,346.100984
5568,345.313063
5569,345.341574
5570,345.370381
5571,345.39949
5572,345.428905
5573,345.458627
5574,345.48866
5575,345.519005
5576,345.549664
5577,345.58064
5578,345.61193
5579,345.64353
5580,345.675432
5581,345.707618
5582,345.740065
5583,345.772735
5584,345.805573
5585,345.838508
5586,345.871442
5587,345.904256
5588,345.936806
5589,345.968936
5590,346.000483
5591,346.0313
5592,346.061266
5593,346.090296
5594,346.118349
5595,346.145432
5596,346.171604
5597,346.196975
5598,346.221715
5599,346.246065
5600,346.270346
5601,346.294976
5602,346.320495
5603,346.347591
5604,346.377132
5605,346.410212
5606,346.448205
5607,346.492839
5608,346.546291
5609,346.611244
5610,346.690643
5611,346.773523
5612,346.834512
5613,346.878845
5614,346.909703
5615,346.929171
5616,346.93866
5617,346.939115
5618,346.931117
5619,346.914939
5620,346.890559
5621,346.85766
5622,346.815589
5623,346.763277
5624,346.699074
5625,346.620392
5626,346.522886
5627,346.416108
5628,346.327092
5629,346.253015
5630,346.191435
5631,346.1406
5632,345.323131
5633,345.352203
5634,345.381571
5635,345.411241
5636,345.441215
5637,345.471492
5638,345.502073
5639,345.532958
5640,345.564143
5641,345.595627
5642,345.627401
5643,345.659454
5644,345.691769
5645,345.724324
5646,345.757084
5647,345.790006
5648,345.823031
5649,345.856086
5650,345.88908
5651,345.921905
5652,345.954442
5653,345.986562
5654,346.018138
5655,346.049056
5656,346.079224
5657,346.108579
5658,346.1371
5659,346.164809
5660,346.191773
5661,346.21812
5662,346.244034
5663,346.269776
5664,346.295692
5665,346.32223
5666,346.34997
5667,346.379643
5668,346.412176
5669,346.448733
5670,346.490779
5671,346.540149
5672,346.599119
5673,346.670388
5674,346.756663
5675,346.84622
5676,346.912905
5677,346.961745
5678,346.995963
5679,347.01777
5680,347.02871
5681,347.029833
5682,347.021792
5683,347.004896
5684,346.979129
5685,346.94414
5686,346.899211
5687,346.843179
5688,346.774285
5689,346.689883
5690,346.585753
5691,346.472005
5692,346.37667
5693,346.297333
5694,346.231622
5695,346.177726
5696,345.333156
5697,345.36279
5698,345.392725
5699,345.422966
5700,345.453514
5701,345.484368
5702,345.515526
5703,345.546987
5704,345.578745
5705,345.610792
5706,345.643119
5707,345.675708
5708,345.708539
5709,345.741581
5710,345.774797
5711,345.808138
5712,345.841543
5713,345.874938
5714,345.908237
5715,345.941342
5716,345.974148
5717,346.006543
5718,346.038424
5719,346.069696
5720,346.100287
5721,346.130152
5722,346.159282
5723,346.18771
5724,346.215515
5725,346.242835
5726,346.269868
5727,346.296889
5728,346.324265
5729,346.352468
5730,346.382104
5731,346.413942
5732,346.448948
5733,346.488335
5734,346.53362
5735,346.586687
5736,346.649833
5737,346.7257
5738,346.816791
5739,346.910954
5740,346.98165
5741,347.033746
5742,347.070425
5743,347.093932
5744,347.105871
5745,347.107353
5746,347.099079
5747,347.081387
5748,347.054265
5749,347.017352
5750,346.969898
5751,346.910701
5752,346.837985
5753,346.749133
5754,346.640058
5755,346.521178
5756,346.421051
5757,346.337554
5758,346.268433
5759,346.211894
5760,345.343135
5761,345.373333
5762,345.403841
5763,345.434664
5764,345.465803
5765,345.497256
5766,345.529022
5767,345.561098
5768,345.593475
5769,345.626146
5770,345.659097
5771,345.692309
5772,345.725758
5773,345.759409
5774,345.793222
5775,345.827145
5776,345.861114
5777,345.895057
5778,345.928889
5779,345.962516
5780,345.995841
5781,346.028764
5782,346.061192
5783,346.093044
5784,346.124258
5785,346.154799
5786,346.184667
5787,346.213902
5788,346.242593
5789,346.270881
5790,346.298978
5791,346.32717
5792,346.355835
5793,346.385465
5794,346.416685
5795,346.450287
5796,346.487264
5797,346.528857
5798,346.576612
5799,346.632427
5800,346.698587
5801,346.777673
5802,346.872046
5803,346.969303
5804,347.042684
5805,347.096958
5806,347.13526
5807,347.159832
5808,347.172301
5809,347.173813
5810,347.165098
5811,347.146514
5812,347.118062
5813,347.079377
5814,347.029706
5815,346.967843
5816,346.892025
5817,346.799688
5818,346.686842
5819,346.564082
5820,346.460281
5821,346.373507
5822,346.301604
5823,346.242816
5824,345.353062
5825,345.383826
5826,345.414913
5827,345.446329
5828,345.478077
5829,345.510154
5830,345.54256
5831,345.57529
5832,345.608338
5833,345.641694
5834,345.675344
5835,345.709269
5836,345.74344
5837,345.777824
5838,345.812376
5839,345.847043
5840,345.88176
5841,345.916452
5842,345.951033
5843,345.985413
5844,346.019494
5845,346.053181
5846,346.086384
5847,346.119027
5848,346.151053
5849,346.182429
5850,346.213161
5851,346.24329
5852,346.272909
5853,346.302166
5854,346.331277
5855,346.360535
5856,346.390327
5857,346.421156
5858,346.453657
5859,346.488638
5860,346.527105
5861,346.570314
5862,346.619821
5863,346.677525
5864,346.745693
5865,346.826854
5866,346.923282
5867,347.022427
5868,347.097401
5869,347.152916
5870,347.19207
5871,347.217092
5872,347.229621
5873,347.230817
5874,347.221434
5875,347.201845
5876,347.172063
5877,347.131735
5878,347.080112
5879,347.016003
5880,346.937668
5881,346.842593
5882,346.726848
5883,346.601127
5884,346.494504
5885,346.405162
5886,346.331015
5887,346.270338
5888,345.36293
5889,345.39426
5890,345.425933
5891,345.457955
5892,345.490328
5893,345.523054
5894,345.556132
5895,345.589559
5896,345.62333
5897,345.657436
5898,345.691863
5899,345.726592
5900,345.761596
5901,345.79684
5902,345.832279
5903,345.867856
5904,345.903505
5905,345.939149
5906,345.9747
5907,346.010061
5908,346.045134
5909,346.079819
5910,346.114025
5911,346.14767
5912,346.180696
5913,346.213069
5914,346.244792
5915,346.275906
5916,346.306504
5917,346.336736
5918,346.366817
5919,346.397046
5920,346.427812
5921,346.459621
5922,346.493116
5923,346.529107
5924,346.568606
5925,346.612873
5926,346.663463
5927,346.722271
5928,346.791546
5929,346.873789
5930,346.971225
5931,347.07123
5932,347.146846
5933,347.202757
5934,347.242039
5935,347.266916
5936,347.279029
5937,347.279553
5938,347.269254
5939,347.248522
5940,347.217385
5941,347.175504
5942,347.122145
5943,347.056137
5944,346.975766
5945,346.878549
5946,346.76059
5947,346.632632
5948,346.523871
5949,346.43255
5950,346.356626
5951,346.294389
5952,345.372727
5953,345.404625
5954,345.436888
5955,345.469527
5956,345.502545
5957,345.535945
5958,345.569729
5959,345.603896
5960,345.638444
5961,345.673366
5962,345.708651
5963,345.744282
5964,345.780234
5965,345.816471
5966,345.85295
5967,345.889612
5968,345.92639
5969,345.963199
5970,345.999948
5971,346.036532
5972,346.072844
5973,346.108774
5974,346.14422
5975,346.179091
5976,346.213318
5977,346.246861
5978,346.279715
5979,346.311917
5980,346.343555
5981,346.374777
5982,346.405797
5983,346.436912
5984,346.46851
5985,346.501096
5986,346.53531
5987,346.571959
5988,346.612052
5989,346.656844
5990,346.707882
5991,346.767055
5992,346.836604
5993,346.919016
5994,347.016503
5995,347.116425
5996,347.191803
5997,347.247312
5998,347.286024
5999,347.310164
6000,347.32138
6001,347.320856
6002,347.309369
6003,347.287327
6004,347.254774
6005,347.211391
6006,347.156466
6007,347.088847
6008,347.006842
6009,346.907986
6010,346.788391
6011,346.658811
6012,346.5485
6013,346.455721
6014,346.37844
6015,346.314953
6016,345.382439
6017,345.414904
6018,345.447765
6019,345.481032
6020,345.514711
6021,345.548811
6022,345.583334
6023,345.618286
6024,345.653666
6025,345.689474
6026,345.725702
6027,345.762337
6028,345.799357
6029,345.83673
6030,345.874414
6031,345.91235
6032,345.950466
6033,345.988675
6034,346.026873
6035,346.064945
6036,346.102767
6037,346.140214
6038,346.177164
6039,346.213509
6040,346.249163
6041,346.284071
6042,346.318216
6043,346.351625
6044,346.384381
6045,346.416624
6046,346.448566
6047,346.480495
6048,346.512798
6049,346.545971
6050,346.580645
6051,346.617616
6052,346.657881
6053,346.702682
6054,346.753553
6055,346.812374
6056,346.881381
6057,346.96307
6058,347.059673
6059,347.158586
6060,347.232856
6061,347.287168
6062,347.324606
6063,347.347405
6064,347.357221
6065,347.355245
6066,347.342268
6067,347.318713
6068,347.284646
6069,347.239771
6070,347.183404
6071,347.114416
6072,347.031133
6073,346.931094
6074,346.810397
6075,346.679767
6076,346.568459
6077,346.474714
6078,346.39648
6079,346.332044
6080,345.392049
6081,345.425082
6082,345.458543
6083,345.492448
6084,345.526807
6085,345.561631
6086,345.596928
6087,345.632708
6088,345.668979
6089,345.705744
6090,345.743002
6091,345.780749
6092,345.818966
6093,345.857629
6094,345.896698
6095,345.936114
6096,345.975804
6097,346.015672
6098,346.055603
6099,346.095464
6100,346.13511
6101,346.174388
6102,346.213148
6103,346.251255
6104,346.288597
6105,346.325097
6106,346.360721
6107,346.395484
6108,346.429457
6109,346.462772
6110,346.495634
6111,346.528325
6112,346.561221
6113,346.594806
6114,346.629697
6115,346.66667
6116,346.706699
6117,346.751003
6118,346.801094
6119,346.858836
6120,346.926468
6121,347.006507
6122,347.101242
6123,347.198168
6124,347.270413
6125,347.322691
6126,347.358116
6127,347.378938
6128,347.386819
6129,347.382954
6130,347.368144
6131,347.342829
6132,347.307101
6133,347.260699
6134,347.202972
6135,347.132825
6136,347.048601
6137,346.947833
6138,346.826577
6139,346.695491
6140,346.583759
6141,346.489556
6142,346.410784
6143,346.345702
6144,345.401537
6145,345.435135
6146,345.4692
6147,345.503753
6148,345.538807
6149,345.574379
6150,345.610483
6151,345.647137
6152,345.684355
6153,345.72215
6154,345.760532
6155,345.799503
6156,345.839057
6157,345.879176
6158,345.919826
6159,345.960954
6160,346.002483
6161,346.04431
6162,346.086305
6163,346.128311
6164,346.17015
6165,346.211632
6166,346.252568
6167,346.292781
6168,346.332124
6169,346.37049
6170,346.407821
6171,346.444115
6172,346.479431
6173,346.513894
6174,346.547697
6175,346.581116
6176,346.614512
6177,346.648354
6178,346.683236
6179,346.719906
6180,346.759304
6181,346.80261
6182,346.851299
6183,346.907206
6184,346.972564
6185,347.049931
6186,347.14169
6187,347.235523
6188,347.304712
6189,347.354036
6190,347.386647
6191,347.404808
6192,347.410175
6193,347.403939
6194,347.386903
6195,347.359526
6196,347.321932
6197,347.273909
6198,347.214859
6199,347.143737
6200,347.058913
6201,346.95791
6202,346.836715
6203,346.705859
6204,346.594361
6205,346.50027
6206,346.421408
6207,346.355999
6208,345.41088
6209,345.445039
6210,345.479711
6211,345.514918
6212,345.550682
6213,345.587024
6214,345.623968
6215,345.661539
6216,345.699762
6217,345.738662
6218,345.778262
6219,345.818576
6220,345.859614
6221,345.90137
6222,345.943821
6223,345.986921
6224,346.030595
6225,346.074731
6226,346.119182
6227,346.16376
6228,346.208243
6229,346.252388
6230,346.295948
6231,346.33869
6232,346.380416
6233,346.420979
6234,346.460293
6235,346.498337
6236,346.535156
6237,346.570867
6238,346.605657
6239,346.63979
6240,346.673616
6241,346.707581
6242,346.742251
6243,346.778335
6244,346.816723
6245,346.858536
6246,346.905186
6247,346.958453
6248,347.020541
6249,347.094045
6250,347.181496
6251,347.270892
6252,347.335811
6253,347.38113
6254,347.410042
6255,347.424796
6256,347.427021
6257,347.417878
6258,347.398163
6259,347.368349
6260,347.328608
6261,347.278793
6262,347.218395
6263,347.146451
6264,347.061394
6265,346.960744
6266,346.840389
6267,346.710637
6268,346.600194
6269,346.506895
6270,346.428454
6271,346.363059
6272,345.420052
6273,345.454766
6274,345.490044
6275,345.525912
6276,345.562397
6277,345.59953
6278,345.637342
6279,345.675872
6280,345.715157
6281,345.755237
6282,345.796151
6283,345.837933
6284,345.880612
6285,345.924201
6286,345.968695
6287,346.014063
6288,346.060234
6289,346.107094
6290,346.154475
6291,346.202148
6292,346.249835
6293,346.297217
6294,346.343963
6295,346.38976
6296,346.434341
6297,346.477508
6298,346.519142
6299,346.5592
6300,346.59772
6301,346.634812
6302,346.67066
6303,346.70552
6304,346.739728
6305,346.773707
6306,346.807989
6307,346.84323
6308,346.880256
6309,346.920099
6310,346.964071
6311,347.013841
6312,347.071532
6313,347.139735
6314,347.221167
6315,347.304382
6316,347.363528
6317,347.403624
6318,347.427858
6319,347.438408
6320,347.436813
6321,347.424171
6322,347.401247
6323,347.36853
6324,347.326248
6325,347.274359
6326,347.212487
6327,347.139821
6328,347.054922
6329,346.955365
6330,346.836922
6331,346.709505
6332,346.601209
6333,346.509544
6334,346.432113
6335,346.367094
6336,345.429022
6337,345.464286
6338,345.500167
6339,345.536698
6340,345.573914
6341,345.611853
6342,345.650561
6343,345.690087
6344,345.730487
6345,345.771819
6346,345.814144
6347,345.857522
6348,345.902005
6349,345.947638
6350,345.994442
6351,346.04241
6352,346.091489
6353,346.141565
6354,346.192452
6355,346.243874
6356,346.295474
6357,346.346824
6358,346.397473
6359,346.44699
6360,346.495016
6361,346.541287
6362,346.585648
6363,346.628039
6364,346.668497
6365,346.707134
6366,346.744137
6367,346.779761
6368,346.81433
6369,346.848244
6370,346.881994
6371,346.916178
6372,346.951532
6373,346.988972
6374,347.029653
6375,347.075056
6376,347.127096
6377,347.188224
6378,347.261301
6379,347.335872
6380,347.387334
6381,347.420811
6382,347.439325
6383,347.444838
6384,347.438711
6385,347.421918
6386,347.395165
6387,347.358948
6388,347.313577
6389,347.259155
6390,347.195518
6391,347.122107
6392,347.037748
6393,346.940231
6394,346.825293
6395,346.702118
6396,346.597486
6397,346.50849
6398,346.432718
6399,346.368447
6400,345.437761
6401,345.473564
6402,345.510043
6403,345.547236
6404,345.585187
6405,345.623945
6406,345.663569
6407,345.704126
6408,345.745689
6409,345.788341
6410,345.832171
6411,345.877269
6412,345.923726
6413,345.971623
6414,346.021026
6415,346.071966
6416,346.124423
6417,346.178301
6418,346.2334
6419,346.289394
6420,346.345818
6421,346.402089
6422,346.45757
6423,346.511659
6424,346.563867
6425,346.613855
6426,346.661429
6427,346.706529
6428,346.749202
6429,346.789577
6430,346.827859
6431,346.864307
6432,346.899243
6433,346.933046
6434,346.966163
6435,346.999126
6436,347.032566
6437,347.067252
6438,347.104127
6439,347.144369
6440,347.189485
6441,347.241425
6442,347.302736
6443,347.364777
6444,347.40615
6445,347.431519
6446,347.443283
6447,347.442945
6448,347.431554
6449,347.409892
6450,347.378566
6451,347.338074
6452,347.288827
6453,347.231138
6454,347.165153
6455,347.090711
6456,347.007128
6457,346.912782
6458,346.803919
6459,346.688357
6460,346.589474
6461,346.504303
6462,346.43082
6463,346.367623
6464,345.446232
6465,345.482564
6466,345.519631
6467,345.557482
6468,345.596168
6469,345.635752
6470,345.676308
6471,345.71792
6472,345.760687
6473,345.804719
6474,345.850139
6475,345.897078
6476,345.945673
6477,345.996062
6478,346.048367
6479,346.102685
6480,346.159053
6481,346.217421
6482,346.277598
6483,346.339208
6484,346.40165
6485,346.464106
6486,346.525647
6487,346.585407
6488,346.642722
6489,346.697165
6490,346.748526
6491,346.796764
6492,346.841963
6493,346.884295
6494,346.923997
6495,346.961353
6496,346.996687
6497,347.030364
6498,347.062794
6499,347.094436
6500,347.125813
6501,347.157527
6502,347.190267
6503,347.224823
6504,347.26206
6505,347.302773
6506,347.347092
6507,347.389325
6508,347.418051
6509,347.434035
6510,347.43817
6511,347.431219
6512,347.413803
6513,347.38644
6514,347.349604
6515,347.303777
6516,347.249495
6517,347.187358
6518,347.117954
6519,347.041686
6520,346.958603
6521,346.868308
6522,346.770012
6523,346.66923
6524,346.57846
6525,346.498022
6526,346.427226
6527,346.365296
6528,345.454402
6529,345.491246
6530,345.52889
6531,345.567388
6532,345.606804
6533,345.647214
6534,345.688707
6535,345.731392
6536,345.775393
6537,345.820853
6538,345.867936
6539,345.916822
6540,345.96771
6541,346.020808
6542,346.076322
6543,346.134443
6544,346.195309
6545,346.258959
6546,346.325262
6547,346.393819
6548,346.463866
6549,346.534232
6550,346.603489
6551,346.670351
6552,346.733921
6553,346.793697
6554,346.849495
6555,346.901341
6556,346.949401
6557,346.993922
6558,347.035198
6559,347.073557
6560,347.10934
6561,347.14291
6562,347.174644
6563,347.204937
6564,347.234209
6565,347.262898
6566,347.291451
6567,347.320289
6568,347.349703
6569,347.379598
6570,347.408863
6571,347.434039
6572,347.450482
6573,347.456897
6574,347.453031
6575,347.438963
6576,347.41487
6577,347.380974
6578,347.337565
6579,347.285075
6580,347.224175
6581,347.155843
6582,347.081298
6583,347.001679
6584,346.917816
6585,346.830333
6586,346.740247
6587,346.650821
6588,346.567233
6589,346.491184
6590,346.422933
6591,346.362233
6592,345.462233
6593,345.499572
6594,345.537776
6595,345.576907
6596,345.61704
6597,345.658266
6598,345.700693
6599,345.744455
6600,345.789704
6601,345.836624
6602,345.885424
6603,345.936343
6604,345.989655
6605,346.045656
6606,346.104667
6607,346.167011
6608,346.232984
6609,346.302792
6610,346.376455
6611,346.453642
6612,346.53344
6613,346.61415
6614,346.693413
6615,346.769241
6616,346.840461
6617,346.906573
6618,346.96751
6619,347.023451
6620,347.074706
6621,347.12164
6622,347.164644
6623,347.204104
6624,347.240402
6625,347.273908
6626,347.304978
6627,347.33396
6628,347.361184
6629,347.386953
6630,347.411521
6631,347.435042
6632,347.457463
6633,347.478335
6634,347.496513
6635,347.509893
6636,347.516073
6637,347.513673
6638,347.501985
6639,347.480638
6640,347.449425
6641,347.408248
6642,347.357149
6643,347.296426
6644,347.226831
6645,347.149817
6646,347.067588
6647,346.98228
6648,346.895408
6649,346.808051
6650,346.721373
6651,346.637271
6652,346.558109
6653,346.485159
6654,346.418845
6655,346.359131
6656,345.469688
6657,345.507501
6658,345.546243
6659,345.585985
6660,345.626816
6661,345.668839
6662,345.712186
6663,345.757014
6664,345.803511
6665,345.851899
6666,345.902443
6667,345.955449
6668,346.011276
6669,346.070333
6670,346.13308
6671,346.20002
6672,346.271675
6673,346.348532
6674,346.430925
6675,346.518799
6676,346.611269
6677,346.70593
6678,346.798461
6679,346.885646
6680,346.966134
6681,347.039645
6682,347.106416
6683,347.166907
6684,347.221655
6685,347.271201
6686,347.316061
6687,347.356714
6688,347.393593
6689,347.427093
6690,347.457566
6691,347.485324
6692,347.510633
6693,347.533698
6694,347.554641
6695,347.573451
6696,347.589911
6697,347.60349
6698,347.613227
6699,347.61772
6700,347.615444
6701,347.605198
6702,347.586109
6703,347.557515
6704,347.518873
6705,347.469729
6706,347.409759
6707,347.338934
6708,347.257874
6709,347.168516
6710,347.07492
6711,346.980793
6712,346.8882
6713,346.798192
6714,346.711528
6715,346.629112
6716,346.55195
6717,346.480682
6718,346.415541
6719,346.356473
6720,345.47673
6721,345.514992
6722,345.554246
6723,345.594573
6724,345.636072
6725,345.678864
6726,345.723102
6727,345.76897
6728,345.81669
6729,345.86653
6730,345.918812
6731,345.973918
6732,346.032301
6733,346.094496
6734,346.161131
6735,346.232933
6736,346.310724
6737,346.395402
6738,346.487849
6739,346.5887
6740,346.697699
6741,346.812038
6742,346.922628
6743,347.02407
6744,347.115497
6745,347.197379
6746,347.270563
6747,347.335957
6748,347.394416
6749,347.446711
6750,347.49352
6751,347.53543
6752,347.572947
6753,347.606503
6754,347.63646
6755,347.663114
6756,347.686688
6757,347.707326
6758,347.725065
6759,347.739809
6760,347.751277
6761,347.758949
6762,347.76203
6763,347.759476
6764,347.750147
6765,347.732972
6766,347.706993
6767,347.671324
6768,347.625103
6769,347.567453
6770,347.497512
6771,347.414562
6772,347.31847
6773,347.211038
6774,347.100706
6775,346.993945
6776,346.892836
6777,346.797765
6778,346.708692
6779,346.625627
6780,346.548679
6781,346.477903
6782,346.413229
6783,346.354471
6784,345.483323
6785,345.522006
6786,345.561741
6787,345.602619
6788,345.644749
6789,345.68827
6790,345.733356
6791,345.780218
6792,345.829115
6793,345.880362
6794,345.934338
6795,345.991505
6796,346.052416
6797,346.117745
6798,346.188299
6799,346.265057
6800,346.349197
6801,346.44213
6802,346.545524
6803,346.661252
6804,346.791056
6805,346.934977
6806,347.070935
6807,347.189492
6808,347.293106
6809,347.383959
6810,347.463865
6811,347.534324
6812,347.596582
6813,347.651674
6814,347.70046
6815,347.743654
6816,347.781844
6817,347.81551
6818,347.845037
6819,347.870719
6820,347.892759
6821,347.911264
6822,347.926228
6823,347.937514
6824,347.944822
6825,347.947667
6826,347.945363
6827,347.937051
6828,347.92176
6829,347.898476
6830,347.866163
6831,347.823735
6832,347.770004
6833,347.703623
6834,347.623018
6835,347.526315
6836,347.411303
6837,347.275699
6838,347.140877
6839,347.017648
6840,346.905763
6841,346.803904
6842,346.710838
6843,346.625653
6844,346.547719
6845,346.47657
6846,346.411815
6847,346.353093
6848,345.489434
6849,345.528507
6850,345.568688
6851,345.610074
6852,345.652789
6853,345.696987
6854,345.742863
6855,345.790655
6856,345.840658
6857,345.893232
6858,345.948817
6859,346.007951
6860,346.071291
6861,346.139642
6862,346.214
6863,346.295592
6864,346.385955
6865,346.487023
6866,346.601276
6867,346.731954
6868,346.883409
6869,347.061766
6870,347.225712
6871,347.361646
6872,347.477297
6873,347.576921
6874,347.663361
6875,347.738724
6876,347.804646
6877,347.862428
6878,347.913114
6879,347.957545
6880,347.996395
6881,348.030201
6882,348.059376
6883,348.084224
6884,348.104943
6885,348.121623
6886,348.13424
6887,348.142638
6888,348.146521
6889,348.145433
6890,348.138753
6891,348.125711
6892,348.105406
6893,348.076829
6894,348.038857
6895,347.990218
6896,347.929423
6897,347.854668
6898,347.763657
6899,347.653256
6900,347.518574
6901,347.350042
6902,347.187178
6903,347.046428
6904,346.923119
6905,346.813797
6906,346.715975
6907,346.627883
6908,346.548261
6909,346.476195
6910,346.410995
6911,346.352121
6912,345.495034
6913,345.534463
6914,345.575048
6915,345.616895
6916,345.66014
6917,345.704951
6918,345.751543
6919,345.800181
6920,345.851194
6921,345.904985
6922,345.962051
6923,346.023002
6924,346.088592
6925,346.159753
6926,346.237646
6927,346.323728
6928,346.41984
6929,346.528342
6930,346.652292
6931,346.795697
6932,346.963732
6933,347.16246
6934,347.344737
6935,347.494645
6936,347.620733
6937,347.728188
6938,347.820537
6939,347.900357
6940,347.969615
6941,348.029844
6942,348.082256
6943,348.127809
6944,348.167261
6945,348.201201
6946,348.230077
6947,348.254209
6948,348.2738
6949,348.288937
6950,348.299589
6951,348.305599
6952,348.306676
6953,348.302385
6954,348.292141
6955,348.275214
6956,348.250722
6957,348.217632
6958,348.174737
6959,348.120602
6960,348.053486
6961,347.97121
6962,347.87094
6963,347.74876
6964,347.598749
6965,347.410728
6966,347.229482
6967,347.074688
6968,346.941263
6969,346.82488
6970,346.722269
6971,346.631034
6972,346.54943
6973,346.476182
6974,346.410345
6975,346.35122
6976,345.500098
6977,345.539845
6978,345.580789
6979,345.623043
6980,345.666753
6981,345.712102
6982,345.759323
6983,345.808705
6984,345.860608
6985,345.915474
6986,345.973852
6987,346.036418
6988,346.10401
6989,346.177671
6990,346.258704
6991,346.348749
6992,346.449882
6993,346.564752
6994,346.696756
6995,346.850214
6996,347.030378
6997,347.242619
6998,347.43754
6999,347.598034
7000,347.732565
7001,347.846612
7002,347.944048
7003,348.027752
7004,348.099934
7005,348.162312
7006,348.216235
7007,348.262766
7008,348.302733
7009,348.336777
7010,348.365381
7011,348.388884
7012,348.407498
7013,348.421317
7014,348.430308
7015,348.43432
7016,348.433067
7017,348.42613
7018,348.412941
7019,348.392783
7020,348.364772
7021,348.327843
7022,348.280708
7023,348.221805
7024,348.149199
7025,348.060453
7026,347.952405
7027,347.820781
7028,347.659417
7029,347.458438
7030,347.264579
7031,347.099211
7032,346.957575
7033,346.835114
7034,346.72817
7035,346.633954
7036,346.550383
7037,346.47591
7038,346.409393
7039,346.349999
7040,345.504607
7041,345.544632
7042,345.585885
7043,345.628486
7044,345.672589
7045,345.718391
7046,345.766139
7047,345.816146
7048,345.868796
7049,345.924568
7050,345.984054
7051,346.047987
7052,346.117275
7053,346.193051
7054,346.27673
7055,346.37009
7056,346.47537
7057,346.595398
7058,346.733741
7059,346.894807
7060,347.083726
7061,347.305337
7062,347.509157
7063,347.677453
7064,347.818492
7065,347.937792
7066,348.039372
7067,348.126285
7068,348.200896
7069,348.26506
7070,348.320232
7071,348.367555
7072,348.40792
7073,348.442014
7074,348.470348
7075,348.493282
7076,348.511041
7077,348.523726
7078,348.53131
7079,348.533646
7080,348.530457
7081,348.521331
7082,348.50571
7083,348.482877
7084,348.45194
7085,348.411798
7086,348.361104
7087,348.298196
7088,348.22101
7089,348.126947
7090,348.012673
7091,347.873786
7092,347.704136
7093,347.494146
7094,347.291445
7095,347.118321
7096,346.970364
7097,346.84302
7098,346.732462
7099,346.63568
7100,346.550371
7101,346.474799
7102,346.407673
7103,346.348058
7104,345.508548
7105,345.548809
7106,345.590319
7107,345.633202
7108,345.677619
7109,345.723778
7110,345.771941
7111,345.822437
7112,345.875674
7113,345.932158
7114,345.992519
7115,346.057532
7116,346.128164
7117,346.205615
7118,346.291384
7119,346.387343
7120,346.495838
7121,346.619801
7122,346.76287
7123,346.929455
7124,347.124548
7125,347.352647
7126,347.562664
7127,347.736525
7128,347.882337
7129,348.005582
7130,348.110328
7131,348.199715
7132,348.276205
7133,348.341742
7134,348.397856
7135,348.445754
7136,348.486374
7137,348.520437
7138,348.54848
7139,348.570883
7140,348.587882
7141,348.599586
7142,348.605977
7143,348.606913
7144,348.602123
7145,348.591201
7146,348.573594
7147,348.548584
7148,348.515267
7149,348.472517
7150,348.418941
7151,348.352811
7152,348.271981
7153,348.173759
7154,348.054736
7155,347.910481
7156,347.734915
7157,347.518656
7158,347.309804
7159,347.131167
7160,346.978588
7161,346.847572
7162,346.734234
7163,346.635445
7164,346.548766
7165,346.472335
7166,346.404758
7167,346.345025
7168,345.511919
7169,345.552373
7170,345.594083
7171,345.637177
7172,345.681824
7173,345.728238
7174,345.776692
7175,345.82753
7176,345.881176
7177,345.938161
7178,345.999139
7179,346.06492
7180,346.136511
7181,346.215161
7182,346.302425
7183,346.400239
7184,346.51101
7185,346.637727
7186,346.784055
7187,346.95438
7188,347.153585
7189,347.385965
7190,347.600081
7191,347.777665
7192,347.926721
7193,348.052685
7194,348.159631
7195,348.250738
7196,348.328525
7197,348.394988
7198,348.45171
7199,348.499937
7200,348.540643
7201,348.574575
7202,348.602288
7203,348.624176
7204,348.640488
7205,348.651339
7206,348.656718
7207,348.656491
7208,348.650392
7209,348.638021
7210,348.61883
7211,348.592099
7212,348.556918
7213,348.512142
7214,348.456351
7215,348.387778
7216,348.304229
7217,348.202968
7218,348.080554
7219,347.932564
7220,347.752986
7221,347.532551
7222,347.319621
7223,347.137303
7224,346.9816
7225,346.848075
7226,346.732825
7227,346.632661
7228,346.545064
7229,346.468091
7230,346.400281
7231,346.340571
7232,345.514723
7233,345.555326
7234,345.597179
7235,345.640412
7236,345.685198
7237,345.731757
7238,345.780372
7239,345.831394
7240,345.885263
7241,345.942521
7242,346.003842
7243,346.070059
7244,346.142203
7245,346.221554
7246,346.309701
7247,346.408615
7248,346.520739
7249,346.649087
7250,346.797333
7251,346.969837
7252,347.171419
7253,347.406262
7254,347.622733
7255,347.802462
7256,347.953396
7257,348.080932
7258,348.189141
7259,348.281217
7260,348.359705
7261,348.42663
7262,348.483604
7263,348.531898
7264,348.572504
7265,348.606186
7266,348.633512
7267,348.654885
7268,348.670562
7269,348.680665
7270,348.685189
7271,348.684006
7272,348.676857
7273,348.66335
7274,348.64294
7275,348.614912
7276,348.578353
7277,348.532114
7278,348.474761
7279,348.404508
7280,348.31914
7281,348.215901
7282,348.091343
7283,347.941058
7284,347.759078
7285,347.536192
7286,347.320902
7287,347.136469
7288,346.978986
7289,346.844053
7290,346.727762
7291,346.626891
7292,346.538876
7293,346.461729
7294,346.393945
7295,346.334429
7296,345.516978
7297,345.557685
7298,345.599621
7299,345.642917
7300,345.687749
7301,345.73434
7302,345.782979
7303,345.834022
7304,345.887915
7305,345.945211
7306,346.006591
7307,346.072899
7308,346.145178
7309,346.224721
7310,346.313131
7311,346.412393
7312,346.524964
7313,346.653865
7314,346.802772
7315,346.976034
7316,347.178442
7317,347.414137
7318,347.631416
7319,347.811869
7320,347.963415
7321,348.091438
7322,348.2
7323,348.292301
7324,348.370891
7325,348.437806
7326,348.494666
7327,348.54275
7328,348.58306
7329,348.616362
7330,348.643231
7331,348.664075
7332,348.679153
7333,348.688593
7334,348.692396
7335,348.690439
7336,348.682473
7337,348.668112
7338,348.64682
7339,348.617891
7340,348.580418
7341,348.533257
7342,348.474974
7343,348.403784
7344,348.317467
7345,348.213267
7346,348.087735
7347,347.936474
7348,347.753534
7349,347.529726
7350,347.313599
7351,347.12847
7352,346.97046
7353,346.835179
7354,346.718713
7355,346.617822
7356,346.529921
7357,346.452997
7358,346.385525
7359,346.326394
7360,345.51871
7361,345.559477
7362,345.601436
7363,345.644718
7364,345.6895
7365,345.736007
7366,345.784528
7367,345.835424
7368,345.889141
7369,345.946233
7370,346.007383
7371,346.073432
7372,346.145424
7373,346.224647
7374,346.312699
7375,346.411561
7376,346.523683
7377,346.652082
7378,346.80043
7379,346.973082
7380,347.174839
7381,347.40986
7382,347.626476
7383,347.806292
7384,347.957231
7385,348.084682
7386,348.192704
7387,348.28449
7388,348.362585
7389,348.429014
7390,348.485391
7391,348.532986
7392,348.572794
7393,348.60558
7394,348.631914
7395,348.652202
7396,348.666705
7397,348.675552
7398,348.67875
7399,348.676182
7400,348.667606
7401,348.652649
7402,348.630787
7403,348.601328
7404,348.563381
7405,348.515817
7406,348.457217
7407,348.385812
7408,348.299396
7409,348.195223
7410,348.06985
7411,347.91888
7412,347.736357
7413,347.513083
7414,347.297576
7415,347.113117
7416,346.955801
7417,346.821223
7418,346.705455
7419,346.605248
7420,346.518012
7421,346.441729
7422,346.374872
7423,346.316329
7424,345.519958
7425,345.560743
7426,345.602664
7427,345.645855
7428,345.690489
7429,345.736793
7430,345.785055
7431,345.835634
7432,345.888973
7433,345.94562
7434,346.00625
7435,346.071694
7436,346.142978
7437,346.221371
7438,346.308448
7439,346.406164
7440,346.51694
7441,346.643776
7442,346.790336
7443,346.960991
7444,347.160591
7445,347.393378
7446,347.607832
7447,347.785627
7448,347.934726
7449,348.060539
7450,348.167126
7451,348.257663
7452,348.334668
7453,348.40014
7454,348.455665
7455,348.502492
7456,348.541596
7457,348.573725
7458,348.59944
7459,348.619139
7460,348.63308
7461,348.641393
7462,348.644085
7463,348.641048
7464,348.632051
7465,348.616733
7466,348.594589
7467,348.564946
7468,348.52694
7469,348.479468
7470,348.421144
7471,348.350231
7472,348.264553
7473,348.161391
7474,348.037316
7475,347.887922
7476,347.707222
7477,347.485973
7478,347.272583
7479,347.090197
7480,346.934832
7481,346.802034
7482,346.687858
7483,346.589057
7484,346.503052
7485,346.42784
7486,346.361911
7487,346.304165
7488,345.520774
7489,345.561535
7490,345.603361
7491,345.646382
7492,345.690771
7493,345.736754
7494,345.784615
7495,345.834707
7496,345.887468
7497,345.943433
7498,346.003261
7499,346.067759
7500,346.137924
7501,346.214989
7502,346.300482
7503,346.396307
7504,346.504834
7505,346.629017
7506,346.772499
7507,346.939673
7508,347.135477
7509,347.364318
7510,347.574968
7511,347.749248
7512,347.895201
7513,348.018273
7514,348.122514
7515,348.211066
7516,348.286394
7517,348.350448
7518,348.404765
7519,348.450552
7520,348.488752
7521,348.520088
7522,348.545099
7523,348.564173
7524,348.577559
7525,348.585383
7526,348.587656
7527,348.584277
7528,348.575027
7529,348.559561
7530,348.537397
7531,348.507892
7532,348.470214
7533,348.423305
7534,348.365826
7535,348.296093
7536,348.211988
7537,348.110837
7538,347.989244
7539,347.842796
7540,347.66545
7541,347.447873
7542,347.238252
7543,347.059476
7544,346.907413
7545,346.777536
7546,346.665884
7547,346.56923
7548,346.485032
7549,346.411326
7550,346.346639
7551,346.289901
7552,345.521227
7553,345.561924
7554,345.603596
7555,345.64637
7556,345.690417
7557,345.735959
7558,345.783278
7559,345.832719
7560,345.884708
7561,345.939763
7562,345.998516
7563,346.061744
7564,346.130399
7565,346.205655
7566,346.288973
7567,346.382173
7568,346.487538
7569,346.607934
7570,346.746947
7571,346.908976
7572,347.099084
7573,347.321959
7574,347.526879
7575,347.695939
7576,347.83731
7577,347.956473
7578,348.05744
7579,348.143274
7580,348.216355
7581,348.278548
7582,348.331317
7583,348.375809
7584,348.412918
7585,348.44333
7586,348.467558
7587,348.485968
7588,348.4988
7589,348.506175
7590,348.508105
7591,348.504495
7592,348.49514
7593,348.479717
7594,348.45777
7595,348.428694
7596,348.391703
7597,348.345794
7598,348.2897
7599,348.221815
7600,348.140111
7601,348.042001
7602,347.924155
7603,347.782179
7604,347.609959
7605,347.398003
7606,347.194108
7607,347.020722
7608,346.873475
7609,346.747753
7610,346.639601
7611,346.545852
7612,346.464036
7613,346.392266
7614,346.329129
7615,346.273603
7616,345.521398
7617,345.561997
7618,345.603457
7619,345.645906
7620,345.689513
7621,345.734498
7622,345.781136
7623,345.829765
7624,345.880796
7625,345.934723
7626,345.99215
7627,346.053806
7628,346.120586
7629,346.193588
7630,346.274174
7631,346.364045
7632,346.465341
7633,346.580775
7634,346.7138
7635,346.868756
7636,347.050836
7637,347.265178
7638,347.461949
7639,347.623749
7640,347.758925
7641,347.872941
7642,347.969695
7643,348.052101
7644,348.122396
7645,348.182319
7646,348.233231
7647,348.276196
7648,348.312045
7649,348.341416
7650,348.364786
7651,348.382498
7652,348.394776
7653,348.401734
7654,348.403384
7655,348.39964
7656,348.390312
7657,348.375098
7658,348.353578
7659,348.325189
7660,348.289204
7661,348.244693
7662,348.19048
7663,348.125075
7664,348.046581
7665,347.952562
7666,347.839829
7667,347.704078
7668,347.539152
7669,347.335298
7670,347.13961
7671,346.973774
7672,346.833083
7673,346.712855
7674,346.609214
7675,346.519124
7676,346.44025
7677,346.370824
7678,346.309526
7679,346.255405
7680,345.521391
7681,345.561858
7682,345.60305
7683,345.645095
7684,345.688162
7685,345.732472
7686,345.778294
7687,345.825957
7688,345.875854
7689,345.928456
7690,345.984325
7691,346.044141
7692,346.108723
7693,346.179076
7694,346.256433
7695,346.34233
7696,346.438699
7697,346.548
7698,346.67341
7699,346.81904
7700,346.990087
7701,347.192323
7702,347.377677
7703,347.529703
7704,347.656879
7705,347.764473
7706,347.856106
7707,347.934428
7708,348.001455
7709,348.05875
7710,348.107536
7711,348.148776
7712,348.18322
7713,348.211449
7714,348.233899
7715,348.250883
7716,348.262606
7717,348.269175
7718,348.2706
7719,348.266804
7720,348.257613
7721,348.242752
7722,348.221837
7723,348.194357
7724,348.159651
7725,348.116881
7726,348.064987
7727,348.002629
7728,347.928101
7729,347.839205
7730,347.733025
7731,347.605524
7732,347.450665
7733,347.258365
7734,347.07427
7735,346.918697
7736,346.786552
7737,346.673233
7738,346.575104
7739,346.489386
7740,346.413966
7741,346.34725
7742,346.28805
7743,346.235502
7744,345.52133
7745,345.561633
7746,345.602499
7747,345.644057
7748,345.686483
7749,345.729998
7750,345.774871
7751,345.82142
7752,345.870022
7753,345.921118
7754,345.97523
7755,346.032975
7756,346.095093
7757,346.162474
7758,346.236197
7759,346.317588
7760,346.408298
7761,346.510405
7762,346.626588
7763,346.760364
7764,346.91642
7765,347.100905
7766,347.270025
7767,347.409189
7768,347.526458
7769,347.626422
7770,347.712134
7771,347.785819
7772,347.849182
7773,347.903557
7774,347.950003
7775,347.989356
7776,348.022279
7777,348.049284
7778,348.070762
7779,348.086993
7780,348.098162
7781,348.104364
7782,348.105611
7783,348.101831
7784,348.092869
7785,348.078478
7786,348.058315
7787,348.031924
7788,347.998721
7789,347.957971
7790,347.908751
7791,347.84991
7792,347.779994
7793,347.697149
7794,347.598929
7795,347.481911
7796,347.340741
7797,347.165449
7798,346.997987
7799,346.856077
7800,346.734632
7801,346.629593
7802,346.537872
7803,346.45713
7804,346.385584
7805,346.321876
7806,346.264982
7807,346.214149
7808,345.521368
7809,345.561475
7810,345.601951
7811,345.642934
7812,345.684609
7813,345.727206
7814,345.770996
7815,345.81629
7816,345.863447
7817,345.912881
7818,345.965068
7819,346.020563
7820,346.080016
7821,346.144193
7822,346.214004
7823,346.290532
7824,346.375083
7825,346.469239
7826,346.574924
7827,346.69449
7828,346.830743
7829,346.986644
7830,347.131641
7831,347.254582
7832,347.360274
7833,347.451655
7834,347.530842
7835,347.599477
7836,347.658878
7837,347.710112
7838,347.754048
7839,347.791388
7840,347.822693
7841,347.848406
7842,347.868868
7843,347.884323
7844,347.894935
7845,347.900789
7846,347.901894
7847,347.898187
7848,347.889529
7849,347.875705
7850,347.856411
7851,347.831253
7852,347.799729
7853,347.761213
7854,347.714939
7855,347.659966
7856,347.595143
7857,347.519055
7858,347.42993
7859,347.325451
7860,347.202285
7861,347.054586
7862,346.912018
7863,346.787579
7864,346.678751
7865,346.583042
7866,346.498356
7867,346.422995
7868,346.355603
7869,346.295104
7870,346.240662
7871,346.191645
7872,345.521691
7873,345.561569
7874,345.601579
7875,345.641881
7876,345.682684
7877,345.724232
7878,345.766803
7879,345.810706
7880,345.856284
7881,345.903921
7882,345.954051
7883,346.007167
7884,346.063829
7885,346.124679
7886,346.190452
7887,346.261985
7888,346.340224
7889,346.426211
7890,346.521023
7891,346.625569
7892,346.739937
7893,346.86136
7894,346.977968
7895,347.083276
7896,347.17675
7897,347.259172
7898,347.331575
7899,347.394966
7900,347.450251
7901,347.498221
7902,347.539545
7903,347.574787
7904,347.604409
7905,347.628782
7906,347.648193
7907,347.662855
7908,347.672909
7909,347.678427
7910,347.679418
7911,347.675826
7912,347.667531
7913,347.654344
7914,347.636006
7915,347.612181
7916,347.58245
7917,347.546301
7918,347.503124
7919,347.4522
7920,347.392695
7921,347.323662
7922,347.244074
7923,347.152931
7924,347.049675
7925,346.935794
7926,346.822181
7927,346.716742
7928,346.621151
7929,346.535067
7930,346.457587
7931,346.387728
7932,346.324585
7933,346.267378
7934,346.215461
7935,346.16832
7936,345.522536
7937,345.56214
7938,345.601584
7939,345.641075
7940,345.680862
7941,345.721216
7942,345.762428
7943,345.804805
7944,345.848679
7945,345.894409
7946,345.942386
7947,345.993046
7948,346.046866
7949,346.104374
7950,346.166144
7951,346.232792
7952,346.304944
7953,346.383192
7954,346.467963
7955,346.559271
7956,346.656192
7957,346.755932
7958,346.853021
7959,346.943535
7960,347.025957
7961,347.100012
7962,347.165974
7963,347.224333
7964,347.275637
7965,347.320424
7966,347.359188
7967,347.392363
7968,347.420321
7969,347.443366
7970,347.46174
7971,347.475622
7972,347.485132
7973,347.490334
7974,347.491234
7975,347.487784
7976,347.479879
7977,347.467356
7978,347.449995
7979,347.427515
7980,347.399572
7981,347.365758
7982,347.325607
7983,347.278599
7984,347.224182
7985,347.161813
7986,347.091054
7987,347.011765
7988,346.924536
7989,346.831571
7990,346.737951
7991,346.648195
7992,346.564434
7993,346.48729
7994,346.416651
7995,346.352097
7996,346.293107
7997,346.239157
7998,346.189765
7999,346.144522
8000,345.524217
8001,345.563468
8002,345.602197
8003,345.640704
8004,345.679299
8005,345.718294
8006,345.757997
8007,345.798716
8008,345.840772
8009,345.884501
8010,345.930261
8011,345.978434
8012,346.029429
8013,346.083676
8014,346.14162
8015,346.203697
8016,346.270297
8017,346.341691
8018,346.417917
8019,346.498583
8020,346.58258
8021,346.667792
8022,346.751201
8023,346.830278
8024,346.903552
8025,346.970371
8026,347.030599
8027,347.084378
8028,347.131997
8029,347.173799
8030,347.210132
8031,347.241328
8032,347.26768
8033,347.289438
8034,347.306804
8035,347.31993
8036,347.328918
8037,347.333823
8038,347.33465
8039,347.331357
8040,347.323852
8041,347.311996
8042,347.2956
8043,347.274429
8044,347.248204
8045,347.216602
8046,347.179275
8047,347.135863
8048,347.086028
8049,347.029519
8050,346.966266
8051,346.896556
8052,346.821287
8053,346.742306
8054,346.662499
8055,346.58464
8056,346.510525
8057,346.441048
8058,346.376494
8059,346.316795
8060,346.2617
8061,346.210872
8062,346.163953
8063,346.120597
8064,345.527173
8065,345.565905
8066,345.603678
8067,345.640956
8068,345.678142
8069,345.715589
8070,345.75362
8071,345.792547
8072,345.832679
8073,345.874333
8074,345.917835
8075,345.963527
8076,346.011765
8077,346.062908
8078,346.117306
8079,346.175271
8080,346.237038
8081,346.302692
8082,346.372073
8083,346.444647
8084,346.519375
8085,346.594652
8086,346.668503
8087,346.739138
8088,346.805293
8089,346.86623
8090,346.921627
8091,346.971437
8092,347.015782
8093,347.054876
8094,347.088967
8095,347.118312
8096,347.143145
8097,347.163677
8098,347.180077
8099,347.192478
8100,347.200968
8101,347.205595
8102,347.206363
8103,347.203234
8104,347.196127
8105,347.184921
8106,347.169452
8107,347.149521
8108,347.124894
8109,347.095315
8110,347.060516
8111,347.02025
8112,346.97432
8113,346.922651
8114,346.865368
8115,346.802925
8116,346.736237
8117,346.666777
8118,346.596479
8119,346.527248
8120,346.460536
8121,346.397244
8122,346.337814
8123,346.282362
8124,346.230795
8125,346.182894
8126,346.13837
8127,346.096889
8128,345.53208
8129,345.569883
8130,345.606287
8131,345.642001
8132,345.67751
8133,345.713195
8134,345.749385
8135,345.786385
8136,345.824492
8137,345.864004
8138,345.905226
8139,345.948469
8140,345.994054
8141,346.042294
8142,346.093484
8143,346.147871
8144,346.20561
8145,346.266703
8146,346.330917
8147,346.397697
8148,346.466096
8149,346.534786
8150,346.60223
8151,346.666989
8152,346.727954
8153,346.7844
8154,346.835949
8155,346.882473
8156,346.924018
8157,346.960729
8158,346.992802
8159,347.020447
8160,347.043867
8161,347.063244
8162,347.078729
8163,347.090441
8164,347.098459
8165,347.102826
8166,347.103545
8167,347.100582
8168,347.093863
8169,347.083279
8170,347.068683
8171,347.049899
8172,347.026722
8173,346.998933
8174,346.966314
8175,346.928676
8176,346.885895
8177,346.837974
8178,346.785115
8179,346.727811
8180,346.666924
8181,346.603704
8182,346.539674
8183,346.476347
8184,346.414959
8185,346.356359
8186,346.301024
8187,346.249142
8188,346.20069
8189,346.155504
8190,346.113317
8191,346.073757
8192,345.046319
8193,345.060351
8194,345.074496
8195,345.088781
8196,345.103226
8197,345.117847
8198,345.132658
8199,345.14767
8200,345.162896
8201,345.178342
8202,345.194017
8203,345.209923
8204,345.226061
8205,345.242423
8206,345.258997
8207,345.275759
8208,345.292675
8209,345.309693
8210,345.326738
8211,345.34371
8212,345.360472
8213,345.37684
8214,345.392578
8215,345.407474
8216,345.42137
8217,345.434148
8218,345.44572
8219,345.45602
8220,345.465001
8221,345.472632
8222,345.478894
8223,345.483786
8224,345.487316
8225,345.489514
8226,345.490428
8227,345.490129
8228,345.488725
8229,345.486365
8230,345.483261
8231,345.479606
8232,345.475546
8233,345.471186
8234,345.4666
8235,345.461838
8236,345.456937
8237,345.451917
8238,345.446794
8239,345.441578
8240,345.436276
8241,345.430897
8242,345.425452
8243,345.419953
8244,345.41442
8245,345.408877
8246,345.403356
8247,345.397899
8248,345.392557
8249,345.387396
8250,345.382498
8251,345.377969
8252,345.373945
8253,345.370612
8254,345.368239
8255,345.367247
8256,345.058851
8257,345.073622
8258,345.088527
8259,345.103584
8260,345.118812
8261,345.134226
8262,345.149839
8263,345.165664
8264,345.181713
8265,345.197993
8266,345.214512
8267,345.231273
8268,345.248275
8269,345.265512
8270,345.28297
8271,345.300625
8272,345.318438
8273,345.336356
8274,345.354301
8275,345.372166
8276,345.389809
8277,345.407037
8278,345.423603
8279,345.439286
8280,345.453921
8281,345.467385
8282,345.479583
8283,345.490448
8284,345.499929
8285,345.507993
8286,345.514622
8287,345.519813
8288,345.523576
8289,345.525941
8290,345.526957
8291,345.526702
8292,345.525286
8293,345.522866
8294,345.51966
8295,345.515873
8296,345.511655
8297,345.507116
8298,345.502333
8299,345.497361
8300,345.492234
8301,345.486976
8302,345.481602
8303,345.476123
8304,345.470547
8305,345.464881
8306,345.459137
8307,345.453329
8308,345.447475
8309,345.441601
8310,345.43574
8311,345.429933
8312,345.424234
8313,345.418708
8314,345.413436
8315,345.40852
8316,345.404088
8317,345.400305
8318,345.397379
8319,345.395571
8320,345.071313
8321,345.086803
8322,345.102445
8323,345.118253
8324,345.134243
8325,345.150427
8326,345.166821
8327,345.183435
8328,345.200281
8329,345.217367
8330,345.2347
8331,345.252284
8332,345.270116
8333,345.28819
8334,345.306491
8335,345.324993
8336,345.343658
8337,345.362427
8338,345.381221
8339,345.399927
8340,345.418397
8341,345.436433
8342,345.453779
8343,345.470207
8344,345.485546
8345,345.499668
8346,345.512475
8347,345.523894
8348,345.533875
8349,345.542383
8350,345.549398
8351,345.554916
8352,345.558948
8353,345.561525
8354,345.562699
8355,345.562548
8356,345.561188
8357,345.558779
8358,345.555547
8359,345.5517
8360,345.547394
8361,345.542742
8362,345.537825
8363,345.532697
8364,345.527395
8365,345.521942
8366,345.516355
8367,345.510642
8368,345.504813
8369,345.498874
8370,345.492838
8371,345.486716
8372,345.480529
8373,345.474301
8374,345.468066
8375,345.461865
8376,345.455749
8377,345.44978
8378,345.444037
8379,345.438609
8380,345.433609
8381,345.429166
8382,345.425428
8383,345.422544
8384,345.083681
8385,345.099877
8386,345.116238
8387,345.132778
8388,345.149509
8389,345.166443
8390,345.183594
8391,345.200973
8392,345.21859
8393,345.236454
8394,345.25457
8395,345.272942
8396,345.291568
8397,345.310441
8398,345.329543
8399,345.348849
8400,345.368318
8401,345.387889
8402,345.40748
8403,345.426975
8404,345.44622
8405,345.465013
8406,345.483091
8407,345.500223
8408,345.516232
8409,345.530985
8410,345.544382
8411,345.556348
8412,345.56683
8413,345.575791
8414,345.58321
8415,345.589085
8416,345.593425
8417,345.596261
8418,345.597647
8419,345.597662
8420,345.596426
8421,345.594101
8422,345.590917
8423,345.587083
8424,345.582761
8425,345.578065
8426,345.573076
8427,345.567851
8428,345.562425
8429,345.556824
8430,345.551061
8431,345.545145
8432,345.539086
8433,345.532889
8434,345.526565
8435,345.520128
8436,345.513595
8437,345.506993
8438,345.500351
8439,345.493711
8440,345.487121
8441,345.48064
8442,345.474336
8443,345.468291
8444,345.462594
8445,345.457347
8446,345.45265
8447,345.44859
8448,345.095938
8449,345.112828
8450,345.129895
8451,345.147149
8452,345.164602
8453,345.182266
8454,345.200152
8455,345.218271
8456,345.236632
8457,345.255245
8458,345.274114
8459,345.293241
8460,345.312624
8461,345.332256
8462,345.352118
8463,345.372182
8464,345.392407
8465,345.412731
8466,345.433067
8467,345.453299
8468,345.473268
8469,345.492768
8470,345.511534
8471,345.529329
8472,345.545974
8473,345.561333
8474,345.575303
8475,345.587807
8476,345.59879
8477,345.608215
8478,345.61606
8479,345.62232
8480,345.627007
8481,345.63015
8482,345.631804
8483,345.632049
8484,345.631004
8485,345.628836
8486,345.625772
8487,345.622028
8488,345.617762
8489,345.61309
8490,345.608096
8491,345.602833
8492,345.597338
8493,345.591634
8494,345.585735
8495,345.579649
8496,345.573383
8497,345.566944
8498,345.56034
8499,345.553585
8500,345.546697
8501,345.539698
8502,345.53262
8503,345.5255
8504,345.518385
8505,345.511326
8506,345.504387
8507,345.497636
8508,345.491147
8509,345.484997
8510,345.479255
8511,345.473977
8512,345.108074
8513,345.125648
8514,345.143406
8515,345.161359
8516,345.179516
8517,345.197889
8518,345.216488
8519,345.235323
8520,345.254403
8521,345.273736
8522,345.293326
8523,345.313175
8524,345.33328
8525,345.35363
8526,345.37421
8527,345.394988
8528,345.415922
8529,345.436949
8530,345.457981
8531,345.478898
8532,345.499541
8533,345.5197
8534,345.539109
8535,345.557528
8536,345.574777
8537,345.590716
8538,345.605242
8539,345.618276
8540,345.629762
8541,345.639663
8542,345.647954
8543,345.654631
8544,345.659704
8545,345.663203
8546,345.665181
8547,345.665718
8548,345.664934
8549,345.662994
8550,345.660127
8551,345.656546
8552,345.65241
8553,345.647834
8554,345.6429
8555,345.637661
8556,345.632153
8557,345.626395
8558,345.620401
8559,345.614178
8560,345.60773
8561,345.601065
8562,345.59419
8563,345.587116
8564,345.579861
8565,345.572448
8566,345.564905
8567,345.557269
8568,345.549581
8569,345.54189
8570,345.534252
8571,345.526725
8572,345.519372
8573,345.51225
8574,345.505413
8575,345.498897
8576,345.12008
8577,345.138328
8578,345.156765
8579,345.175401
8580,345.194245
8581,345.213308
8582,345.232599
8583,345.252127
8584,345.2719
8585,345.291926
8586,345.312207
8587,345.332744
8588,345.353534
8589,345.374566
8590,345.395821
8591,345.417269
8592,345.438865
8593,345.460546
8594,345.482223
8595,345.503776
8596,345.525044
8597,345.545816
8598,345.565824
8599,345.584829
8600,345.602649
8601,345.619144
8602,345.63421
8603,345.647767
8604,345.659759
8605,345.670146
8606,345.678906
8607,345.686031
8608,345.691531
8609,345.695434
8610,345.697793
8611,345.698687
8612,345.698232
8613,345.696594
8614,345.693999
8615,345.690657
8616,345.686726
8617,345.682319
8618,345.677514
8619,345.672361
8620,345.666895
8621,345.661134
8622,345.655087
8623,345.64876
8624,345.642158
8625,345.635284
8626,345.628146
8627,345.620754
8628,345.613125
8629,345.60528
8630,345.597247
8631,345.589059
8632,345.580757
8633,345.572387
8634,345.563996
8635,345.555638
8636,345.547363
8637,345.539222
8638,345.531256
8639,345.523491
8640,345.131952
8641,345.150864
8642,345.169969
8643,345.189274
8644,345.208789
8645,345.228523
8646,345.248485
8647,345.268683
8648,345.289125
8649,345.309816
8650,345.330758
8651,345.351952
8652,345.373392
8653,345.395067
8654,345.416957
8655,345.439031
8656,345.461244
8657,345.483532
8658,345.505806
8659,345.527945
8660,345.549788
8661,345.571127
8662,345.591693
8663,345.611246
8664,345.629606
8665,345.646633
8666,345.662223
8667,345.676297
8668,345.688798
8669,345.699684
8670,345.708934
8671,345.716539
8672,345.722506
8673,345.726864
8674,345.729661
8675,345.730976
8676,345.730922
8677,345.72966
8678,345.727413
8679,345.724388
8680,345.720738
8681,345.716573
8682,345.711965
8683,345.706964
8684,345.701598
8685,345.695884
8686,345.689828
8687,345.683434
8688,345.676703
8689,345.66964
8690,345.662248
8691,345.654539
8692,345.646528
8693,345.638235
8694,345.629688
8695,345.620919
8696,345.611967
8697,345.602873
8698,345.593685
8699,345.584448
8700,345.57521
8701,345.566013
8702,345.556891
8703,345.547871
8704,345.143688
8705,345.163254
8706,345.183014
8707,345.202975
8708,345.223145
8709,345.243533
8710,345.264148
8711,345.284995
8712,345.306082
8713,345.327412
8714,345.348987
8715,345.370806
8716,345.392863
8717,345.415144
8718,345.43763
8719,345.460289
8720,345.483074
8721,345.505922
8722,345.528745
8723,345.551421
8724,345.573793
8725,345.595653
8726,345.616734
8727,345.636798
8728,345.655668
8729,345.673204
8730,345.689304
8731,345.703888
8732,345.7169
8733,345.728299
8734,345.738062
8735,345.746178
8736,345.752655
8737,345.757517
8738,345.760811
8739,345.762613
8740,345.76303
8741,345.76222
8742,345.760399
8743,345.75777
8744,345.754479
8745,345.75063
8746,345.746292
8747,345.741507
8748,345.736301
8749,345.730685
8750,345.724664
8751,345.718239
8752,345.711408
8753,345.704173
8754,345.696539
8755,345.688514
8756,345.680115
8757,345.67136
8758,345.662277
8759,345.652898
8760,345.643262
8761,345.633408
8762,345.623381
8763,345.613227
8764,345.602988
8765,345.592705
8766,345.582409
8767,345.572125
8768,345.155286
8769,345.175498
8770,345.195902
8771,345.216505
8772,345.237317
8773,345.258343
8774,345.279591
8775,345.301068
8776,345.322777
8777,345.344722
8778,345.366904
8779,345.389319
8780,345.41196
8781,345.434813
8782,345.457858
8783,345.48106
8784,345.504375
8785,345.527739
8786,345.551063
8787,345.57423
8788,345.597083
8789,345.619419
8790,345.640973
8791,345.661513
8792,345.680861
8793,345.698884
8794,345.715478
8795,345.730568
8796,345.744095
8797,345.75602
8798,345.766317
8799,345.774978
8800,345.782006
8801,345.787423
8802,345.791274
8803,345.793628
8804,345.794589
8805,345.794308
8806,345.792994
8807,345.79084
8808,345.787988
8809,345.784531
8810,345.780534
8811,345.776033
8812,345.771046
8813,345.765582
8814,345.759641
8815,345.753221
8816,345.746317
8817,345.738931
8818,345.731064
8819,345.722726
8820,345.713932
8821,345.704701
8822,345.695062
8823,345.685047
8824,345.674694
8825,345.664045
8826,345.653144
8827,345.642037
8828,345.630765
8829,345.619369
8830,345.60788
8831,345.596325
8832,345.166748
8833,345.187596
8834,345.208634
8835,345.229869
8836,345.251307
8837,345.272957
8838,345.294822
8839,345.316909
8840,345.33922
8841,345.361758
8842,345.384521
8843,345.407506
8844,345.430702
8845,345.454095
8846,345.477662
8847,345.501371
8848,345.525175
8849,345.54901
8850,345.572791
8851,345.596402
8852,345.619691
8853,345.642457
8854,345.664444
8855,345.685423
8856,345.705221
8857,345.723707
8858,345.740783
8859,345.756372
8860,345.770418
8861,345.782882
8862,345.793738
8863,345.802975
8864,345.810595
8865,345.816619
8866,345.821086
8867,345.82406
8868,345.825639
8869,345.825964
8870,345.825238
8871,345.823642
8872,345.821308
8873,345.818322
8874,345.814739
8875,345.810588
8876,345.805882
8877,345.800623
8878,345.794808
8879,345.788428
8880,345.78148
8881,345.773961
8882,345.765872
8883,345.757222
8884,345.748026
8885,345.738306
8886,345.72809
8887,345.717412
8888,345.706312
8889,345.694835
8890,345.683026
8891,345.670931
8892,345.658597
8893,345.646063
8894,345.633364
8895,345.620528
8896,345.178077
8897,345.199553
8898,345.221215
8899,345.24307
8900,345.265123
8901,345.287381
8902,345.309849
8903,345.332529
8904,345.355424
8905,345.378535
8906,345.401857
8907,345.425386
8908,345.44911
8909,345.473014
8910,345.497072
8911,345.521252
8912,345.545507
8913,345.569773
8914,345.593968
8915,345.617978
8916,345.641657
8917,345.664811
8918,345.687189
8919,345.708571
8920,345.728789
8921,345.747719
8922,345.765262
8923,345.781346
8924,345.795915
8925,345.808932
8926,345.820369
8927,345.830214
8928,345.838469
8929,345.84515
8930,345.850291
8931,345.853953
8932,345.856223
8933,345.857235
8934,345.857178
8935,345.856224
8936,345.85449
8937,345.852053
8938,345.848957
8939,345.845224
8940,345.84086
8941,345.835859
8942,345.830213
8943,345.823912
8944,345.816946
8945,345.809312
8946,345.801011
8947,345.79205
8948,345.782446
8949,345.772222
8950,345.761407
8951,345.75004
8952,345.738162
8953,345.725823
8954,345.713071
8955,345.699957
8956,345.686529
8957,345.672833
8958,345.658906
8959,345.644778
8960,345.189277
8961,345.211373
8962,345.23365
8963,345.256114
8964,345.278771
8965,345.301626
8966,345.324682
8967,345.347941
8968,345.371404
8969,345.395069
8970,345.418931
8971,345.442983
8972,345.467212
8973,345.4916
8974,345.516121
8975,345.540741
8976,345.565412
8977,345.590073
8978,345.614641
8979,345.639009
8980,345.663034
8981,345.686532
8982,345.709262
8983,345.731013
8984,345.751624
8985,345.770975
8986,345.788974
8987,345.80555
8988,345.820648
8989,345.83423
8990,345.84627
8991,345.856755
8992,345.865684
8993,345.87307
8994,345.878944
8995,345.88336
8996,345.886396
8997,345.888174
8998,345.88887
8999,345.888639
9000,345.887587
9001,345.885777
9002,345.883242
9003,345.879994
9004,345.876031
9005,345.871341
9006,345.865909
9007,345.85972
9008,345.852763
9009,345.845032
9010,345.836526
9011,345.827255
9012,345.817234
9013,345.806489
9014,345.795054
9015,345.782969
9016,345.770282
9017,345.757046
9018,345.743316
9019,345.729148
9020,345.714597
9021,345.699713
9022,345.684538
9023,345.669107
9024,345.200352
9025,345.22306
9026,345.245944
9027,345.269009
9028,345.29226
9029,345.315701
9030,345.339334
9031,345.363159
9032,345.387175
9033,345.41138
9034,345.435765
9035,345.460323
9036,345.485037
9037,345.509888
9038,345.534848
9039,345.559882
9040,345.584941
9041,345.609963
9042,345.63487
9043,345.659555
9044,345.683887
9045,345.707688
9046,345.730732
9047,345.752819
9048,345.773798
9049,345.793554
9050,345.811999
9051,345.829063
9052,345.844695
9053,345.858856
9054,345.87152
9055,345.882674
9056,345.892313
9057,345.900451
9058,345.907114
9059,345.912347
9060,345.916222
9061,345.918844
9062,345.920374
9063,345.920949
9064,345.920658
9065,345.919551
9066,345.917648
9067,345.914951
9068,345.911447
9069,345.907119
9070,345.901943
9071,345.895901
9072,345.888977
9073,345.881163
9074,345.87246
9075,345.862875
9076,345.852427
9077,345.841144
9078,345.829064
9079,345.816232
9080,345.802701
9081,345.788532
9082,345.773786
9083,345.758529
9084,345.742822
9085,345.726722
9086,345.710279
9087,345.693532
9088,345.211309
9089,345.234622
9090,345.258105
9091,345.281763
9092,345.305599
9093,345.329617
9094,345.353817
9095,345.378198
9096,345.402757
9097,345.427489
9098,345.452385
9099,345.477434
9100,345.502618
9101,345.527916
9102,345.553297
9103,345.578724
9104,345.604147
9105,345.629506
9106,345.654722
9107,345.679693
9108,345.704294
9109,345.728362
9110,345.751686
9111,345.774081
9112,345.795406
9113,345.815554
9114,345.834437
9115,345.851991
9116,345.868163
9117,345.882916
9118,345.896223
9119,345.908071
9120,345.918456
9121,345.927387
9122,345.934887
9123,345.940996
9124,345.945777
9125,345.949319
9126,345.951761
9127,345.95322
9128,345.953765
9129,345.953432
9130,345.952229
9131,345.950145
9132,345.947157
9133,345.943237
9134,345.938358
9135,345.932493
9136,345.925624
9137,345.917741
9138,345.908843
9139,345.898941
9140,345.888053
9141,345.876213
9142,345.863461
9143,345.849849
9144,345.835438
9145,345.820296
9146,345.804495
9147,345.78811
9148,345.771212
9149,345.753868
9150,345.736135
9151,345.718058
9152,345.222154
9153,345.246065
9154,345.270141
9155,345.294384
9156,345.318799
9157,345.343386
9158,345.368146
9159,345.393074
9160,345.418168
9161,345.443419
9162,345.468817
9163,345.494348
9164,345.519992
9165,345.545725
9166,345.571514
9167,345.597321
9168,345.623095
9169,345.648773
9170,345.674278
9171,345.699512
9172,345.724356
9173,345.74866
9174,345.772237
9175,345.794919
9176,345.816578
9177,345.837109
9178,345.856429
9179,345.874474
9180,345.891193
9181,345.90655
9182,345.920518
9183,345.933082
9184,345.944239
9185,345.953998
9186,345.962377
9187,345.969412
9188,345.975157
9189,345.979686
9190,345.98311
9191,345.985521
9192,345.986971
9193,345.987478
9194,345.987036
9195,345.985621
9196,345.9832
9197,345.979734
9198,345.975186
9199,345.969526
9200,345.96273
9201,345.954787
9202,345.945697
9203,345.935469
9204,345.924127
9205,345.911706
9206,345.898253
9207,345.883827
9208,345.868496
9209,345.852338
9210,345.835439
9211,345.817884
9212,345.799759
9213,345.78114
9214,345.762093
9215,345.742672
9216,345.232892
9217,345.257396
9218,345.282058
9219,345.306882
9220,345.33187
9221,345.357021
9222,345.382334
9223,345.407806
9224,345.433429
9225,345.459194
9226,345.485088
9227,345.511096
9228,345.537195
9229,345.563358
9230,345.589551
9231,345.615732
9232,345.64185
9233,345.667842
9234,345.693628
9235,345.719116
9236,345.74419
9237,345.768714
9238,345.792532
9239,345.815495
9240,345.837484
9241,345.858398
9242,345.878159
9243,345.896701
9244,345.913976
9245,345.929948
9246,345.94459
9247,345.957888
9248,345.969839
9249,345.980449
9250,345.989737
9251,345.997733
9252,346.004484
9253,346.010051
9254,346.014511
9255,346.017928
9256,346.020335
9257,346.021735
9258,346.022108
9259,346.021414
9260,346.019605
9261,346.016631
9262,346.012446
9263,346.007012
9264,346.000303
9265,345.992306
9266,345.983019
9267,345.972456
9268,345.960642
9269,345.947615
9270,345.93343
9271,345.918152
9272,345.901859
9273,345.884641
9274,345.866597
9275,345.847828
9276,345.828435
9277,345.808509
9278,345.788126
9279,345.767348
9280,345.243531
9281,345.268622
9282,345.293866
9283,345.319266
9284,345.344822
9285,345.370533
9286,345.396397
9287,345.422408
9288,345.448558
9289,345.474836
9290,345.501226
9291,345.52771
9292,345.554263
9293,345.580858
9294,345.607456
9295,345.634016
9296,345.660482
9297,345.686791
9298,345.712867
9299,345.738618
9300,345.763936
9301,345.788699
9302,345.812773
9303,345.83603
9304,345.85836
9305,345.879668
9306,345.899877
9307,345.918926
9308,345.936767
9309,345.953363
9310,345.96869
9311,345.982734
9312,345.99549
9313,346.006966
9314,346.017176
9315,346.026148
9316,346.033921
9317,346.040539
9318,346.046055
9319,346.050506
9320,346.053906
9321,346.05624
9322,346.057471
9323,346.057539
9324,346.056381
9325,346.05393
9326,346.050131
9327,346.044939
9328,346.038325
9329,346.030274
9330,346.020785
9331,346.009872
9332,345.997565
9333,345.983907
9334,345.968956
9335,345.952787
9336,345.935488
9337,345.917163
9338,345.897924
9339,345.877895
9340,345.857192
9341,345.835926
9342,345.814185
9343,345.792037
9344,345.254075
9345,345.279749
9346,345.305571
9347,345.331543
9348,345.357665
9349,345.383935
9350,345.410349
9351,345.436899
9352,345.463576
9353,345.490368
9354,345.517256
9355,345.54422
9356,345.571235
9357,345.598267
9358,345.62528
9359,345.652228
9360,345.679055
9361,345.705699
9362,345.732084
9363,345.758122
9364,345.783713
9365,345.808748
9366,345.833111
9367,345.856689
9368,345.879381
9369,345.901101
9370,345.921774
9371,345.941343
9372,345.959759
9373,345.976989
9374,345.993008
9375,346.007802
9376,346.021367
9377,346.033709
9378,346.044842
9379,346.054787
9380,346.063576
9381,346.07124
9382,346.07781
9383,346.083303
9384,346.087713
9385,346.091007
9386,346.093126
9387,346.093989
9388,346.093509
9389,346.091603
9390,346.088205
9391,346.083263
9392,346.076744
9393,346.068632
9394,346.058929
9395,346.047649
9396,346.034827
9397,346.020509
9398,346.00476
9399,345.987662
9400,345.969314
9401,345.949832
9402,345.929349
9403,345.90801
9404,345.885958
9405,345.863319
9406,345.840199
9407,345.816674
9408,345.264531
9409,345.290784
9410,345.317181
9411,345.343722
9412,345.370408
9413,345.397236
9414,345.424201
9415,345.451293
9416,345.478501
9417,345.505811
9418,345.533204
9419,345.560658
9420,345.588143
9421,345.615626
9422,345.643069
9423,345.670422
9424,345.697633
9425,345.724636
9426,345.751359
9427,345.777718
9428,345.803621
9429,345.828969
9430,345.85366
9431,345.877593
9432,345.900678
9433,345.922833
9434,345.94399
9435,345.964092
9436,345.983095
9437,346.000965
9438,346.017678
9439,346.033221
9440,346.047591
9441,346.060791
9442,346.072833
9443,346.083735
9444,346.093519
9445,346.102207
9446,346.109813
9447,346.116337
9448,346.121757
9449,346.126021
9450,346.129045
9451,346.130722
9452,346.130935
9453,346.129584
9454,346.126589
9455,346.121893
9456,346.11546
9457,346.107275
9458,346.097339
9459,346.085673
9460,346.072311
9461,346.057305
9462,346.040727
9463,346.022664
9464,346.003225
9465,345.982542
9466,345.960767
9467,345.938072
9468,345.91463
9469,345.890592
9470,345.866078
9471,345.841172
9472,345.274903
9473,345.301731
9474,345.328699
9475,345.355809
9476,345.38306
9477,345.410447
9478,345.437965
9479,345.465602
9480,345.493348
9481,345.521185
9482,345.549093
9483,345.577048
9484,345.605018
9485,345.63297
9486,345.660863
9487,345.688647
9488,345.716267
9489,345.743662
9490,345.770759
9491,345.79748
9492,345.823739
9493,345.849446
9494,345.874508
9495,345.898836
9496,345.922346
9497,345.944964
9498,345.966626
9499,345.987278
9500,346.006877
9501,346.025391
9502,346.042798
9503,346.059084
9504,346.074245
9505,346.088284
9506,346.101212
9507,346.113041
9508,346.123787
9509,346.133462
9510,346.14207
9511,346.149597
9512,346.156007
9513,346.161229
9514,346.165158
9515,346.167651
9516,346.168556
9517,346.167751
9518,346.165146
9519,346.160678
9520,346.154312
9521,346.146031
9522,346.135841
9523,346.123762
9524,346.109836
9525,346.094117
9526,346.076682
9527,346.057624
9528,346.037062
9529,346.01514
9530,345.992031
9531,345.96794
9532,345.943079
9533,345.917625
9534,345.89171
9535,345.865427
9536,345.285194
9537,345.312593
9538,345.340132
9539,345.36781
9540,345.395626
9541,345.423575
9542,345.45165
9543,345.47984
9544,345.508131
9545,345.536506
9546,345.564942
9547,345.593414
9548,345.621889
9549,345.650331
9550,345.678698
9551,345.706941
9552,345.735005
9553,345.762828
9554,345.79034
9555,345.817467
9556,345.844128
9557,345.870241
9558,345.89572
9559,345.920483
9560,345.944455
9561,345.967566
9562,345.989756
9563,346.010973
9564,346.031178
9565,346.050339
9566,346.068434
9567,346.085451
9568,346.101384
9569,346.116237
9570,346.130015
9571,346.142731
9572,346.154392
9573,346.165005
9574,346.174564
9575,346.183046
9576,346.1904
9577,346.196544
9578,346.201349
9579,346.204636
9580,346.206204
9581,346.205913
9582,346.203663
9583,346.199391
9584,346.193057
9585,346.18465
9586,346.174175
9587,346.161658
9588,346.147141
9589,346.130687
9590,346.112373
9591,346.092301
9592,346.070597
9593,346.047415
9594,346.022949
9595,345.997439
9596,345.971148
9597,345.944275
9598,345.916967
9599,345.889321
9600,345.295406
9601,345.323374
9602,345.351481
9603,345.379727
9604,345.408111
9605,345.436626
9606,345.465264
9607,345.494015
9608,345.522862
9609,345.551787
9610,345.580768
9611,345.609775
9612,345.638776
9613,345.667734
9614,345.696605
9615,345.72534
9616,345.753884
9617,345.782175
9618,345.810146
9619,345.837725
9620,345.864837
9621,345.891403
9622,345.917345
9623,345.942586
9624,345.967056
9625,345.99069
9626,346.013431
9627,346.03523
9628,346.056048
9629,346.075855
9630,346.09463
9631,346.112361
9632,346.129042
9633,346.144674
9634,346.159262
9635,346.172813
9636,346.185332
9637,346.19682
9638,346.207262
9639,346.216627
9640,346.224854
9641,346.231846
9642,346.237453
9643,346.241459
9644,346.243624
9645,346.243785
9646,346.241835
9647,346.237706
9648,346.23136
9649,346.222784
9650,346.211989
9651,346.199002
9652,346.183871
9653,346.16666
9654,346.147455
9655,346.126362
9656,346.103515
9657,346.07908
9658,346.053269
9659,346.02636
9660,345.998658
9661,345.970389
9662,345.94171
9663,345.912726
9664,345.305539
9665,345.334073
9666,345.362748
9667,345.391563
9668,345.420517
9669,345.449602
9670,345.478812
9671,345.508132
9672,345.537548
9673,345.567039
9674,345.596581
9675,345.626145
9676,345.655698
9677,345.6852
9678,345.714608
9679,345.74387
9680,345.772933
9681,345.801735
9682,345.830211
9683,345.85829
9684,345.885901
9685,345.912969
9686,345.939419
9687,345.965181
9688,345.990186
9689,346.014373
9690,346.037687
9691,346.060082
9692,346.08152
9693,346.101972
9694,346.121416
9695,346.139841
9696,346.157238
9697,346.173609
9698,346.188957
9699,346.203285
9700,346.216594
9701,346.22888
9702,346.240122
9703,346.25028
9704,346.259284
9705,346.26702
9706,346.27332
9707,346.277937
9708,346.280598
9709,346.281125
9710,346.279398
9711,346.275345
9712,346.268926
9713,346.260132
9714,346.248974
9715,346.235484
9716,346.219712
9717,346.20173
9718,346.181626
9719,346.159515
9720,346.13554
9721,346.109879
9722,346.082766
9723,346.054505
9724,346.025439
9725,345.995814
9726,345.965803
9727,345.935517
9728,345.315592
9729,345.344689
9730,345.373931
9731,345.403316
9732,345.432843
9733,345.462505
9734,345.492294
9735,345.522195
9736,345.552193
9737,345.582267
9738,345.612391
9739,345.642536
9740,345.672667
9741,345.702744
9742,345.732722
9743,345.76255
9744,345.792174
9745,345.821532
9746,345.850559
9747,345.879188
9748,345.907347
9749,345.934965
9750,345.96197
9751,345.988293
9752,346.013869
9753,346.038639
9754,346.062549
9755,346.085555
9756,346.107618
9757,346.12871
9758,346.14881
9759,346.167903
9760,346.185984
9761,346.203049
9762,346.2191
9763,346.234138
9764,346.248161
9765,346.261158
9766,346.273104
9767,346.283951
9768,346.293617
9769,346.301977
9770,346.308842
9771,346.313943
9772,346.316985
9773,346.317771
9774,346.316174
9775,346.312116
9776,346.305555
9777,346.296483
9778,346.284914
9779,346.270883
9780,346.254446
9781,346.235677
9782,346.214673
9783,346.191555
9784,346.166476
9785,346.13963
9786,346.111265
9787,346.081713
9788,346.05134
9789,346.020413
9790,345.989119
9791,345.957576
9792,345.325561
9793,345.355219
9794,345.385027
9795,345.414984
9796,345.445088
9797,345.475333
9798,345.505709
9799,345.536203
9800,345.566798
9801,345.597473
9802,345.628201
9803,345.658951
9804,345.689689
9805,345.720374
9806,345.750959
9807,345.781393
9808,345.81162
9809,345.84158
9810,345.871207
9811,345.900435
9812,345.929192
9813,345.957408
9814,345.985013
9815,346.01194
9816,346.038124
9817,346.063506
9818,346.088035
9819,346.111665
9820,346.134358
9821,346.156084
9822,346.176823
9823,346.196559
9824,346.215284
9825,346.232994
9826,346.249688
9827,346.265364
9828,346.280017
9829,346.293631
9830,346.306176
9831,346.317596
9832,346.3278
9833,346.336651
9834,346.343945
9835,346.349395
9836,346.35269
9837,346.35362
9838,346.352048
9839,346.347892
9840,346.341111
9841,346.331694
9842,346.319661
9843,346.305049
9844,346.287918
9845,346.268349
9846,346.246445
9847,346.222335
9848,346.196183
9849,346.168193
9850,346.138633
9851,346.107851
9852,346.076235
9853,346.044067
9854,346.011546
9855,345.978797
9856,345.335441
9857,345.365657
9858,345.39603
9859,345.42656
9860,345.457245
9861,345.488079
9862,345.519053
9863,345.550152
9864,345.58136
9865,345.612654
9866,345.644008
9867,345.675391
9868,345.706766
9869,345.738092
9870,345.769322
9871,345.800403
9872,345.831279
9873,345.861888
9874,345.892165
9875,345.922041
9876,345.951446
9877,345.98031
9878,346.008562
9879,346.036134
9880,346.062962
9881,346.088986
9882,346.114155
9883,346.138422
9884,346.161748
9885,346.184103
9886,346.205464
9887,346.225814
9888,346.245143
9889,346.263445
9890,346.280718
9891,346.296956
9892,346.31215
9893,346.326281
9894,346.339313
9895,346.351184
9896,346.361796
9897,346.371
9898,346.378581
9899,346.384241
9900,346.387655
9901,346.388604
9902,346.386945
9903,346.382592
9904,346.375503
9905,346.36567
9906,346.353114
9907,346.337876
9908,346.320022
9909,346.299639
9910,346.276836
9911,346.25175
9912,346.224554
9913,346.195467
9914,346.164766
9915,346.132817
9916,346.100022
9917,346.066677
9918,346.032989
9919,345.999091
9920,345.345224
9921,345.375994
9922,345.406931
9923,345.438036
9924,345.469306
9925,345.500736
9926,345.532316
9927,345.564033
9928,345.595869
9929,345.627803
9930,345.659807
9931,345.691849
9932,345.723893
9933,345.755895
9934,345.787809
9935,345.81958
9936,345.85115
9937,345.882457
9938,345.913433
9939,345.94401
9940,345.974115
9941,346.003675
9942,346.03262
9943,346.060879
9944,346.088388
9945,346.115086
9946,346.140917
9947,346.165834
9948,346.189797
9949,346.212773
9950,346.234737
9951,346.255671
9952,346.275563
9953,346.294404
9954,346.312188
9955,346.328909
9956,346.344553
9957,346.359097
9958,346.3725
9959,346.384697
9960,346.395582
9961,346.404999
9962,346.412724
9963,346.418451
9964,346.421847
9965,346.422687
9966,346.420822
9967,346.416167
9968,346.408679
9969,346.398352
9970,346.385209
9971,346.369298
9972,346.350689
9973,346.329475
9974,346.305772
9975,346.279725
9976,346.251516
9977,346.221373
9978,346.189586
9979,346.156531
9980,346.122621
9981,346.088164
9982,346.053373
9983,346.018385
9984,345.3549
9985,345.386221
9986,345.41772
9987,345.4494
9988,345.481259
9989,345.513291
9990,345.545487
9991,345.577834
9992,345.610315
9993,345.642908
9994,345.675585
9995,345.708314
9996,345.741058
9997,345.773773
9998,345.80641
9999,345.838914
10000,345.871226
10001,345.90328
10002,345.935008
10003,345.966337
10004,345.997194
10005,346.027502
10006,346.057187
10007,346.086178
10008,346.114406
10009,346.141806
10010,346.168322
10011,346.193904
10012,346.218507
10013,346.242098
10014,346.264648
10015,346.286136
10016,346.306548
10017,346.325873
10018,346.344102
10019,346.361224
10020,346.377224
10021,346.392076
10022,346.405735
10023,346.41813
10024,346.429152
10025,346.438639
10026,346.446365
10027,346.452015
10028,346.455253
10029,346.455851
10030,346.453661
10031,346.448594
10032,346.440611
10033,346.429708
10034,346.415912
10035,346.399276
10036,346.379877
10037,346.357811
10038,346.333205
10039,346.30621
10040,346.277015
10041,346.245857
10042,346.213035
10043,346.178933
10044,346.143973
10045,346.108467
10046,346.072637
10047,346.036621
10048,345.364457
10049,345.396323
10050,345.428383
10051,345.460638
10052,345.493088
10053,345.525728
10054,345.558549
10055,345.591538
10056,345.62468
10057,345.657951
10058,345.691325
10059,345.724769
10060,345.758245
10061,345.791708
10062,345.82511
10063,345.858392
10064,345.891493
10065,345.924345
10066,345.956877
10067,345.989013
10068,346.020675
10069,346.051783
10070,346.082258
10071,346.112025
10072,346.141011
10073,346.169147
10074,346.196372
10075,346.222633
10076,346.247881
10077,346.27208
10078,346.295198
10079,346.317211
10080,346.338101
10081,346.357855
10082,346.376461
10083,346.393905
10084,346.410169
10085,346.425223
10086,346.439019
10087,346.451485
10088,346.462508
10089,346.471925
10090,346.479505
10091,346.484934
10092,346.487875
10093,346.488099
10094,346.485459
10095,346.479868
10096,346.47129
10097,346.459726
10098,346.445206
10099,346.427791
10100,346.407561
10101,346.384623
10102,346.359106
10103,346.331172
10104,346.301016
10105,346.268881
10106,346.235073
10107,346.199981
10108,346.164032
10109,346.127543
10110,346.090738
10111,346.053757
10112,345.373879
10113,345.406286
10114,345.438902
10115,345.471732
10116,345.504775
10117,345.538028
10118,345.571481
10119,345.605124
10120,345.638941
10121,345.672909
10122,345.707003
10123,345.741189
10124,345.775429
10125,345.809678
10126,345.843884
10127,345.877989
10128,345.911928
10129,345.945631
10130,345.979021
10131,346.012019
10132,346.044542
10133,346.076504
10134,346.107821
10135,346.138411
10136,346.168195
10137,346.197101
10138,346.225061
10139,346.252017
10140,346.277917
10141,346.302719
10142,346.326389
10143,346.348898
10144,346.370226
10145,346.390356
10146,346.409272
10147,346.426959
10148,346.443394
10149,346.458546
10150,346.472365
10151,346.484775
10152,346.495665
10153,346.50487
10154,346.51216
10155,346.517224
10156,346.519727
10157,346.519443
10158,346.516227
10159,346.509999
10160,346.500725
10161,346.48841
10162,346.473094
10163,346.45484
10164,346.433737
10165,346.409899
10166,346.383462
10167,346.354595
10168,346.323498
10169,346.290422
10170,346.255673
10171,346.219647
10172,346.18277
10173,346.145362
10174,346.107647
10175,346.069765
10176,345.383149
10177,345.41609
10178,345.44926
10179,345.482663
10180,345.516299
10181,345.550167
10182,345.58426
10183,345.618567
10184,345.653072
10185,345.687755
10186,345.72259
10187,345.757545
10188,345.79258
10189,345.827649
10190,345.862701
10191,345.897674
10192,345.932501
10193,345.967107
10194,346.001412
10195,346.035329
10196,346.06877
10197,346.101643
10198,346.133855
10199,346.165318
10200,346.195945
10201,346.225656
10202,346.254379
10203,346.282048
10204,346.308607
10205,346.33401
10206,346.358216
10207,346.381195
10208,346.402922
10209,346.423377
10210,346.44254
10211,346.460392
10212,346.47691
10213,346.492058
10214,346.505786
10215,346.518017
10216,346.52864
10217,346.537494
10218,346.544352
10219,346.548908
10220,346.550832
10221,346.549906
10222,346.54599
10223,346.539009
10224,346.528935
10225,346.51578
10226,346.49959
10227,346.480435
10228,346.458413
10229,346.433644
10230,346.406273
10231,346.376474
10232,346.344455
10233,346.310468
10234,346.274824
10235,346.237917
10236,346.200173
10237,346.16191
10238,346.123349
10239,346.084632
10240,345.392249
10241,345.425716
10242,345.459433
10243,345.493406
10244,345.527635
10245,345.562121
10246,345.596857
10247,345.631836
10248,345.667041
10249,345.702455
10250,345.738052
10251,345.773799
10252,345.809658
10253,345.845584
10254,345.881521
10255,345.917407
10256,345.953171
10257,345.988735
10258,346.024011
10259,346.058908
10260,346.093328
10261,346.12717
10262,346.160334
10263,346.192721
10264,346.224237
10265,346.254792
10266,346.284307
10267,346.31271
10268,346.339938
10269,346.365939
10270,346.39067
10271,346.414095
10272,346.436184
10273,346.456914
10274,346.476263
10275,346.494209
10276,346.510723
10277,346.525771
10278,346.539298
10279,346.551231
10280,346.561458
10281,346.569824
10282,346.576109
10283,346.580015
10284,346.581222
10285,346.579521
10286,346.57478
10287,346.566931
10288,346.555954
10289,346.541868
10290,346.524725
10291,346.504604
10292,346.481612
10293,346.455876
10294,346.427552
10295,346.396819
10296,346.363892
10297,346.329024
10298,346.292527
10299,346.254791
10300,346.216239
10301,346.177184
10302,346.137843
10303,346.098354
10304,345.401156
10305,345.435141
10306,345.469398
10307,345.503934
10308,345.538754
10309,345.573857
10310,345.60924
10311,345.644896
10312,345.680811
10313,345.716969
10314,345.753344
10315,345.789907
10316,345.826619
10317,345.863433
10318,345.900294
10319,345.937138
10320,345.973889
10321,346.010465
10322,346.046772
10323,346.082709
10324,346.11817
10325,346.153044
10326,346.187219
10327,346.220585
10328,346.253038
10329,346.284478
10330,346.314817
10331,346.343975
10332,346.371884
10333,346.398485
10334,346.42373
10335,346.447578
10336,346.469996
10337,346.490958
10338,346.510436
10339,346.528406
10340,346.544838
10341,346.559692
10342,346.572917
10343,346.584436
10344,346.594143
10345,346.601888
10346,346.607462
10347,346.61058
10348,346.610935
10349,346.608329
10350,346.602642
10351,346.593813
10352,346.58183
10353,346.566721
10354,346.548544
10355,346.527389
10356,346.503371
10357,346.476629
10358,346.447327
10359,346.415653
10360,346.381826
10361,346.346104
10362,346.308795
10363,346.270282
10364,346.230981
10365,346.191196
10366,346.151139
10367,346.110941
10368,345.409847
10369,345.444338
10370,345.479127
10371,345.514221
10372,345.549625
10373,345.585343
10374,345.621372
10375,345.657708
10376,345.69434
10377,345.731251
10378,345.76842
10379,345.805818
10380,345.843406
10381,345.88114
10382,345.918961
10383,345.956805
10384,345.994592
10385,346.032234
10386,346.069631
10387,346.106671
10388,346.143238
10389,346.179209
10390,346.214457
10391,346.248861
10392,346.282301
10393,346.314669
10394,346.345866
10395,346.375803
10396,346.404406
10397,346.431608
10398,346.457358
10399,346.48161
10400,346.504328
10401,346.52548
10402,346.545036
10403,346.562969
10404,346.579244
10405,346.593822
10406,346.606647
10407,346.617647
10408,346.626717
10409,346.633716
10410,346.638448
10411,346.640644
10412,346.640016
10413,346.636382
10414,346.629632
10415,346.619715
10416,346.606627
10417,346.590404
10418,346.571112
10419,346.548852
10420,346.52375
10421,346.495955
10422,346.465644
10423,346.433015
10424,346.398294
10425,346.361739
10426,346.323656
10427,346.284417
10428,346.244425
10429,346.203971
10430,346.163259
10431,346.122417
10432,345.418296
10433,345.453282
10434,345.488591
10435,345.524233
10436,345.560215
10437,345.596541
10438,345.633214
10439,345.670229
10440,345.707579
10441,345.74525
10442,345.783223
10443,345.821471
10444,345.859957
10445,345.898636
10446,345.937451
10447,345.976335
10448,346.015205
10449,346.053966
10450,346.092511
10451,346.130719
10452,346.168459
10453,346.205593
10454,346.241979
10455,346.277479
10456,346.311961
10457,346.345302
10458,346.377391
10459,346.408131
10460,346.437441
10461,346.465249
10462,346.491497
10463,346.516136
10464,346.539126
10465,346.560432
10466,346.580021
10467,346.59786
10468,346.613915
10469,346.628141
10470,346.640483
10471,346.650868
10472,346.659197
10473,346.665335
10474,346.669101
10475,346.67025
10476,346.668519
10477,346.663741
10478,346.655821
10479,346.644717
10480,346.630431
10481,346.613006
10482,346.59252
10483,346.569082
10484,346.542831
10485,346.513932
10486,346.482574
10487,346.448968
10488,346.413349
10489,346.375978
10490,346.337155
10491,346.297239
10492,346.256611
10493,346.215547
10494,346.17424
10495,346.132812
10496,345.426477
10497,345.461944
10498,345.49776
10499,345.533938
10500,345.570486
10501,345.607413
10502,345.644721
10503,345.682411
10504,345.720477
10505,345.75891
10506,345.797692
10507,345.836799
10508,345.876198
10509,345.915844
10510,345.955681
10511,345.995639
10512,346.035635
10513,346.075567
10514,346.115318
10515,346.154757
10516,346.193737
10517,346.232103
10518,346.269694
10519,346.306352
10520,346.341929
10521,346.376286
10522,346.409302
10523,346.44087
10524,346.4709
10525,346.499317
10526,346.526057
10527,346.551068
10528,346.574307
10529,346.595734
10530,346.615316
10531,346.633015
10532,346.648794
10533,346.662606
10534,346.674394
10535,346.684085
10536,346.691583
10537,346.696761
10538,346.699454
10539,346.699445
10540,346.696505
10541,346.690486
10542,346.681304
10543,346.668924
10544,346.653355
10545,346.634648
10546,346.612889
10547,346.5882
10548,346.560734
10549,346.530671
10550,346.498219
10551,346.463604
10552,346.427074
10553,346.388894
10554,346.34936
10555,346.30881
10556,346.267594
10557,346.225971
10558,346.184123
10559,346.142165
10560,345.434362
10561,345.470294
10562,345.506602
10563,345.5433
10564,345.580401
10565,345.617915
10566,345.655847
10567,345.694202
10568,345.732977
10569,345.772167
10570,345.811757
10571,345.851728
10572,345.892047
10573,345.932674
10574,345.973553
10575,346.014616
10576,346.055774
10577,346.096922
10578,346.137935
10579,346.178667
10580,346.218954
10581,346.25862
10582,346.297483
10583,346.335361
10584,346.372085
10585,346.407501
10586,346.441476
10587,346.473892
10588,346.504655
10589,346.533682
10590,346.560908
10591,346.586277
10592,346.609743
10593,346.631265
10594,346.650805
10595,346.668325
10596,346.683784
10597,346.697133
10598,346.708314
10599,346.717251
10600,346.723852
10601,346.727997
10602,346.729535
10603,346.728283
10604,346.724054
10605,346.716719
10606,346.706202
10607,346.692475
10608,346.675553
10609,346.655492
10610,346.632389
10611,346.606376
10612,346.577623
10613,346.546331
10614,346.512728
10615,346.477061
10616,346.439591
10617,346.400596
10618,346.360364
10619,346.319211
10620,346.277444
10621,346.235302
10622,346.192958
10623,346.15052
10624,345.441923
10625,345.478301
10626,345.515083
10627,345.552284
10628,345.58992
10629,345.628003
10630,345.666544
10631,345.705548
10632,345.745019
10633,345.784955
10634,345.825345
10635,345.866173
10636,345.907413
10637,345.949026
10638,345.99096
10639,346.033146
10640,346.075495
10641,346.117898
10642,346.160219
10643,346.202301
10644,346.24396
10645,346.284994
10646,346.325193
10647,346.364348
10648,346.402268
10649,346.438782
10650,346.473742
10651,346.507024
10652,346.538526
10653,346.568163
10654,346.595866
10655,346.621578
10656,346.645252
10657,346.666844
10658,346.686316
10659,346.703626
10660,346.718732
10661,346.731584
10662,346.742121
10663,346.750268
10664,346.755936
10665,346.759012
10666,346.75936
10667,346.75683
10668,346.751274
10669,346.74258
10670,346.730683
10671,346.715559
10672,346.697229
10673,346.675756
10674,346.651243
10675,346.623838
10676,346.593728
10677,346.561136
10678,346.526317
10679,346.489542
10680,346.451091
10681,346.411249
10682,346.370303
10683,346.328541
10684,346.286233
10685,346.243596
10686,346.20079
10687,346.157918
10688,345.449131
10689,345.485935
10690,345.52317
10691,345.560853
10692,345.599002
10693,345.637634
10694,345.676761
10695,345.716394
10696,345.75654
10697,345.797202
10698,345.838375
10699,345.880047
10700,345.922197
10701,345.96479
10702,346.007778
10703,346.051095
10704,346.094651
10705,346.138334
10706,346.182002
10707,346.225482
10708,346.268569
10709,346.311032
10710,346.352627
10711,346.393111
10712,346.432268
10713,346.469908
10714,346.505871
10715,346.540027
10716,346.572268
10717,346.602508
10718,346.630676
10719,346.656716
10720,346.680578
10721,346.702219
10722,346.7216
10723,346.738678
10724,346.75341
10725,346.765743
10726,346.775618
10727,346.782962
10728,346.787688
10729,346.789692
10730,346.788856
10731,346.785055
10732,346.778168
10733,346.768105
10734,346.754809
10735,346.738264
10736,346.718493
10737,346.695565
10738,346.669593
10739,346.640736
10740,346.609202
10741,346.575239
10742,346.539134
10743,346.501188
10744,346.461703
10745,346.42097
10746,346.379272
10747,346.336876
10748,346.294019
10749,346.250897
10750,346.207655
10751,346.164388
10752,345.455958
10753,345.493166
10754,345.53083
10755,345.56897
10756,345.607608
10757,345.64676
10758,345.686446
10759,345.72668
10760,345.767474
10761,345.808834
10762,345.850763
10763,345.893254
10764,345.936291
10765,345.979845
10766,346.023873
10767,346.068311
10768,346.113073
10769,346.158046
10770,346.20308
10771,346.247991
10772,346.292551
10773,346.336495
10774,346.379533
10775,346.421385
10776,346.461805
10777,346.500585
10778,346.537556
10779,346.572581
10780,346.605551
10781,346.636379
10782,346.664995
10783,346.691342
10784,346.715372
10785,346.737043
10786,346.756314
10787,346.773144
10788,346.787489
10789,346.799296
10790,346.808508
10791,346.815053
10792,346.81885
10793,346.819804
10794,346.817813
10795,346.812771
10796,346.804581
10797,346.793166
10798,346.778479
10799,346.760511
10800,346.73929
10801,346.714888
10802,346.687425
10803,346.657073
10804,346.624056
10805,346.588657
10806,346.551201
10807,346.512024
10808,346.471451
10809,346.429784
10810,346.387297
10811,346.344239
10812,346.300823
10813,346.257223
10814,346.213569
10815,346.169944
10816,345.462377
10817,345.499965
10818,345.538032
10819,345.576601
10820,345.615696
10821,345.655338
10822,345.695549
10823,345.736349
10824,345.777754
10825,345.819776
10826,345.862423
10827,345.905696
10828,345.949583
10829,345.994063
10830,346.039098
10831,346.08463
10832,346.130577
10833,346.176824
10834,346.22322
10835,346.26957
10836,346.315625
10837,346.361081
10838,346.40559
10839,346.448826
10840,346.490511
10841,346.530424
10842,346.568388
10843,346.604262
10844,346.637937
10845,346.669328
10846,346.698366
10847,346.724996
10848,346.749171
10849,346.770852
10850,346.789997
10851,346.806568
10852,346.820521
10853,346.831805
10854,346.840363
10855,346.846129
10856,346.849026
10857,346.848969
10858,346.84587
10859,346.839636
10860,346.830188
10861,346.817461
10862,346.801417
10863,346.782052
10864,346.759397
10865,346.733527
10866,346.704567
10867,346.672699
10868,346.638165
10869,346.601279
10870,346.562418
10871,346.521966
10872,346.480271
10873,346.43764
10874,346.394341
10875,346.350607
10876,346.30663
10877,346.262565
10878,346.218524
10879,346.17458
10880,345.468364
10881,345.506304
10882,345.544745
10883,345.583711
10884,345.623229
10885,345.663324
10886,345.704021
10887,345.745344
10888,345.787315
10889,345.829952
10890,345.873269
10891,345.917272
10892,345.961959
10893,346.007313
10894,346.053303
10895,346.099878
10896,346.14696
10897,346.194437
10898,346.242157
10899,346.289917
10900,346.33745
10901,346.384414
10902,346.430387
10903,346.474985
10904,346.517906
10905,346.558915
10906,346.597832
10907,346.634514
10908,346.668855
10909,346.70077
10910,346.730194
10911,346.757075
10912,346.781369
10913,346.803037
10914,346.822043
10915,346.838348
10916,346.851909
10917,346.862679
10918,346.870604
10919,346.87562
10920,346.877659
10921,346.876643
10922,346.872493
10923,346.865131
10924,346.854487
10925,346.840509
10926,346.823164
10927,346.802452
10928,346.778407
10929,346.751107
10930,346.720679
10931,346.68731
10932,346.651259
10933,346.612868
10934,346.572586
10935,346.530847
10936,346.488024
10937,346.444428
10938,346.400319
10939,346.355915
10940,346.311391
10941,346.266883
10942,346.222489
10943,346.17827
10944,345.473895
10945,345.51216
10946,345.550943
10947,345.590271
10948,345.630173
10949,345.670677
10950,345.711814
10951,345.75361
10952,345.796095
10953,345.83929
10954,345.883216
10955,345.927886
10956,345.973304
10957,346.019461
10958,346.066334
10959,346.113876
10960,346.162016
10961,346.210644
10962,346.259608
10963,346.308698
10964,346.357632
10965,346.406032
10966,346.453395
10967,346.49928
10968,346.543362
10969,346.585396
10970,346.625197
10971,346.662624
10972,346.697571
10973,346.729958
10974,346.759722
10975,346.786814
10976,346.811195
10977,346.832828
10978,346.851679
10979,346.867712
10980,346.880886
10981,346.891158
10982,346.898475
10983,346.902781
10984,346.904011
10985,346.902095
10986,346.896963
10987,346.888546
10988,346.876785
10989,346.861633
10990,346.843065
10991,346.821082
10992,346.795722
10993,346.767063
10994,346.735235
10995,346.70043
10996,346.662919
10997,346.623073
10998,346.581413
10999,346.538432
11000,346.494521
11001,346.449996
11002,346.40511
11003,346.360069
11004,346.315031
11005,346.270119
11006,346.225414
11007,346.180968
11008,345.478952
11009,345.517511
11010,345.556601
11011,345.596252
11012,345.636495
11013,345.677362
11014,345.718885
11015,345.761098
11016,345.804033
11017,345.847719
11018,345.892182
11019,345.937441
11020,345.983508
11021,346.03038
11022,346.078041
11023,346.12645
11024,346.17554
11025,346.225205
11026,346.275291
11027,346.325579
11028,346.375768
11029,346.425445
11030,346.474047
11031,346.521084
11032,346.566207
11033,346.609158
11034,346.649747
11035,346.687832
11036,346.723308
11037,346.756099
11038,346.786145
11039,346.813402
11040,346.837832
11041,346.859402
11042,346.878081
11043,346.893837
11044,346.906631
11045,346.916422
11046,346.923164
11047,346.926802
11048,346.927278
11049,346.924529
11050,346.918491
11051,346.909105
11052,346.896315
11053,346.880083
11054,346.860388
11055,346.837234
11056,346.81066
11057,346.780747
11058,346.747628
11059,346.711503
11060,346.672656
11061,346.631489
11062,346.588577
11063,346.544458
11064,346.499548
11065,346.45417
11066,346.408573
11067,346.362953
11068,346.317458
11069,346.272194
11070,346.227234
11071,346.182618
11072,345.483519
11073,345.52234
11074,345.561701
11075,345.601633
11076,345.64217
11077,345.683345
11078,345.725197
11079,345.767762
11080,345.811077
11081,345.855177
11082,345.900093
11083,345.945851
11084,345.992468
11085,346.03995
11086,346.088284
11087,346.137437
11088,346.187344
11089,346.237901
11090,346.28895
11091,346.340263
11092,346.39152
11093,346.442276
11094,346.491926
11095,346.539943
11096,346.585951
11097,346.629681
11098,346.670935
11099,346.70957
11100,346.745482
11101,346.778595
11102,346.808855
11103,346.83622
11104,346.860655
11105,346.882131
11106,346.90062
11107,346.916092
11108,346.928513
11109,346.937845
11110,346.944044
11111,346.947062
11112,346.946843
11113,346.943332
11114,346.936471
11115,346.926206
11116,346.912488
11117,346.895283
11118,346.874574
11119,346.850368
11120,346.822707
11121,346.791673
11122,346.757405
11123,346.720112
11124,346.680094
11125,346.637779
11126,346.593781
11127,346.548673
11128,346.502893
11129,346.456772
11130,346.410561
11131,346.364447
11132,346.31857
11133,346.273026
11134,346.227877
11135,346.183154
11136,345.487587
11137,345.526637
11138,345.56623
11139,345.606398
11140,345.647176
11141,345.688604
11142,345.73072
11143,345.773565
11144,345.817182
11145,345.861609
11146,345.906884
11147,345.953038
11148,346.000095
11149,346.048063
11150,346.096939
11151,346.146691
11152,346.197259
11153,346.248537
11154,346.300365
11155,346.352505
11156,346.404618
11157,346.456235
11158,346.50672
11159,346.555518
11160,346.602232
11161,346.64658
11162,346.688356
11163,346.727415
11164,346.763653
11165,346.796996
11166,346.827391
11167,346.8548
11168,346.87919
11169,346.900537
11170,346.918815
11171,346.933996
11172,346.94605
11173,346.954943
11174,346.960635
11175,346.96308
11176,346.96223
11177,346.958032
11178,346.950435
11179,346.939388
11180,346.92485
11181,346.90679
11182,346.885193
11183,346.860071
11184,346.831467
11185,346.799469
11186,346.76422
11187,346.725938
11188,346.684939
11189,346.641672
11190,346.596778
11191,346.550856
11192,346.504363
11193,346.457637
11194,346.410932
11195,346.364431
11196,346.318267
11197,346.272527
11198,346.227267
11199,346.182509
11200,345.491152
11201,345.530396
11202,345.570179
11203,345.610535
11204,345.651502
11205,345.693119
11206,345.735429
11207,345.778478
11208,345.82231
11209,345.866971
11210,345.912501
11211,345.958938
11212,346.006309
11213,346.05463
11214,346.103899
11215,346.154091
11216,346.205145
11217,346.256956
11218,346.309359
11219,346.362109
11220,346.414852
11221,346.4671
11222,346.518195
11223,346.56756
11224,346.614784
11225,346.659571
11226,346.701711
11227,346.741055
11228,346.777497
11229,346.810966
11230,346.841409
11231,346.86879
11232,346.893082
11233,346.91426
11234,346.932301
11235,346.947183
11236,346.958877
11237,346.967352
11238,346.972571
11239,346.974494
11240,346.973075
11241,346.968268
11242,346.960025
11243,346.9483
11244,346.933056
11245,346.914265
11246,346.891918
11247,346.866028
11248,346.836643
11249,346.803854
11250,346.767809
11251,346.728734
11252,346.686958
11253,346.642948
11254,346.597363
11255,346.550821
11256,346.503789
11257,346.456618
11258,346.409559
11259,346.362796
11260,346.316455
11261,346.270618
11262,346.225334
11263,346.180619
11264,345.494214
11265,345.533618
11266,345.573549
11267,345.614044
11268,345.65514
11269,345.696881
11270,345.739311
11271,345.78248
11272,345.826436
11273,345.871228
11274,345.916902
11275,345.963498
11276,346.01105
11277,346.059577
11278,346.109081
11279,346.159538
11280,346.210891
11281,346.263033
11282,346.315796
11283,346.368927
11284,346.422065
11285,346.474706
11286,346.526177
11287,346.575887
11288,346.623414
11289,346.668452
11290,346.710786
11291,346.750264
11292,346.786781
11293,346.820262
11294,346.85066
11295,346.877937
11296,346.90207
11297,346.923036
11298,346.940815
11299,346.955386
11300,346.966724
11301,346.9748
11302,346.979583
11303,346.981033
11304,346.979111
11305,346.973773
11306,346.964976
11307,346.952678
11308,346.936847
11309,346.917459
11310,346.894507
11311,346.868008
11312,346.838012
11313,346.804615
11314,346.76797
11315,346.72831
11316,346.685974
11317,346.641438
11318,346.595376
11319,346.548416
11320,346.501038
11321,346.453592
11322,346.406336
11323,346.359449
11324,346.313054
11325,346.267229
11326,346.222015
11327,346.177427
11328,345.496784
11329,345.536312
11330,345.576349
11331,345.61693
11332,345.658095
11333,345.69989
11334,345.742362
11335,345.785562
11336,345.829544
11337,345.87436
11338,345.920058
11339,345.966685
11340,346.014275
11341,346.062853
11342,346.112423
11343,346.162963
11344,346.214417
11345,346.266678
11346,346.319577
11347,346.372856
11348,346.426147
11349,346.478938
11350,346.530548
11351,346.580376
11352,346.627991
11353,346.673085
11354,346.715436
11355,346.754891
11356,346.791344
11357,346.824721
11358,346.854973
11359,346.882067
11360,346.905977
11361,346.926686
11362,346.944173
11363,346.95842
11364,346.969405
11365,346.977103
11366,346.981482
11367,346.98251
11368,346.980148
11369,346.974359
11370,346.965101
11371,346.95234
11372,346.936043
11373,346.916193
11374,346.892785
11375,346.865841
11376,346.835413
11377,346.8016
11378,346.764559
11379,346.724529
11380,346.681852
11381,346.637015
11382,346.590696
11383,346.543531
11384,346.496003
11385,346.448468
11386,346.40118
11387,346.354318
11388,346.308001
11389,346.262303
11390,346.217262
11391,346.172888
11392,345.49888
11393,345.538497
11394,345.578595
11395,345.619209
11396,345.66038
11397,345.702156
11398,345.744587
11399,345.787727
11400,345.831633
11401,345.876359
11402,345.921958
11403,345.968478
11404,346.015959
11405,346.064427
11406,346.113887
11407,346.164321
11408,346.215673
11409,346.267837
11410,346.320643
11411,346.373831
11412,346.427031
11413,346.479728
11414,346.531235
11415,346.58095
11416,346.628438
11417,346.673386
11418,346.715574
11419,346.754845
11420,346.791092
11421,346.824243
11422,346.854248
11423,346.881074
11424,346.904698
11425,346.9251
11426,346.942265
11427,346.956175
11428,346.966809
11429,346.974145
11430,346.978155
11431,346.978808
11432,346.976071
11433,346.969908
11434,346.960284
11435,346.947166
11436,346.930527
11437,346.910353
11438,346.886642
11439,346.859419
11440,346.828741
11441,346.794707
11442,346.757478
11443,346.717295
11444,346.674504
11445,346.629592
11446,346.583241
11447,346.536088
11448,346.488616
11449,346.44118
11450,346.394034
11451,346.347353
11452,346.301252
11453,346.255803
11454,346.21104
11455,346.166971
11456,345.500529
11457,345.5402
11458,345.580314
11459,345.620906
11460,345.662018
11461,345.7037
11462,345.746005
11463,345.788989
11464,345.832711
11465,345.877231
11466,345.922603
11467,345.968877
11468,346.016097
11469,346.064289
11470,346.113461
11471,346.163597
11472,346.21464
11473,346.266487
11474,346.318968
11475,346.371825
11476,346.424689
11477,346.477045
11478,346.52821
11479,346.57758
11480,346.624722
11481,346.669325
11482,346.711166
11483,346.75009
11484,346.785989
11485,346.81879
11486,346.848445
11487,346.874918
11488,346.898189
11489,346.918237
11490,346.935047
11491,346.948604
11492,346.958888
11493,346.965879
11494,346.969551
11495,346.969877
11496,346.966826
11497,346.960367
11498,346.950468
11499,346.937101
11500,346.920242
11501,346.89988
11502,346.876019
11503,346.848686
11504,346.817939
11505,346.783881
11506,346.746675
11507,346.706559
11508,346.66388
11509,346.619122
11510,346.572966
11511,346.526044
11512,346.478838
11513,346.431696
11514,346.384868
11515,346.338527
11516,346.292786
11517,346.24771
11518,346.203334
11519,346.159662
11520,345.501766
11521,345.541458
11522,345.581543
11523,345.622057
11524,345.663044
11525,345.704554
11526,345.746644
11527,345.789373
11528,345.832803
11529,345.876996
11530,345.92201
11531,345.967897
11532,346.014701
11533,346.062451
11534,346.111156
11535,346.1608
11536,346.211328
11537,346.262638
11538,346.314563
11539,346.366849
11540,346.419131
11541,346.470902
11542,346.521482
11543,346.570277
11544,346.616857
11545,346.660914
11546,346.702227
11547,346.740642
11548,346.776051
11549,346.808381
11550,346.837582
11551,346.86362
11552,346.88647
11553,346.906115
11554,346.922539
11555,346.935727
11556,346.945661
11557,346.952321
11558,346.955686
11559,346.95573
11560,346.952426
11561,346.945746
11562,346.935662
11563,346.922149
11564,346.905189
11565,346.884775
11566,346.860914
11567,346.833635
11568,346.803001
11569,346.769115
11570,346.732139
11571,346.69231
11572,346.64997
11573,346.605597
11574,346.559864
11575,346.513396
11576,346.466664
11577,346.420011
11578,346.373682
11579,346.327843
11580,346.282604
11581,346.238029
11582,346.194149
11583,346.150967
11584,345.502641
11585,345.542322
11586,345.582333
11587,345.622712
11588,345.663504
11589,345.704761
11590,345.746545
11591,345.788918
11592,345.831944
11593,345.875689
11594,345.920213
11595,345.96557
11596,346.011804
11597,346.058946
11598,346.107006
11599,346.155966
11600,346.205775
11601,346.256332
11602,346.307472
11603,346.358949
11604,346.410407
11605,346.461348
11606,346.511106
11607,346.559097
11608,346.604901
11609,346.648215
11610,346.688823
11611,346.726571
11612,346.761353
11613,346.793093
11614,346.82174
11615,346.847259
11616,346.869625
11617,346.888819
11618,346.904825
11619,346.917628
11620,346.92721
11621,346.933555
11622,346.936641
11623,346.936446
11624,346.932946
11625,346.926116
11626,346.915933
11627,346.902375
11628,346.88543
11629,346.865093
11630,346.841377
11631,346.814314
11632,346.783969
11633,346.750446
11634,346.713906
11635,346.674581
11636,346.632806
11637,346.589048
11638,346.543966
11639,346.498172
11640,346.452124
11641,346.406156
11642,346.360504
11643,346.315328
11644,346.270734
11645,346.226785
11646,346.183508
11647,346.140909
11648,345.503215
11649,345.542853
11650,345.582745
11651,345.62293
11652,345.663455
11653,345.704377
11654,345.74576
11655,345.787672
11656,345.830181
11657,345.873355
11658,345.917257
11659,345.961942
11660,346.007455
11661,346.053827
11662,346.101067
11663,346.149159
11664,346.19805
11665,346.247641
11666,346.297775
11667,346.34821
11668,346.398604
11669,346.448475
11670,346.497177
11671,346.544141
11672,346.58896
11673,346.631342
11674,346.671074
11675,346.708004
11676,346.742026
11677,346.773063
11678,346.801061
11679,346.825984
11680,346.847804
11681,346.866501
11682,346.882059
11683,346.89446
11684,346.903691
11685,346.909732
11686,346.912566
11687,346.912173
11688,346.908531
11689,346.901619
11690,346.891417
11691,346.87791
11692,346.861088
11693,346.840952
11694,346.817519
11695,346.790827
11696,346.76094
11697,346.727965
11698,346.692059
11699,346.653451
11700,346.612463
11701,346.569547
11702,346.525342
11703,346.480441
11704,346.435285
11705,346.390193
11706,346.345392
11707,346.301037
11708,346.257228
11709,346.214026
11710,346.171459
11711,346.12953
11712,345.503562
11713,345.543128
11714,345.582856
11715,345.622785
11716,345.662968
11717,345.703467
11718,345.744353
11719,345.785697
11720,345.827573
11721,345.870053
11722,345.913201
11723,345.957075
11724,346.00172
11725,346.047164
11726,346.093418
11727,346.140463
11728,346.188247
11729,346.236672
11730,346.285585
11731,346.334755
11732,346.383853
11733,346.432421
11734,346.479838
11735,346.52556
11736,346.569198
11737,346.610467
11738,346.649163
11739,346.685134
11740,346.718273
11741,346.748501
11742,346.775762
11743,346.800015
11744,346.821232
11745,346.83939
11746,346.85447
11747,346.866457
11748,346.875333
11749,346.881084
11750,346.883691
11751,346.883137
11752,346.879403
11753,346.872472
11754,346.862327
11755,346.848959
11756,346.832362
11757,346.812543
11758,346.789522
11759,346.763343
11760,346.734073
11761,346.70182
11762,346.666739
11763,346.629051
11764,346.589065
11765,346.547213
11766,346.504108
11767,346.460313
11768,346.416248
11769,346.372217
11770,346.328435
11771,346.28505
11772,346.24216
11773,346.199823
11774,346.158066
11775,346.116893
11776,345.503775
11777,345.543241
11778,345.582757
11779,345.622366
11780,345.662127
11781,345.702111
11782,345.742396
11783,345.783062
11784,345.824188
11785,345.86585
11786,345.908115
11787,345.951042
11788,345.994676
11789,346.039045
11790,346.084155
11791,346.129988
11792,346.176489
11793,346.223562
11794,346.271056
11795,346.31875
11796,346.366333
11797,346.413375
11798,346.459291
11799,346.503569
11800,346.545841
11801,346.585834
11802,346.623348
11803,346.658233
11804,346.690378
11805,346.719702
11806,346.746145
11807,346.769663
11808,346.790225
11809,346.807804
11810,346.822382
11811,346.83394
11812,346.842462
11813,346.847932
11814,346.850335
11815,346.849655
11816,346.845876
11817,346.838983
11818,346.828965
11819,346.815816
11820,346.799537
11821,346.780138
11822,346.757647
11823,346.732111
11824,346.703603
11825,346.67223
11826,346.638148
11827,346.601571
11828,346.562792
11829,346.522218
11830,346.480424
11831,346.437939
11832,346.395154
11833,346.352356
11834,346.309749
11835,346.267476
11836,346.22563
11837,346.184267
11838,346.143415
11839,346.103078
11840,345.503966
11841,345.543305
11842,345.582558
11843,345.621775
11844,345.661027
11845,345.700396
11846,345.739973
11847,345.779846
11848,345.820102
11849,345.860823
11850,345.902078
11851,345.943927
11852,345.986415
11853,346.029568
11854,346.073391
11855,346.117861
11856,346.162923
11857,346.208477
11858,346.254376
11859,346.300406
11860,346.346275
11861,346.391585
11862,346.435803
11863,346.478456
11864,346.519201
11865,346.557775
11866,346.593982
11867,346.627669
11868,346.658724
11869,346.687061
11870,346.712616
11871,346.735342
11872,346.755203
11873,346.77217
11874,346.786222
11875,346.79734
11876,346.805507
11877,346.810708
11878,346.812928
11879,346.812153
11880,346.808369
11881,346.801567
11882,346.791738
11883,346.778881
11884,346.763001
11885,346.744116
11886,346.722258
11887,346.697479
11888,346.669857
11889,346.639505
11890,346.606575
11891,346.571278
11892,346.533891
11893,346.494792
11894,346.454506
11895,346.413514
11896,346.372178
11897,346.330768
11898,346.289477
11899,346.248442
11900,346.207755
11901,346.167469
11902,346.12761
11903,346.088184
11904,345.504274
11905,345.543459
11906,345.58239
11907,345.621133
11908,345.659776
11909,345.698421
11910,345.737172
11911,345.776132
11912,345.815396
11913,345.855051
11914,345.895171
11915,345.935816
11916,345.977032
11917,346.018842
11918,346.061249
11919,346.104225
11920,346.147711
11921,346.191608
11922,346.235766
11923,346.27998
11924,346.32397
11925,346.367374
11926,346.409727
11927,346.45061
11928,346.489699
11929,346.52674
11930,346.561537
11931,346.593937
11932,346.623823
11933,346.651104
11934,346.675713
11935,346.697598
11936,346.716718
11937,346.733045
11938,346.746552
11939,346.75722
11940,346.765033
11941,346.769974
11942,346.77203
11943,346.771189
11944,346.767439
11945,346.760773
11946,346.751187
11947,346.738685
11948,346.723276
11949,346.704983
11950,346.683845
11951,346.659918
11952,346.633288
11953,346.604068
11954,346.572415
11955,346.538533
11956,346.502692
11957,346.465236
11958,346.426623
11959,346.387277
11960,346.347531
11961,346.307636
11962,346.267781
11963,346.228097
11964,346.188671
11965,346.149555
11966,346.110771
11967,346.072324
11968,345.504873
11969,345.54387
11970,345.582407
11971,345.620575
11972,345.658493
11973,345.696289
11974,345.734087
11975,345.772006
11976,345.810151
11977,345.848616
11978,345.887479
11979,345.926802
11980,345.966628
11981,346.00698
11982,346.047856
11983,346.089227
11984,346.131029
11985,346.173161
11986,346.215473
11987,346.257763
11988,346.299768
11989,346.341157
11990,346.381543
11991,346.420562
11992,346.457908
11993,346.493336
11994,346.526651
11995,346.557697
11996,346.586353
11997,346.612525
11998,346.636141
11999,346.657145
12000,346.675494
12001,346.691156
12002,346.704103
12003,346.714315
12004,346.721774
12005,346.726465
12006,346.728374
12007,346.727491
12008,346.723807
12009,346.717318
12010,346.708023
12011,346.695928
12012,346.68105
12013,346.663415
12014,346.643066
12015,346.620067
12016,346.594506
12017,346.566503
12018,346.536213
12019,346.50384
12020,346.469641
12021,346.433935
12022,346.3971
12023,346.359501
12024,346.321442
12025,346.283162
12026,346.244839
12027,346.2066
12028,346.168527
12029,346.130665
12030,346.093032
12031,346.055626
12032,345.505984
12033,345.544749
12034,345.582792
12035,345.620256
12036,345.657307
12037,345.694109
12038,345.730813
12039,345.767554
12040,345.80445
12041,345.8416
12042,345.879087
12043,345.916973
12044,345.955301
12045,345.994092
12046,346.033341
12047,346.073016
12048,346.113051
12049,346.153343
12050,346.193743
12051,346.234057
12052,346.274039
12053,346.313392
12054,346.351788
12055,346.388908
12056,346.424472
12057,346.458244
12058,346.490032
12059,346.51968
12060,346.547065
12061,346.572089
12062,346.594677
12063,346.614772
12064,346.632326
12065,346.647305
12066,346.65968
12067,346.669431
12068,346.676538
12069,346.680987
12070,346.682765
12071,346.681863
12072,346.678274
12073,346.671996
12074,346.663031
12075,346.651388
12076,346.637088
12077,346.620162
12078,346.600656
12079,346.578639
12080,346.554201
12081,346.527465
12082,346.498588
12083,346.467766
12084,346.435242
12085,346.401305
12086,346.366274
12087,346.330464
12088,346.294148
12089,346.257546
12090,346.220828
12091,346.184112
12092,346.147474
12093,346.110949
12094,346.074542
12095,346.038237
12096,345.507904
12097,345.546356
12098,345.583756
12099,345.620341
12100,345.656348
12101,345.691986
12102,345.727437
12103,345.762854
12104,345.798365
12105,345.834076
12106,345.87007
12107,345.906411
12108,345.943142
12109,345.980281
12110,346.017822
12111,346.05573
12112,346.093938
12113,346.132343
12114,346.170801
12115,346.209126
12116,346.247091
12117,346.284429
12118,346.320854
12119,346.356084
12120,346.389863
12121,346.421967
12122,346.452209
12123,346.480436
12124,346.506525
12125,346.530376
12126,346.551914
12127,346.571076
12128,346.587818
12129,346.602101
12130,346.613897
12131,346.623183
12132,346.629941
12133,346.634157
12134,346.635818
12135,346.634916
12136,346.631447
12137,346.625408
12138,346.616806
12139,346.605652
12140,346.591968
12141,346.575789
12142,346.557164
12143,346.536164
12144,346.512881
12145,346.487438
12146,346.459988
12147,346.430721
12148,346.399864
12149,346.367675
12150,346.334434
12151,346.300414
12152,346.26586
12153,346.230975
12154,346.195915
12155,346.16079
12156,346.125665
12157,346.09056
12158,346.05546
12159,346.02032
12160,345.511052
12161,345.549026
12162,345.585538
12163,345.620998
12164,345.655736
12165,345.690013
12166,345.724037
12167,345.757975
12168,345.791963
12169,345.826108
12170,345.860497
12171,345.895191
12172,345.930233
12173,345.965639
12174,346.001403
12175,346.037488
12176,346.073828
12177,346.110321
12178,346.14683
12179,346.18318
12180,346.219158
12181,346.254524
12182,346.289021
12183,346.322396
12184,346.35441
12185,346.384856
12186,346.413553
12187,346.440353
12188,346.465135
12189,346.487799
12190,346.508271
12191,346.526488
12192,346.542404
12193,346.555982
12194,346.567192
12195,346.576013
12196,346.582425
12197,346.586416
12198,346.587973
12199,346.587089
12200,346.58376
12201,346.577987
12202,346.569775
12203,346.559138
12204,346.5461
12205,346.530697
12206,346.512978
12207,346.493016
12208,346.470901
12209,346.446755
12210,346.420725
12211,346.392993
12212,346.363768
12213,346.333288
12214,346.301801
12215,346.26955
12216,346.236756
12217,346.203607
12218,346.170246
12219,346.136772
12220,346.10324
12221,346.069652
12222,346.035963
12223,346.002075
12224,345.516084
12225,345.553167
12226,345.588378
12227,345.622371
12228,345.655567
12229,345.688259
12230,345.720669
12231,345.752968
12232,345.785293
12233,345.81775
12234,345.850423
12235,345.883374
12236,345.916642
12237,345.950243
12238,345.98417
12239,346.018387
12240,346.05283
12241,346.087402
12242,346.121971
12243,346.156372
12244,346.190407
12245,346.223854
12246,346.256477
12247,346.288042
12248,346.318329
12249,346.347141
12250,346.374306
12251,346.399683
12252,346.423155
12253,346.444626
12254,346.464023
12255,346.481285
12256,346.496368
12257,346.509234
12258,346.519855
12259,346.52821
12260,346.534281
12261,346.538054
12262,346.539518
12263,346.538668
12264,346.535498
12265,346.530011
12266,346.522213
12267,346.512118
12268,346.499749
12269,346.485142
12270,346.468347
12271,346.449433
12272,346.428489
12273,346.40563
12274,346.380999
12275,346.354767
12276,346.327131
12277,346.298309
12278,346.268528
12279,346.238014
12280,346.206968
12281,346.175563
12282,346.143934
12283,346.112171
12284,346.080318
12285,346.048367
12286,346.016241
12287,345.983765
12288,344.806162
12289,345.400673
12290,344.833516
12291,345.676827
12292,344.795687
12293,345.387898
12294,344.820795
12295,345.661307
12296,344.134296
12297,344.711808
12298,344.158781
12299,344.97843
