0,334.634765
1,334.667752
2,334.703985
3,334.735181
4,334.759336
5,334.776154
6,334.785685
7,334.787916
8,334.782652
9,334.769474
10,334.747728
11,334.716544
12,334.675
13,334.622744
14,334.562212
15,334.506156
16,334.422093
17,333.716581
18,333.450919
19,333.329168
20,333.258774
21,333.210014
22,333.17273
23,333.142984
24,333.118913
25,333.099426
26,333.083778
27,333.071422
28,333.061944
29,333.055039
30,333.050489
31,333.048154
32,333.047965
33,333.049923
34,333.054096
35,333.060624
36,333.069723
37,333.081699
38,333.096966
39,333.116071
40,333.139757
41,333.169117
42,333.20601
43,333.254374
44,333.324361
45,333.445674
46,333.710813
47,334.415538
48,334.499537
49,334.555303
50,334.615451
51,334.667289
52,334.708397
53,334.73913
54,334.760411
55,334.773107
56,334.77787
57,334.775116
58,334.765037
59,334.74764
60,334.722874
61,334.691036
62,334.654159
63,334.620639
64,334.660706
65,334.69463
66,334.731876
67,334.763948
68,334.788791
69,334.806101
70,334.815924
71,334.818246
72,334.812866
73,334.799354
74,334.77704
75,334.745034
76,334.702397
77,334.648773
78,334.58666
79,334.529129
80,334.444663
81,333.735211
82,333.467193
83,333.343663
84,333.271818
85,333.221853
86,333.183569
87,333.152994
88,333.12824
89,333.108196
90,333.092098
91,333.079386
92,333.069634
93,333.062528
94,333.057845
95,333.055441
96,333.055246
97,333.057259
98,333.061551
99,333.068264
100,333.077623
101,333.089943
102,333.105645
103,333.125293
104,333.149648
105,333.179822
106,333.217702
107,333.267256
108,333.338679
109,333.461756
110,333.729234
111,334.437874
112,334.522272
113,334.579503
114,334.64122
115,334.694412
116,334.736598
117,334.768138
118,334.789973
119,334.802988
120,334.807852
121,334.804992
122,334.794606
123,334.776703
124,334.751235
125,334.71851
126,334.680611
127,334.646152
128,334.688499
129,334.723359
130,334.761662
131,334.794675
132,334.820274
133,334.838135
134,334.8483
135,334.850748
136,334.845269
137,334.831424
138,334.808526
139,334.775671
140,334.731907
141,334.676892
142,334.613217
143,334.554305
144,334.469496
145,333.756116
146,333.485643
147,333.360239
148,333.286854
149,333.2356
150,333.196237
151,333.164765
152,333.13927
153,333.118618
154,333.102029
155,333.088927
156,333.078874
157,333.071549
158,333.066719
159,333.064239
160,333.064034
161,333.066106
162,333.070526
163,333.077441
164,333.087083
165,333.099774
166,333.115949
167,333.136186
168,333.161264
169,333.192317
170,333.231257
171,333.282082
172,333.355027
173,333.479958
174,333.74987
175,334.462404
176,334.547143
177,334.605743
178,334.669005
179,334.723571
180,334.766866
181,334.799238
182,334.821639
183,334.83497
184,334.839915
185,334.836913
186,334.826169
187,334.807699
188,334.781463
189,334.747788
190,334.708829
191,334.673437
192,334.711389
193,334.746995
194,334.786163
195,334.819964
196,334.846212
197,334.864563
198,334.875047
199,334.877639
200,334.872122
201,334.858046
202,334.834713
203,334.80121
204,334.756582
205,334.700507
206,334.635659
207,334.575736
208,334.490679
209,333.774321
210,333.501935
211,333.375053
212,333.300439
213,333.248148
214,333.207912
215,333.175708
216,333.149607
217,333.128457
218,333.111465
219,333.098041
220,333.08774
221,333.080232
222,333.07528
223,333.072735
224,333.07252
225,333.074638
226,333.07916
227,333.086239
228,333.09611
229,333.109103
230,333.125663
231,333.146379
232,333.172044
233,333.203808
234,333.243603
235,333.295446
236,333.369599
237,333.495989
238,333.76779
239,334.483269
240,334.568252
241,334.627851
242,334.69227
243,334.747879
244,334.792021
245,334.825023
246,334.847841
247,334.861386
248,334.866355
249,334.863193
250,334.852116
251,334.833146
252,334.806252
253,334.771785
254,334.731962
255,334.69583
256,334.727717
257,334.763855
258,334.803653
259,334.838043
260,334.864792
261,334.883538
262,334.894305
263,334.897058
264,334.891575
265,334.877399
266,334.853826
267,334.819935
268,334.774773
269,334.718034
270,334.652451
271,334.591897
272,334.506685
273,333.788421
274,333.514792
275,333.386936
276,333.311507
277,333.258522
278,333.217697
279,333.185
280,333.158487
281,333.136999
282,333.11973
283,333.106086
284,333.095614
285,333.087979
286,333.082941
287,333.080348
288,333.080124
289,333.082269
290,333.086858
291,333.094044
292,333.104067
293,333.117261
294,333.134077
295,333.155113
296,333.18117
297,333.213409
298,333.253772
299,333.30629
300,333.38124
301,333.508583
302,333.781603
303,334.498954
304,334.584091
305,334.644307
306,334.709446
307,334.765703
308,334.810363
309,334.843737
310,334.86678
311,334.88041
312,334.88533
313,334.881995
314,334.870626
315,334.851253
316,334.823853
317,334.788798
318,334.74835
319,334.711694
320,334.737216
321,334.773676
322,334.813868
323,334.848644
324,334.875742
325,334.894787
326,334.905795
327,334.908728
328,334.903358
329,334.889222
330,334.865612
331,334.831604
332,334.786243
333,334.729232
334,334.663333
335,334.602503
336,334.51722
337,333.798078
338,333.523866
339,333.395549
340,333.31973
341,333.266413
342,333.225306
343,333.192371
344,333.165659
345,333.144006
346,333.126603
347,333.112849
348,333.102291
349,333.094591
350,333.089508
351,333.086887
352,333.086653
353,333.088806
354,333.093422
355,333.100653
356,333.110742
357,333.124026
358,333.140958
359,333.162139
360,333.188376
361,333.220833
362,333.26146
363,333.314291
364,333.389611
365,333.517396
366,333.790976
367,334.509173
368,334.594377
369,334.654859
370,334.720299
371,334.776812
372,334.821656
373,334.855133
374,334.8782
375,334.891777
376,334.896573
377,334.893049
378,334.88143
379,334.861753
380,334.834004
381,334.798565
382,334.757731
383,334.720761
384,334.73988
385,334.776459
386,334.816816
387,334.85178
388,334.879078
389,334.898329
390,334.909542
391,334.912677
392,334.9075
393,334.893548
394,334.870107
395,334.836251
396,334.791023
397,334.734124
398,334.668312
399,334.607537
400,334.522264
401,333.803226
402,333.529072
403,333.400796
404,333.325012
405,333.271726
406,333.230646
407,333.197734
408,333.171042
409,333.149403
410,333.132009
411,333.118261
412,333.107705
413,333.100003
414,333.094915
415,333.092287
416,333.092044
417,333.094185
418,333.098785
419,333.106
420,333.116067
421,333.129326
422,333.146229
423,333.167377
424,333.193575
425,333.225991
426,333.266572
427,333.319353
428,333.39462
429,333.522344
430,333.795845
431,334.513906
432,334.599098
433,334.659513
434,334.724853
435,334.78124
436,334.825937
437,334.859249
438,334.882134
439,334.895517
440,334.90011
441,334.896377
442,334.884548
443,334.864664
444,334.836716
445,334.801093
446,334.760101
447,334.723022
448,334.735632
449,334.772128
450,334.812426
451,334.847384
452,334.874737
453,334.894102
454,334.905487
455,334.908847
456,334.90395
457,334.890328
458,334.867267
459,334.833838
460,334.789079
461,334.732675
462,334.667352
463,334.606966
464,334.521782
465,333.803829
466,333.530374
467,333.402646
468,333.327323
469,333.274434
470,333.233695
471,333.20107
472,333.174616
473,333.153172
474,333.135934
475,333.122307
476,333.11184
477,333.104201
478,333.099149
479,333.096535
480,333.096282
481,333.09839
482,333.102935
483,333.110068
484,333.120027
485,333.133146
486,333.149874
487,333.170808
488,333.196749
489,333.228859
490,333.269081
491,333.321447
492,333.396234
493,333.523393
494,333.796173
495,334.513118
496,334.598218
497,334.658235
498,334.723072
499,334.77895
500,334.823166
501,334.856039
502,334.878534
503,334.891578
504,334.895884
505,334.891919
506,334.879915
507,334.859916
508,334.831916
509,334.796306
510,334.755383
511,334.718396
512,334.72422
513,334.760426
514,334.800435
515,334.835192
516,334.862455
517,334.881846
518,334.893372
519,334.896987
520,334.892459
521,334.87932
522,334.856858
523,334.824142
524,334.780201
525,334.724697
526,334.660289
527,334.600641
528,334.515631
529,333.7998
530,333.527721
531,333.401068
532,333.326651
533,333.274537
534,333.234458
535,333.202389
536,333.176396
537,333.155327
538,333.13839
539,333.124997
540,333.114708
541,333.107192
542,333.102219
543,333.099637
544,333.099375
545,333.101431
546,333.105879
547,333.112868
548,333.122631
549,333.135496
550,333.151905
551,333.172445
552,333.197907
553,333.229444
554,333.268988
555,333.32056
556,333.394424
557,333.520489
558,333.791872
559,334.506665
560,334.59159
561,334.650857
562,334.714769
563,334.769735
564,334.81312
565,334.84527
566,334.867156
567,334.879709
568,334.883641
569,334.879417
570,334.86727
571,334.847246
572,334.81934
573,334.783938
574,334.743313
575,334.706626
576,334.705174
577,334.740874
578,334.780357
579,334.814713
580,334.84174
581,334.861068
582,334.872706
583,334.876608
584,334.872542
585,334.860048
586,334.838416
587,334.806719
588,334.763977
589,334.709815
590,334.646789
591,334.588273
592,334.503531
593,333.79098
594,333.521025
595,333.396024
596,333.32299
597,333.27205
598,333.232963
599,333.201723
600,333.176413
601,333.1559
602,333.139408
603,333.126362
604,333.116335
605,333.109005
606,333.104149
607,333.10162
608,333.101347
609,333.103332
610,333.107644
611,333.114429
612,333.123911
613,333.13641
614,333.152356
615,333.172321
616,333.197082
617,333.227771
618,333.266305
619,333.316686
620,333.38915
621,333.513545
622,333.782784
623,334.494268
624,334.578922
625,334.637049
626,334.699566
627,334.753178
628,334.795355
629,334.826476
630,334.847523
631,334.859424
632,334.862888
633,334.858375
634,334.846117
635,334.826157
636,334.798491
637,334.763498
638,334.723409
639,334.687237
640,334.677796
641,334.712759
642,334.751466
643,334.785212
644,334.811853
645,334.83103
646,334.842752
647,334.846973
648,334.84347
649,334.83179
650,334.811235
651,334.780888
652,334.739762
653,334.687442
654,334.626342
655,334.569416
656,334.485054
657,333.777131
658,333.510164
659,333.387469
660,333.316343
661,333.267006
662,333.229257
663,333.199126
664,333.174724
665,333.154946
666,333.139038
667,333.126449
668,333.116765
669,333.10968
670,333.104977
671,333.102519
672,333.102238
673,333.104133
674,333.108271
675,333.114793
676,333.123913
677,333.135937
678,333.15128
679,333.170492
680,333.194326
681,333.223889
682,333.261066
683,333.309828
684,333.380366
685,333.502437
686,333.768669
687,334.475497
688,334.55977
689,334.616298
690,334.676878
691,334.728637
692,334.769186
693,334.798949
694,334.818912
695,334.829994
696,334.832891
697,334.828056
698,334.815713
699,334.795908
700,334.768634
701,334.734257
702,334.694954
703,334.659528
704,334.641185
705,334.675161
706,334.712826
707,334.745748
708,334.771851
709,334.790787
710,334.802565
711,334.807142
712,334.804302
713,334.793609
714,334.77439
715,334.745747
716,334.706702
717,334.656798
718,334.598265
719,334.543489
720,334.45964
721,333.75794
722,333.494981
723,333.375357
724,333.306734
725,333.259464
726,333.223418
727,333.194679
728,333.171407
729,333.152537
730,333.137348
731,333.125318
732,333.116054
733,333.109269
734,333.104756
735,333.102386
736,333.102095
737,333.103883
738,333.107814
739,333.114017
740,333.122698
741,333.134145
742,333.148749
743,333.167035
744,333.189721
745,333.217874
746,333.253332
747,333.300009
748,333.368027
749,333.48701
750,333.749215
751,334.449793
752,334.53355
753,334.58792
754,334.645921
755,334.695255
756,334.733714
757,334.761764
758,334.780384
759,334.790473
760,334.792704
761,334.787512
762,334.775114
763,334.755553
764,334.728822
765,334.695279
766,334.657027
767,334.622597
768,334.594404
769,334.627125
770,334.663474
771,334.695355
772,334.72077
773,334.739379
774,334.751186
775,334.756151
776,334.75407
777,334.744534
778,334.726907
779,334.700333
780,334.663867
781,334.617023
782,334.561818
783,334.509884
784,334.426709
785,333.732996
786,333.475267
787,333.359646
788,333.294221
789,333.249527
790,333.215559
791,333.188495
792,333.166567
793,333.148768
794,333.134425
795,333.123048
796,333.114275
797,333.107838
798,333.103547
799,333.101281
800,333.100981
801,333.102646
802,333.106336
803,333.112172
804,333.120344
805,333.131118
806,333.14486
807,333.162056
808,333.183381
809,333.209841
810,333.243202
811,333.287286
812,333.35209
813,333.467053
814,333.72401
815,334.416577
816,334.499657
817,334.551176
818,334.605839
819,334.652103
820,334.687974
821,334.713946
822,334.730968
823,334.739895
824,334.741364
825,334.735784
826,334.723359
827,334.704128
828,334.678091
829,334.645596
830,334.60867
831,334.575504
832,334.537136
833,334.568331
834,334.603106
835,334.633754
836,334.658352
837,334.67656
838,334.688371
839,334.693745
840,334.692498
841,334.684255
842,334.668437
843,334.64426
844,334.610845
845,334.567721
846,334.51669
847,334.468432
848,334.38608
849,333.701545
850,333.450598
851,333.34026
852,333.278899
853,333.23735
854,333.205846
855,333.180727
856,333.16034
857,333.143759
858,333.130371
859,333.119731
860,333.11151
861,333.105464
862,333.101422
863,333.099273
864,333.098964
865,333.100493
866,333.103916
867,333.109342
868,333.116943
869,333.126962
870,333.139731
871,333.155691
872,333.175456
873,333.199952
874,333.230833
875,333.271755
876,333.332479
877,333.442144
878,333.692302
879,334.375668
880,334.457924
881,334.505758
882,334.556238
883,334.598771
884,334.631581
885,334.65515
886,334.670357
887,334.677986
888,334.67862
889,334.67263
890,334.660202
891,334.641376
892,334.616161
893,334.584908
894,334.549566
895,334.517934
896,334.472004
897,334.501473
898,334.534516
899,334.563831
900,334.587551
901,334.60532
902,334.617114
903,334.622893
904,334.622491
905,334.61558
906,334.601651
907,334.580018
908,334.549919
909,334.510964
910,334.464801
911,334.421037
912,334.338929
913,333.660781
914,333.41965
915,333.31694
916,333.260901
917,333.223158
918,333.194498
919,333.171568
920,333.152891
921,333.137651
922,333.125308
923,333.115472
924,333.107853
925,333.102234
926,333.098463
927,333.096442
928,333.096124
929,333.097507
930,333.100639
931,333.10562
932,333.112601
933,333.121798
934,333.133502
935,333.148103
936,333.166139
937,333.188429
938,333.216449
939,333.253548
940,333.308934
941,333.410959
942,333.651292
943,334.328258
944,334.410267
945,334.4536
946,334.499201
947,334.537556
948,334.567042
949,334.588059
950,334.601372
951,334.607666
952,334.607451
953,334.601057
954,334.588648
955,334.570264
956,334.545934
957,334.516021
958,334.482418
959,334.452521
960,334.412455
961,334.440335
962,334.471869
963,334.50005
964,334.52303
965,334.540426
966,334.552195
967,334.558294
968,334.558576
969,334.552754
970,334.540384
971,334.52088
972,334.493612
973,334.45833
974,334.41666
975,334.377227
976,334.276574
977,333.596111
978,333.378211
979,333.289044
980,333.240424
981,333.20727
982,333.181802
983,333.161255
984,333.144413
985,333.130603
986,333.119372
987,333.11039
988,333.103408
989,333.098242
990,333.094759
991,333.092874
992,333.092546
993,333.093775
994,333.096601
995,333.10111
996,333.107435
997,333.115759
998,333.126333
999,333.139486
1000,333.155669
1001,333.175559
1002,333.200368
1003,333.232862
1004,333.280816
1005,333.369291
1006,333.586404
1007,334.265713
1008,334.366258
1009,334.405252
1010,334.446352
1011,334.481026
1012,334.507675
1013,334.526558
1014,334.538306
1015,334.543509
1016,334.542609
1017,334.535894
1018,334.523511
1019,334.505504
1020,334.481917
1021,334.453144
1022,334.421058
1023,334.392755
1024,334.327602
1025,334.355055
1026,334.386217
1027,334.414123
1028,334.436922
1029,334.454225
1030,334.465984
1031,334.472156
1032,334.472599
1033,334.467035
1034,334.455037
1035,334.436041
1036,334.409446
1037,334.374989
1038,334.33358
1039,334.275678
1040,333.718183
1041,333.44135
1042,333.318418
1043,333.256383
1044,333.218025
1045,333.190163
1046,333.168119
1047,333.150061
1048,333.135123
1049,333.12279
1050,333.112708
1051,333.104608
1052,333.098287
1053,333.093589
1054,333.090404
1055,333.08866
1056,333.088323
1057,333.089392
1058,333.091901
1059,333.095924
1060,333.10157
1061,333.108994
1062,333.1184
1063,333.130056
1064,333.144318
1065,333.1617
1066,333.183068
1067,333.210253
1068,333.247932
1069,333.309281
1070,333.431506
1071,333.707618
1072,334.264684
1073,334.322127
1074,334.362962
1075,334.396808
1076,334.422782
1077,334.441155
1078,334.452531
1079,334.457475
1080,334.456414
1081,334.449626
1082,334.437254
1083,334.41934
1084,334.395936
1085,334.367438
1086,334.335726
1087,334.307852
1088,333.612494
1089,333.635732
1090,333.66263
1091,333.687226
1092,333.707814
1093,333.723965
1094,333.73559
1095,333.742646
1096,333.745047
1097,333.742632
1098,333.735167
1099,333.722335
1100,333.703714
1101,333.678514
1102,333.643835
1103,333.584874
1104,333.435271
1105,333.328923
1106,333.265067
1107,333.224408
1108,333.195311
1109,333.172537
1110,333.153864
1111,333.138282
1112,333.125244
1113,333.114394
1114,333.105467
1115,333.098257
1116,333.092602
1117,333.088378
1118,333.085495
1119,333.083895
1120,333.083548
1121,333.084455
1122,333.086645
1123,333.090175
1124,333.095136
1125,333.101652
1126,333.109884
1127,333.120039
1128,333.132381
1129,333.147267
1130,333.165246
1131,333.187327
1132,333.21573
1133,333.255696
1134,333.318858
1135,333.424523
1136,333.573503
1137,333.631847
1138,333.665889
1139,333.690445
1140,333.708422
1141,333.720615
1142,333.727446
1143,333.729231
1144,333.726209
1145,333.718537
1146,333.706302
1147,333.689549
1148,333.668369
1149,333.643197
1150,333.615766
1151,333.592122
1152,333.340396
1153,333.361087
1154,333.385297
1155,333.40775
1156,333.426882
1157,333.442262
1158,333.453782
1159,333.4614
1160,333.465062
1161,333.464682
1162,333.460138
1163,333.451271
1164,333.437868
1165,333.419491
1166,333.39479
1167,333.359508
1168,333.305794
1169,333.258705
1170,333.222898
1171,333.19543
1172,333.173359
1173,333.154983
1174,333.139423
1175,333.126198
1176,333.114998
1177,333.105593
1178,333.097799
1179,333.091465
1180,333.086468
1181,333.082714
1182,333.080131
1183,333.078673
1184,333.078317
1185,333.079064
1186,333.080935
1187,333.083978
1188,333.088261
1189,333.093882
1190,333.100962
1191,333.109653
1192,333.120138
1193,333.132649
1194,333.147495
1195,333.165158
1196,333.186518
1197,333.213279
1198,333.248381
1199,333.294774
1200,333.347809
1201,333.382419
1202,333.406451
1203,333.424162
1204,333.436906
1205,333.445121
1206,333.449022
1207,333.448768
1208,333.444481
1209,333.436247
1210,333.424122
1211,333.408145
1212,333.388429
1213,333.365412
1214,333.340682
1215,333.319596
1216,333.213179
1217,333.231921
1218,333.254048
1219,333.274819
1220,333.292793
1221,333.307548
1222,333.318968
1223,333.327012
1224,333.331652
1225,333.332847
1226,333.330552
1227,333.324719
1228,333.315303
1229,333.302223
1230,333.28521
1231,333.263614
1232,333.237253
1233,333.211626
1234,333.18903
1235,333.169517
1236,333.152607
1237,333.137895
1238,333.125109
1239,333.114057
1240,333.104583
1241,333.096552
1242,333.089845
1243,333.084356
1244,333.079998
1245,333.0767
1246,333.074409
1247,333.07309
1248,333.072726
1249,333.073316
1250,333.074877
1251,333.077444
1252,333.081071
1253,333.085827
1254,333.091802
1255,333.099098
1256,333.107838
1257,333.118155
1258,333.130207
1259,333.144187
1260,333.160367
1261,333.179153
1262,333.201026
1263,333.225938
1264,333.251593
1265,333.27249
1266,333.288813
1267,333.301212
1268,333.309955
1269,333.315125
1270,333.31677
1271,333.314935
1272,333.309667
1273,333.301008
1274,333.288985
1275,333.27364
1276,333.25509
1277,333.233766
1278,333.21113
1279,333.192004
1280,333.137588
1281,333.154711
1282,333.175095
1283,333.194441
1284,333.211419
1285,333.225627
1286,333.236945
1287,333.245338
1288,333.250791
1289,333.253297
1290,333.252857
1291,333.249493
1292,333.243258
1293,333.234244
1294,333.222578
1295,333.208451
1296,333.192419
1297,333.176094
1298,333.160545
1299,333.146202
1300,333.133186
1301,333.121511
1302,333.111151
1303,333.102059
1304,333.094172
1305,333.087422
1306,333.081736
1307,333.077047
1308,333.073297
1309,333.070436
1310,333.068426
1311,333.067241
1312,333.066867
1313,333.067306
1314,333.068569
1315,333.070682
1316,333.073682
1317,333.077619
1318,333.082552
1319,333.088549
1320,333.09568
1321,333.104017
1322,333.113622
1323,333.124543
1324,333.136808
1325,333.150404
1326,333.16521
1327,333.180799
1328,333.196103
1329,333.209512
1330,333.22047
1331,333.228786
1332,333.234335
1333,333.237027
1334,333.236807
1335,333.233656
1336,333.227573
1337,333.218565
1338,333.206646
1339,333.191854
1340,333.174308
1341,333.15442
1342,333.13354
1343,333.116044
1344,333.083659
1345,333.099409
1346,333.1183
1347,333.136411
1348,333.152516
1349,333.166235
1350,333.177451
1351,333.18613
1352,333.19227
1353,333.195882
1354,333.196996
1355,333.195669
1356,333.191997
1357,333.186131
1358,333.178287
1359,333.168778
1360,333.158074
1361,333.146869
1362,333.135745
1363,333.125085
1364,333.115118
1365,333.105971
1366,333.097712
1367,333.09036
1368,333.083908
1369,333.078329
1370,333.073588
1371,333.069647
1372,333.066467
1373,333.064018
1374,333.062272
1375,333.061213
1376,333.060832
1377,333.061127
1378,333.062108
1379,333.063791
1380,333.066203
1381,333.069374
1382,333.073342
1383,333.078146
1384,333.083822
1385,333.090397
1386,333.097879
1387,333.106249
1388,333.115443
1389,333.125332
1390,333.135691
1391,333.146139
1392,333.156094
1393,333.164865
1394,333.171981
1395,333.177134
1396,333.180106
1397,333.180749
1398,333.178967
1399,333.174704
1400,333.167931
1401,333.158636
1402,333.146823
1403,333.132526
1404,333.115862
1405,333.09722
1406,333.077846
1407,333.061735
1408,333.041138
1409,333.055715
1410,333.07332
1411,333.090357
1412,333.105694
1413,333.118974
1414,333.130085
1415,333.138997
1416,333.145712
1417,333.150253
1418,333.152665
1419,333.153017
1420,333.151418
1421,333.148024
1422,333.143046
1423,333.136761
1424,333.129519
1425,333.121725
1426,333.113752
1427,333.1059
1428,333.098384
1429,333.091352
1430,333.084899
1431,333.079075
1432,333.073903
1433,333.069383
1434,333.065505
1435,333.062251
1436,333.0596
1437,333.057533
1438,333.056035
1439,333.055094
1440,333.054705
1441,333.054866
1442,333.055582
1443,333.056866
1444,333.058731
1445,333.061196
1446,333.064282
1447,333.068006
1448,333.072379
1449,333.077403
1450,333.083055
1451,333.089286
1452,333.096003
1453,333.103061
1454,333.110244
1455,333.117257
1456,333.123727
1457,333.129252
1458,333.133483
1459,333.136146
1460,333.13703
1461,333.135982
1462,333.132893
1463,333.127694
1464,333.120342
1465,333.110815
1466,333.09911
1467,333.085257
1468,333.069371
1469,333.051814
1470,333.03374
1471,333.018813
1472,333.006028
1473,333.0196
1474,333.036097
1475,333.0522
1476,333.066861
1477,333.079747
1478,333.090751
1479,333.099845
1480,333.107036
1481,333.11235
1482,333.115837
1483,333.117568
1484,333.117649
1485,333.116221
1486,333.113466
1487,333.109608
1488,333.104908
1489,333.099643
1490,333.094082
1491,333.088454
1492,333.082942
1493,333.077685
1494,333.072778
1495,333.068286
1496,333.064245
1497,333.060673
1498,333.057575
1499,333.054946
1500,333.052779
1501,333.051066
1502,333.049797
1503,333.048966
1504,333.048569
1505,333.048605
1506,333.049077
1507,333.049991
1508,333.051354
1509,333.053174
1510,333.055461
1511,333.058215
1512,333.061435
1513,333.065102
1514,333.069181
1515,333.073612
1516,333.078298
1517,333.083104
1518,333.087849
1519,333.092305
1520,333.096209
1521,333.099283
1522,333.101269
1523,333.101947
1524,333.101134
1525,333.098692
1526,333.094518
1527,333.088538
1528,333.080706
1529,333.070996
1530,333.059401
1531,333.045949
1532,333.030748
1533,333.014139
1534,332.997187
1535,332.983279
1536,332.976421
1537,332.98913
1538,333.004669
1539,333.019958
1540,333.034025
1541,333.046556
1542,333.057451
1543,333.066684
1544,333.074262
1545,333.080214
1546,333.084585
1547,333.087446
1548,333.08889
1549,333.08904
1550,333.088046
1551,333.086086
1552,333.083358
1553,333.08007
1554,333.076422
1555,333.072594
1556,333.068737
1557,333.064971
1558,333.061387
1559,333.058049
1560,333.055002
1561,333.052272
1562,333.049872
1563,333.047809
1564,333.046084
1565,333.044693
1566,333.043635
1567,333.042905
1568,333.042501
1569,333.042422
1570,333.04267
1571,333.043245
1572,333.044151
1573,333.045387
1574,333.046954
1575,333.048845
1576,333.051046
1577,333.053532
1578,333.056262
1579,333.059171
1580,333.062173
1581,333.065149
1582,333.06795
1583,333.070401
1584,333.072303
1585,333.073452
1586,333.073653
1587,333.072731
1588,333.070536
1589,333.066948
1590,333.061876
1591,333.055251
1592,333.047027
1593,333.037177
1594,333.025694
1595,333.012603
1596,332.998008
1597,332.982226
1598,332.966248
1599,332.953216
1600,332.951178
1601,332.963143
1602,332.977853
1603,332.992433
1604,333.005975
1605,333.018185
1606,333.02897
1607,333.038305
1608,333.046195
1609,333.052667
1610,333.057763
1611,333.061547
1612,333.0641
1613,333.065524
1614,333.065942
1615,333.065497
1616,333.064343
1617,333.062638
1618,333.060538
1619,333.058185
1620,333.055703
1621,333.053194
1622,333.05074
1623,333.048402
1624,333.046225
1625,333.044239
1626,333.042463
1627,333.04091
1628,333.039584
1629,333.038488
1630,333.037622
1631,333.036985
1632,333.036576
1633,333.036393
1634,333.036436
1635,333.036703
1636,333.037193
1637,333.037902
1638,333.038824
1639,333.039947
1640,333.041253
1641,333.042711
1642,333.04428
1643,333.045901
1644,333.047494
1645,333.048961
1646,333.05018
1647,333.051014
1648,333.05131
1649,333.050914
1650,333.049673
1651,333.047451
1652,333.044126
1653,333.039598
1654,333.033786
1655,333.026631
1656,333.01809
1657,333.008137
1658,332.996767
1659,332.984004
1660,332.969945
1661,332.954887
1662,332.939755
1663,332.927483
1664,332.929504
1665,332.940826
1666,332.954814
1667,332.968774
1668,332.981852
1669,332.993773
1670,333.004448
1671,333.013852
1672,333.021989
1673,333.028884
1674,333.034573
1675,333.039111
1676,333.042567
1677,333.045026
1678,333.04659
1679,333.04737
1680,333.047488
1681,333.04707
1682,333.046238
1683,333.045105
1684,333.043773
1685,333.042328
1686,333.040841
1687,333.039369
1688,333.037953
1689,333.036626
1690,333.035407
1691,333.034311
1692,333.033347
1693,333.03252
1694,333.03183
1695,333.031279
1696,333.030866
1697,333.030589
1698,333.030445
1699,333.030432
1700,333.030546
1701,333.030781
1702,333.031126
1703,333.031567
1704,333.032084
1705,333.032646
1706,333.033214
1707,333.033734
1708,333.03414
1709,333.034347
1710,333.034259
1711,333.033767
1712,333.032753
1713,333.031096
1714,333.028679
1715,333.025392
1716,333.021139
1717,333.015835
1718,333.009415
1719,333.001826
1720,332.993031
1721,332.983007
1722,332.97175
1723,332.959285
1724,332.945701
1725,332.93128
1726,332.916888
1727,332.905275
1728,332.910791
1729,332.921554
1730,332.934914
1731,332.948329
1732,332.960997
1733,332.972656
1734,332.983222
1735,332.992669
1736,333.001002
1737,333.008238
1738,333.014411
1739,333.019566
1740,333.023761
1741,333.027066
1742,333.029564
1743,333.031345
1744,333.032506
1745,333.033146
1746,333.033362
1747,333.033247
1748,333.032883
1749,333.032344
1750,333.031689
1751,333.030968
1752,333.030221
1753,333.029476
1754,333.028755
1755,333.028072
1756,333.027436
1757,333.026854
1758,333.026327
1759,333.025856
1760,333.025441
1761,333.025079
1762,333.024767
1763,333.0245
1764,333.024274
1765,333.02408
1766,333.023908
1767,333.023741
1768,333.02356
1769,333.023337
1770,333.023036
1771,333.02261
1772,333.022003
1773,333.021148
1774,333.019966
1775,333.018371
1776,333.016272
1777,333.013573
1778,333.010183
1779,333.006017
1780,333.000995
1781,332.99505
1782,332.988127
1783,332.980183
1784,332.971185
1785,332.961116
1786,332.949972
1787,332.937777
1788,332.924618
1789,332.910758
1790,332.897015
1791,332.885979
1792,332.894559
1793,332.904834
1794,332.917644
1795,332.930581
1796,332.942885
1797,332.954307
1798,332.964765
1799,332.974237
1800,332.982722
1801,332.990235
1802,332.996803
1803,333.002465
1804,333.007268
1805,333.01127
1806,333.014537
1807,333.017143
1808,333.019166
1809,333.020684
1810,333.021777
1811,333.022519
1812,333.022977
1813,333.023213
1814,333.023278
1815,333.023215
1816,333.023057
1817,333.022832
1818,333.022558
1819,333.022248
1820,333.021913
1821,333.021557
1822,333.021181
1823,333.020787
1824,333.020372
1825,333.019934
1826,333.01947
1827,333.018973
1828,333.018438
1829,333.017857
1830,333.017217
1831,333.016506
1832,333.015704
1833,333.014786
1834,333.013722
1835,333.012474
1836,333.010994
1837,333.00923
1838,333.007118
1839,333.004592
1840,333.00158
1841,332.998008
1842,332.993804
1843,332.988901
1844,332.983238
1845,332.976758
1846,332.969418
1847,332.961182
1848,332.952023
1849,332.941927
1850,332.930894
1851,332.918946
1852,332.906167
1853,332.892805
1854,332.879634
1855,332.869105
1856,332.880419
1857,332.890268
1858,332.902596
1859,332.915112
1860,332.927092
1861,332.938299
1862,332.948656
1863,332.958137
1864,332.966741
1865,332.974479
1866,332.981373
1867,332.987454
1868,332.99276
1869,332.99734
1870,333.001247
1871,333.00454
1872,333.007282
1873,333.009538
1874,333.011372
1875,333.012842
1876,333.014006
1877,333.014913
1878,333.015607
1879,333.016123
1880,333.016491
1881,333.016733
1882,333.016865
1883,333.016898
1884,333.016841
1885,333.016695
1886,333.016463
1887,333.016143
1888,333.015733
1889,333.015229
1890,333.014626
1891,333.01392
1892,333.013103
1893,333.012167
1894,333.011103
1895,333.009898
1896,333.008536
1897,333.006997
1898,333.005255
1899,333.003281
1900,333.001037
1901,332.998482
1902,332.995567
1903,332.992241
1904,332.988447
1905,332.984131
1906,332.979236
1907,332.973709
1908,332.967502
1909,332.960571
1910,332.952881
1911,332.944402
1912,332.935114
1913,332.925006
1914,332.91408
1915,332.902358
1916,332.88992
1917,332.877001
1918,332.864337
1919,332.854256
1920,332.868058
1921,332.877533
1922,332.889438
1923,332.901583
1924,332.913276
1925,332.924291
1926,332.934552
1927,332.944034
1928,332.952732
1929,332.960655
1930,332.967819
1931,332.974249
1932,332.979977
1933,332.985041
1934,332.989485
1935,332.993357
1936,332.996708
1937,332.999591
1938,333.002057
1939,333.004155
1940,333.005932
1941,333.007427
1942,333.008677
1943,333.009712
1944,333.010554
1945,333.011222
1946,333.011728
1947,333.012081
1948,333.012285
1949,333.012341
1950,333.012248
1951,333.012003
1952,333.011602
1953,333.01104
1954,333.010313
1955,333.009414
1956,333.008337
1957,333.007075
1958,333.005619
1959,333.00396
1960,333.002086
1961,332.99998
1962,332.997626
1963,332.994999
1964,332.992072
1965,332.988815
1966,332.985193
1967,332.981165
1968,332.97669
1969,332.971727
1970,332.966233
1971,332.960167
1972,332.953491
1973,332.946173
1974,332.938184
1975,332.9295
1976,332.920108
1977,332.909997
1978,332.899172
1979,332.887656
1980,332.875525
1981,332.863003
1982,332.85079
1983,332.841108
1984,332.857221
1985,332.866369
1986,332.877902
1987,332.889721
1988,332.90116
1989,332.912005
1990,332.922179
1991,332.931656
1992,332.940431
1993,332.948509
1994,332.9559
1995,332.962626
1996,332.968711
1997,332.974186
1998,332.979088
1999,332.983454
2000,332.987328
2001,332.990751
2002,332.993765
2003,332.996412
2004,332.998728
2005,333.000747
2006,333.002497
2007,333.004002
2008,333.005281
2009,333.006345
2010,333.007204
2011,333.007861
2012,333.008317
2013,333.00857
2014,333.008615
2015,333.008449
2016,333.008064
2017,333.007455
2018,333.006614
2019,333.005537
2020,333.004217
2021,333.002649
2022,333.000826
2023,332.998742
2024,332.996389
2025,332.993757
2026,332.990835
2027,332.987608
2028,332.984057
2029,332.980163
2030,332.9759
2031,332.971242
2032,332.966159
2033,332.96062
2034,332.954594
2035,332.948052
2036,332.940964
2037,332.933306
2038,332.925056
2039,332.916196
2040,332.906714
2041,332.896606
2042,332.885876
2043,332.874548
2044,332.862693
2045,332.850527
2046,332.838719
2047,332.829392
2048,332.847703
2049,332.856562
2050,332.86777
2051,332.879303
2052,332.890521
2053,332.901216
2054,332.911314
2055,332.920788
2056,332.929629
2057,332.93784
2058,332.945428
2059,332.952409
2060,332.958802
2061,332.964632
2062,332.969928
2063,332.974723
2064,332.979051
2065,332.982947
2066,332.986445
2067,332.989579
2068,332.99238
2069,332.994873
2070,332.997082
2071,332.999025
2072,333.000713
2073,333.002155
2074,333.003354
2075,333.004308
2076,333.005015
2077,333.005467
2078,333.005657
2079,333.005577
2080,333.005216
2081,333.004568
2082,333.003626
2083,333.002381
2084,333.000831
2085,332.99897
2086,332.996795
2087,332.994304
2088,332.991493
2089,332.988359
2090,332.984898
2091,332.981103
2092,332.976965
2093,332.972475
2094,332.967618
2095,332.962377
2096,332.956733
2097,332.950668
2098,332.944158
2099,332.937184
2100,332.929723
2101,332.921759
2102,332.913274
2103,332.904256
2104,332.894696
2105,332.884592
2106,332.873949
2107,332.86279
2108,332.851184
2109,332.839339
2110,332.827895
2111,332.818888
2112,332.839335
2113,332.847942
2114,332.858866
2115,332.870151
2116,332.881179
2117,332.891747
2118,332.901782
2119,332.911257
2120,332.920161
2121,332.928492
2122,332.936255
2123,332.943461
2124,332.950124
2125,332.956267
2126,332.961911
2127,332.967084
2128,332.971814
2129,332.976131
2130,332.980064
2131,332.98364
2132,332.986884
2133,332.989817
2134,332.992458
2135,332.994816
2136,332.996901
2137,332.998713
2138,333.000251
2139,333.001506
2140,333.002471
2141,333.003132
2142,333.003477
2143,333.003494
2144,333.00317
2145,333.002494
2146,333.001459
2147,333.000056
2148,332.998282
2149,332.996135
2150,332.993614
2151,332.990721
2152,332.987459
2153,332.983831
2154,332.979842
2155,332.975493
2156,332.970786
2157,332.96572
2158,332.960291
2159,332.954494
2160,332.94832
2161,332.941757
2162,332.934792
2163,332.927413
2164,332.919606
2165,332.911356
2166,332.902654
2167,332.893489
2168,332.883855
2169,332.873753
2170,332.863187
2171,332.852181
2172,332.840801
2173,332.829245
2174,332.818129
2175,332.80941
2176,332.831983
2177,332.840372
2178,332.85105
2179,332.862123
2180,332.872991
2181,332.883457
2182,332.893447
2183,332.902933
2184,332.9119
2185,332.920345
2186,332.92827
2187,332.93568
2188,332.942589
2189,332.949012
2190,332.954968
2191,332.960481
2192,332.965575
2193,332.970275
2194,332.974605
2195,332.97859
2196,332.98225
2197,332.985601
2198,332.988657
2199,332.991424
2200,332.993904
2201,332.996092
2202,332.997978
2203,332.999549
2204,333.000788
2205,333.001677
2206,333.002196
2207,333.002328
2208,333.002055
2209,333.001364
2210,333.000245
2211,332.998689
2212,332.996694
2213,332.994259
2214,332.991388
2215,332.988088
2216,332.984367
2217,332.980238
2218,332.975713
2219,332.970804
2220,332.965524
2221,332.959883
2222,332.953887
2223,332.94754
2224,332.940844
2225,332.933795
2226,332.92639
2227,332.91862
2228,332.910477
2229,332.901954
2230,332.893041
2231,332.883734
2232,332.874027
2233,332.863921
2234,332.853422
2235,332.842552
2236,332.831375
2237,332.820081
2238,332.809262
2239,332.800806
2240,332.82554
2241,332.83374
2242,332.84421
2243,332.855107
2244,332.865848
2245,332.876238
2246,332.886204
2247,332.895714
2248,332.904754
2249,332.913314
2250,332.921394
2251,332.928998
2252,332.936134
2253,332.942816
2254,332.949059
2255,332.954884
2256,332.960312
2257,332.965366
2258,332.970069
2259,332.97444
2260,332.978499
2261,332.982259
2262,332.985727
2263,332.988908
2264,332.991794
2265,332.994376
2266,332.996635
2267,332.998549
2268,333.000093
2269,333.001238
2270,333.001959
2271,333.002229
2272,333.002028
2273,333.001337
2274,333.000143
2275,332.998437
2276,332.996217
2277,332.993485
2278,332.990249
2279,332.986521
2280,332.982319
2281,332.977662
2282,332.972575
2283,332.967081
2284,332.961204
2285,332.954966
2286,332.948385
2287,332.941476
2288,332.93425
2289,332.926711
2290,332.918862
2291,332.910701
2292,332.902225
2293,332.893429
2294,332.884307
2295,332.874856
2296,332.865071
2297,332.854953
2298,332.84451
2299,332.83376
2300,332.822766
2301,332.81171
2302,332.801162
2303,332.792944
2304,332.819921
2305,332.827961
2306,332.838259
2307,332.849017
2308,332.859665
2309,332.87001
2310,332.879977
2311,332.889533
2312,332.898659
2313,332.907343
2314,332.915581
2315,332.923373
2316,332.930727
2317,332.937653
2318,332.944165
2319,332.950282
2320,332.956024
2321,332.961414
2322,332.966471
2323,332.971217
2324,332.975668
2325,332.979836
2326,332.983726
2327,332.987337
2328,332.990657
2329,332.993667
2330,332.996339
2331,332.998639
2332,333.000531
2333,333.001977
2334,333.002938
2335,333.003381
2336,333.003278
2337,333.002605
2338,333.001345
2339,332.999489
2340,332.997035
2341,332.993988
2342,332.990359
2343,332.986169
2344,332.981443
2345,332.976214
2346,332.970515
2347,332.964387
2348,332.957865
2349,332.950987
2350,332.943783
2351,332.936279
2352,332.928495
2353,332.920445
2354,332.912137
2355,332.903574
2356,332.894755
2357,332.885679
2358,332.876342
2359,332.86674
2360,332.856869
2361,332.846731
2362,332.836329
2363,332.825685
2364,332.814855
2365,332.804014
2366,332.793713
2367,332.785714
2368,332.81506
2369,332.822969
2370,332.833132
2371,332.84379
2372,332.854383
2373,332.864719
2374,332.87472
2375,332.884349
2376,332.893582
2377,332.902405
2378,332.910809
2379,332.918794
2380,332.926362
2381,332.933525
2382,332.940295
2383,332.94669
2384,332.952732
2385,332.958443
2386,332.963845
2387,332.968959
2388,332.973804
2389,332.978391
2390,332.982725
2391,332.986799
2392,332.990596
2393,332.994086
2394,332.99723
2395,332.99998
2396,333.002285
2397,333.00409
2398,333.005346
2399,333.006007
2400,333.006036
2401,333.005404
2402,333.004089
2403,333.00208
2404,332.999376
2405,332.995984
2406,332.991922
2407,332.987216
2408,332.981905
2409,332.976032
2410,332.969648
2411,332.962809
2412,332.955569
2413,332.947981
2414,332.940091
2415,332.931938
2416,332.923551
2417,332.914952
2418,332.906155
2419,332.897166
2420,332.887986
2421,332.878616
2422,332.869051
2423,332.859286
2424,332.849319
2425,332.839148
2426,332.828776
2427,332.818222
2428,332.807538
2429,332.796893
2430,332.786819
2431,332.779022
2432,332.810904
2433,332.818711
2434,332.828779
2435,332.839382
2436,332.849965
2437,332.860336
2438,332.870412
2439,332.880149
2440,332.88952
2441,332.898504
2442,332.907091
2443,332.915277
2444,332.923064
2445,332.930461
2446,332.937483
2447,332.944148
2448,332.95048
2449,332.956503
2450,332.962243
2451,332.967726
2452,332.972973
2453,332.977999
2454,332.982809
2455,332.987394
2456,332.991731
2457,332.995777
2458,332.999479
2459,333.002768
2460,333.005573
2461,333.007821
2462,333.009444
2463,333.010383
2464,333.01059
2465,333.010026
2466,333.008668
2467,333.006501
2468,333.003523
2469,332.999746
2470,332.995192
2471,332.989898
2472,332.983912
2473,332.977296
2474,332.97012
2475,332.962461
2476,332.954396
2477,332.945998
2478,332.937333
2479,332.928452
2480,332.919396
2481,332.910195
2482,332.900864
2483,332.891414
2484,332.881847
2485,332.87216
2486,332.86235
2487,332.852408
2488,332.842331
2489,332.832114
2490,332.821758
2491,332.811279
2492,332.800726
2493,332.79026
2494,332.780395
2495,332.772784
2496,332.807415
2497,332.815152
2498,332.825169
2499,332.835768
2500,332.846396
2501,332.856856
2502,332.867058
2503,332.876951
2504,332.8865
2505,332.895678
2506,332.904472
2507,332.912875
2508,332.920889
2509,332.928523
2510,332.935794
2511,332.942723
2512,332.949337
2513,332.955665
2514,332.96174
2515,332.967593
2516,332.973255
2517,332.978747
2518,332.984079
2519,332.989242
2520,332.994206
2521,332.998915
2522,333.003294
2523,333.007247
2524,333.010674
2525,333.013476
2526,333.015563
2527,333.016859
2528,333.017301
2529,333.016844
2530,333.015457
2531,333.013123
2532,333.00984
2533,333.005623
2534,333.000499
2535,332.994515
2536,332.987735
2537,332.980239
2538,332.972122
2539,332.963491
2540,332.954453
2541,332.945108
2542,332.935544
2543,332.925829
2544,332.916017
2545,332.90614
2546,332.896219
2547,332.886263
2548,332.876272
2549,332.866242
2550,332.856163
2551,332.846027
2552,332.835824
2553,332.825547
2554,332.815195
2555,332.804777
2556,332.79434
2557,332.784037
2558,332.774366
2559,332.766929
2560,332.804564
2561,332.812264
2562,332.822283
2563,332.83294
2564,332.843683
2565,332.854304
2566,332.864703
2567,332.874815
2568,332.884594
2569,332.89401
2570,332.903043
2571,332.911686
2572,332.91994
2573,332.927818
2574,332.935338
2575,332.942525
2576,332.949412
2577,332.956037
2578,332.962441
2579,332.968666
2580,332.974756
2581,332.980745
2582,332.986654
2583,332.992481
2584,332.998193
2585,333.003717
2586,333.008942
2587,333.013735
2588,333.017953
2589,333.021461
2590,333.024142
2591,333.025896
2592,333.026649
2593,333.026344
2594,333.024946
2595,333.022434
2596,333.018806
2597,333.014078
2598,333.008283
2599,333.001477
2600,332.99374
2601,332.985176
2602,332.975914
2603,332.966097
2604,332.955878
2605,332.945396
2606,332.934769
2607,332.924083
2608,332.9134
2609,332.902757
2610,332.892175
2611,332.881657
2612,332.8712
2613,332.860793
2614,332.850422
2615,332.840071
2616,332.829726
2617,332.819376
2618,332.809013
2619,332.798644
2620,332.78831
2621,332.778157
2622,332.768666
2623,332.761393
2624,332.802325
2625,332.810029
2626,332.820114
2627,332.830914
2628,332.84187
2629,332.852756
2630,332.863448
2631,332.873863
2632,332.883944
2633,332.893653
2634,332.902968
2635,332.91188
2636,332.920393
2637,332.928523
2638,332.936291
2639,332.943731
2640,332.950882
2641,332.957791
2642,332.964511
2643,332.971101
2644,332.977622
2645,332.984133
2646,332.99068
2647,332.997284
2648,333.003913
2649,333.010473
2650,333.016803
2651,333.022697
2652,333.027947
2653,333.03237
2654,333.035815
2655,333.038161
2656,333.039319
2657,333.039224
2658,333.037836
2659,333.035132
2660,333.031109
2661,333.025781
2662,333.019185
2663,333.011384
2664,333.002474
2665,332.992582
2666,332.981877
2667,332.970561
2668,332.95886
2669,332.946976
2670,332.935064
2671,332.923227
2672,332.911531
2673,332.900013
2674,332.888685
2675,332.877542
2676,332.866571
2677,332.855751
2678,332.845059
2679,332.834473
2680,332.823969
2681,332.813531
2682,332.803145
2683,332.792814
2684,332.782572
2685,332.772558
2686,332.763236
2687,332.756118
2688,332.800678
2689,332.808435
2690,332.818677
2691,332.829745
2692,332.84107
2693,332.85239
2694,332.863524
2695,332.874364
2696,332.884841
2697,332.894916
2698,332.904565
2699,332.913782
2700,332.922577
2701,332.930968
2702,332.938987
2703,332.946671
2704,332.954069
2705,332.96124
2706,332.96825
2707,332.975178
2708,332.982108
2709,332.989136
2710,332.996364
2711,333.003878
2712,333.01168
2713,333.019652
2714,333.027533
2715,333.034956
2716,333.0416
2717,333.04723
2718,333.051668
2719,333.054776
2720,333.056457
2721,333.056644
2722,333.055293
2723,333.05238
2724,333.0479
2725,333.041862
2726,333.034301
2727,333.025282
2728,333.014904
2729,333.00331
2730,332.9907
2731,332.977364
2732,332.963693
2733,332.950004
2734,332.936494
2735,332.923272
2736,332.91039
2737,332.897867
2738,332.885696
2739,332.873857
2740,332.86232
2741,332.851049
2742,332.84001
2743,332.829166
2744,332.818488
2745,332.807949
2746,332.79753
2747,332.787227
2748,332.777068
2749,332.767184
2750,332.758022
2751,332.751051
2752,332.799598
2753,332.80748
2754,332.818016
2755,332.829575
2756,332.841581
2757,332.853681
2758,332.865525
2759,332.876973
2760,332.887977
2761,332.89851
2762,332.908558
2763,332.918124
2764,332.927226
2765,332.935891
2766,332.944158
2767,332.952073
2768,332.959695
2769,332.967092
2770,332.974343
2771,332.981541
2772,332.988788
2773,332.996219
2774,333.004067
2775,333.012634
2776,333.022051
2777,333.032199
2778,333.04259
2779,333.052372
2780,333.061011
2781,333.068273
2782,333.074008
2783,333.078095
2784,333.080445
2785,333.080999
2786,333.079717
2787,333.076576
2788,333.071565
2789,333.064686
2790,333.055958
2791,333.045429
2792,333.033174
2793,333.019298
2794,333.003953
2795,332.987528
2796,332.970928
2797,332.95473
2798,332.939147
2799,332.924222
2800,332.909939
2801,332.896262
2802,332.883145
2803,332.870536
2804,332.85838
2805,332.846621
2806,332.835206
2807,332.824087
2808,332.81322
2809,332.80257
2810,332.792109
2811,332.781826
2812,332.771743
2813,332.761981
2814,332.752973
2815,332.746144
2816,332.799058
2817,332.807174
2818,332.818255
2819,332.830779
2820,332.844238
2821,332.858049
2822,332.871167
2823,332.883526
2824,332.895234
2825,332.906343
2826,332.91687
2827,332.926838
2828,332.936278
2829,332.94523
2830,332.953743
2831,332.961873
2832,332.969686
2833,332.977255
2834,332.984661
2835,332.991983
2836,332.999279
2837,333.00664
2838,333.014599
2839,333.024267
2840,333.036211
2841,333.050477
2842,333.066022
2843,333.080115
2844,333.091836
2845,333.101366
2846,333.108809
2847,333.114151
2848,333.11735
2849,333.118373
2850,333.117199
2851,333.113806
2852,333.108177
2853,333.100294
2854,333.090145
2855,333.077728
2856,333.063023
2857,333.045902
2858,333.026052
2859,333.003677
2860,332.981795
2861,332.961628
2862,332.943156
2863,332.926074
2864,332.910122
2865,332.895124
2866,332.880952
2867,332.8675
2868,332.854675
2869,332.842394
2870,332.830581
2871,332.81917
2872,332.808103
2873,332.797334
2874,332.786826
2875,332.776558
2876,332.766546
2877,332.756902
2878,332.748044
2879,332.741353
2880,332.799018
2881,332.807551
2882,332.819673
2883,332.834309
2884,332.851488
2885,332.870162
2886,332.88586
2887,332.899592
2888,332.912237
2889,332.924072
2890,332.935184
2891,332.945623
2892,332.955443
2893,332.964704
2894,332.973466
2895,332.981794
2896,332.989757
2897,332.997425
2898,333.004855
2899,333.012031
2900,333.018717
2901,333.02434
2902,333.030029
2903,333.040274
2904,333.056887
2905,333.081008
2906,333.110638
2907,333.13436
2908,333.151157
2909,333.163873
2910,333.173579
2911,333.180542
2912,333.184825
2913,333.186452
2914,333.185432
2915,333.181754
2916,333.175389
2917,333.166286
2918,333.154379
2919,333.139571
2920,333.121628
2921,333.099704
2922,333.071192
2923,333.03322
2924,332.999224
2925,332.971638
2926,332.948732
2927,332.9288
2928,332.910846
2929,332.89435
2930,332.879017
2931,332.864657
2932,332.851122
2933,332.838291
2934,332.826063
2935,332.81435
2936,332.803077
2937,332.792185
2938,332.781626
2939,332.771371
2940,332.761428
2941,332.751901
2942,332.743189
2943,332.736635
2944,332.799409
2945,332.808659
2946,332.822799
2947,332.842367
2948,332.870379
2949,332.906428
2950,332.927313
2951,332.942786
2952,332.956599
2953,332.969376
2954,332.981241
2955,332.992275
2956,333.00256
2957,333.012181
2958,333.021215
2959,333.029737
2960,333.037814
2961,333.045496
2962,333.052782
2963,333.059445
2964,333.064311
2965,333.062667
2966,333.055615
2967,333.063492
2968,333.089966
2969,333.141805
2970,333.220119
2971,333.268727
2972,333.293167
2973,333.310112
2974,333.322859
2975,333.332013
2976,333.33776
2977,333.340205
2978,333.33941
2979,333.335381
2980,333.328073
2981,333.317384
2982,333.303167
2983,333.285221
2984,333.263109
2985,333.234756
2986,333.188895
2987,333.097082
2988,333.029767
2989,332.986413
2990,332.956136
2991,332.932322
2992,332.911972
2993,332.893801
2994,332.87722
2995,332.861901
2996,332.847627
2997,332.834232
2998,332.82158
2999,332.80956
3000,332.79808
3001,332.787065
3002,332.776456
3003,332.766216
3004,332.756344
3005,332.746933
3006,332.738368
3007,332.73195
3008,332.800087
3009,332.810445
3010,332.828199
3011,332.858774
3012,332.918968
3013,333.028315
3014,333.054001
3015,333.06949
3016,333.084662
3017,333.098845
3018,333.111867
3019,333.123801
3020,333.134774
3021,333.144912
3022,333.15432
3023,333.163083
3024,333.171261
3025,333.178874
3026,333.185858
3027,333.191891
3028,333.195193
3029,333.169417
3030,333.102581
3031,333.097391
3032,333.144841
3033,333.276829
3034,333.552121
3035,333.665713
3036,333.692125
3037,333.713786
3038,333.731088
3039,333.743695
3040,333.751759
3041,333.755503
3042,333.755077
3043,333.750524
3044,333.741767
3045,333.728619
3046,333.710808
3047,333.688103
3048,333.660714
3049,333.629529
3050,333.564157
3051,333.247754
3052,333.084431
3053,333.00766
3054,332.965352
3055,332.936398
3056,332.913274
3057,332.893299
3058,332.875415
3059,332.859114
3060,332.844092
3061,332.830129
3062,332.817055
3063,332.804733
3064,332.793051
3065,332.781919
3066,332.771267
3067,332.761046
3068,332.751248
3069,332.741958
3070,332.733542
3071,332.72726
3072,332.800748
3073,332.812418
3074,332.83502
3075,332.884221
3076,333.025467
3077,333.055139
3078,333.070033
3079,333.08511
3080,333.100408
3081,333.114714
3082,333.127831
3083,333.139838
3084,333.150866
3085,333.161045
3086,333.170482
3087,333.179263
3088,333.187448
3089,333.195055
3090,333.202013
3091,333.208019
3092,333.21207
3093,333.209138
3094,333.177459
3095,333.138654
3096,333.221296
3097,333.546058
3098,333.681075
3099,333.717185
3100,333.740603
3101,333.762643
3102,333.780342
3103,333.793238
3104,333.801493
3105,333.805343
3106,333.804948
3107,333.800353
3108,333.791478
3109,333.778128
3110,333.760019
3111,333.736908
3112,333.709053
3113,333.678818
3114,333.645322
3115,333.560382
3116,333.164322
3117,333.032893
3118,332.975118
3119,332.94043
3120,332.914423
3121,332.892624
3122,332.87344
3123,332.856168
3124,332.84041
3125,332.825894
3126,332.812412
3127,332.799802
3128,332.787931
3129,332.776694
3130,332.766008
3131,332.755816
3132,332.7461
3133,332.736935
3134,332.728673
3135,332.722531
3136,332.800962
3137,332.81343
3138,332.838244
3139,332.892048
3140,333.034683
3141,333.059552
3142,333.075052
3143,333.090879
3144,333.106834
3145,333.121651
3146,333.135156
3147,333.147453
3148,333.158698
3149,333.169034
3150,333.17858
3151,333.187427
3152,333.195633
3153,333.203214
3154,333.21009
3155,333.215954
3156,333.21986
3157,333.217429
3158,333.192083
3159,333.160612
3160,333.253991
3161,333.586998
3162,333.703318
3163,333.739454
3164,333.765097
3165,333.789283
3166,333.80865
3167,333.822742
3168,333.83179
3169,333.836086
3170,333.835823
3171,333.831056
3172,333.821696
3173,333.807516
3174,333.788177
3175,333.76336
3176,333.733278
3177,333.700492
3178,333.664879
3179,333.593928
3180,333.193699
3181,333.047947
3182,332.982337
3183,332.943514
3184,332.915024
3185,332.89154
3186,332.871127
3187,332.852932
3188,332.836477
3189,332.821439
3190,332.807577
3191,332.794702
3192,332.782662
3193,332.771337
3194,332.760633
3195,332.750482
3196,332.740858
3197,332.731828
3198,332.723726
3199,332.717728
3200,332.800539
3201,332.813439
3202,332.83926
3203,332.89466
3204,333.038353
3205,333.063207
3206,333.079416
3207,333.096015
3208,333.112678
3209,333.128067
3210,333.142014
3211,333.154647
3212,333.166143
3213,333.176661
3214,333.186334
3215,333.195259
3216,333.203499
3217,333.21107
3218,333.217895
3219,333.223679
3220,333.227519
3221,333.225187
3222,333.200822
3223,333.173945
3224,333.271912
3225,333.608523
3226,333.724597
3227,333.762304
3228,333.790248
3229,333.816743
3230,333.837983
3231,333.85346
3232,333.863443
3233,333.86827
3234,333.868165
3235,333.863193
3236,333.853255
3237,333.83809
3238,333.81731
3239,333.790543
3240,333.758002
3241,333.722523
3242,333.684426
3243,333.613341
3244,333.208659
3245,333.05702
3246,332.987074
3247,332.94533
3248,332.914808
3249,332.889843
3250,332.86832
3251,332.849282
3252,332.832191
3253,332.816679
3254,332.802477
3255,332.789369
3256,332.777188
3257,332.765799
3258,332.755095
3259,332.745002
3260,332.735484
3261,332.7266
3262,332.718667
3263,332.712819
3264,332.799395
3265,332.812529
3266,332.838889
3267,332.895169
3268,333.040156
3269,333.065188
3270,333.081944
3271,333.099156
3272,333.116407
3273,333.132286
3274,333.146621
3275,333.159552
3276,333.171271
3277,333.181953
3278,333.19174
3279,333.200738
3280,333.209019
3281,333.216605
3282,333.22343
3283,333.22922
3284,333.233096
3285,333.230876
3286,333.206934
3287,333.182789
3288,333.283745
3289,333.624573
3290,333.741694
3291,333.780784
3292,333.810593
3293,333.839038
3294,333.861923
3295,333.87865
3296,333.889494
3297,333.894817
3298,333.89486
3299,333.889695
3300,333.879215
3301,333.863137
3302,333.841039
3303,333.812527
3304,333.777856
3305,333.740134
3306,333.700013
3307,333.628217
3308,333.218102
3309,333.062572
3310,332.989698
3311,332.945765
3312,332.913594
3313,332.88737
3314,332.864882
3315,332.845106
3316,332.827458
3317,332.811537
3318,332.797044
3319,332.783746
3320,332.771458
3321,332.760032
3322,332.749354
3323,332.739338
3324,332.729943
3325,332.721219
3326,332.713466
3327,332.707774
3328,332.797468
3329,332.810719
3330,332.837383
3331,332.894218
3332,333.0402
3333,333.065365
3334,333.082499
3335,333.10015
3336,333.117835
3337,333.134087
3338,333.148722
3339,333.161885
3340,333.173778
3341,333.184587
3342,333.194462
3343,333.203521
3344,333.211841
3345,333.219458
3346,333.226321
3347,333.232173
3348,333.236145
3349,333.234064
3350,333.210437
3351,333.188245
3352,333.291439
3353,333.635888
3354,333.753912
3355,333.794039
3356,333.825259
3357,333.855224
3358,333.879429
3359,333.897187
3360,333.908753
3361,333.914496
3362,333.914667
3363,333.909339
3364,333.898398
3365,333.881547
3366,333.858351
3367,333.828414
3368,333.792047
3369,333.752587
3370,333.71094
3371,333.638561
3372,333.223854
3373,333.065404
3374,332.990361
3375,332.944744
3376,332.911251
3377,332.883993
3378,332.860699
3379,332.840308
3380,332.822197
3381,332.80594
3382,332.791217
3383,332.777778
3384,332.765423
3385,332.753995
3386,332.743369
3387,332.733454
3388,332.724202
3389,332.715653
3390,332.708092
3391,332.702566
3392,332.794711
3393,332.807993
3394,332.834803
3395,332.891958
3396,333.038571
3397,333.063819
3398,333.081195
3399,333.099132
3400,333.117108
3401,333.133614
3402,333.148454
3403,333.161775
3404,333.173785
3405,333.184676
3406,333.194607
3407,333.203703
3408,333.212053
3409,333.219701
3410,333.226613
3411,333.232548
3412,333.236632
3413,333.234688
3414,333.211317
3415,333.190612
3416,333.295491
3417,333.642707
3418,333.761403
3419,333.80228
3420,333.834534
3421,333.865638
3422,333.890855
3423,333.909417
3424,333.921557
3425,333.92764
3426,333.927916
3427,333.922458
3428,333.911149
3429,333.893686
3430,333.869626
3431,333.838586
3432,333.800929
3433,333.760175
3434,333.717406
3435,333.644596
3436,333.226397
3437,333.065766
3438,332.989102
3439,332.942203
3440,332.907685
3441,332.879612
3442,332.855684
3443,332.834806
3444,332.816336
3445,332.799827
3446,332.784942
3447,332.771416
3448,332.759041
3449,332.747648
3450,332.737105
3451,332.727317
3452,332.718229
3453,332.709873
3454,332.702519
3455,332.697167
3456,332.791089
3457,332.804332
3458,332.831165
3459,332.888451
3460,333.035377
3461,333.060668
3462,333.078175
3463,333.096273
3464,333.114413
3465,333.131063
3466,333.146017
3467,333.159421
3468,333.171487
3469,333.182412
3470,333.192361
3471,333.201465
3472,333.209822
3473,333.217487
3474,333.224438
3475,333.230445
3476,333.234627
3477,333.232798
3478,333.209621
3479,333.190023
3480,333.296128
3481,333.645336
3482,333.764511
3483,333.805916
3484,333.838908
3485,333.870836
3486,333.896797
3487,333.915961
3488,333.928537
3489,333.934881
3490,333.935242
3491,333.929691
3492,333.918108
3493,333.900186
3494,333.875485
3495,333.843634
3496,333.805041
3497,333.763357
3498,333.719793
3499,333.646674
3500,333.22597
3501,333.063771
3502,332.985937
3503,332.938103
3504,332.902831
3505,332.874159
3506,332.849765
3507,332.828539
3508,332.80982
3509,332.793148
3510,332.778173
3511,332.764621
3512,332.752273
3513,332.740955
3514,332.730531
3515,332.720897
3516,332.711996
3517,332.703853
3518,332.696721
3519,332.691554
3520,332.786577
3521,332.79972
3522,332.826473
3523,332.883734
3524,333.030709
3525,333.056009
3526,333.07356
3527,333.091712
3528,333.109908
3529,333.126601
3530,333.141583
3531,333.154999
3532,333.167061
3533,333.177969
3534,333.187893
3535,333.196969
3536,333.205303
3537,333.212956
3538,333.219918
3539,333.225964
3540,333.230211
3541,333.22846
3542,333.205418
3543,333.186575
3544,333.293511
3545,333.644065
3546,333.763562
3547,333.805322
3548,333.838814
3549,333.871308
3550,333.897787
3551,333.917375
3552,333.930264
3553,333.936801
3554,333.93723
3555,333.931622
3556,333.919853
3557,333.901618
3558,333.876479
3559,333.844075
3560,333.804848
3561,333.762541
3562,333.718446
3563,333.645122
3564,333.222744
3565,333.059496
3566,332.98088
3567,332.932421
3568,332.896649
3569,332.867584
3570,332.842893
3571,332.821456
3572,332.802601
3573,332.785859
3574,332.770871
3575,332.757355
3576,332.745088
3577,332.733889
3578,332.723617
3579,332.714168
3580,332.705478
3581,332.697569
3582,332.690675
3583,332.685705
3584,332.781156
3585,332.794145
3586,332.820726
3587,332.87783
3588,333.024633
3589,333.049915
3590,333.067433
3591,333.085549
3592,333.103704
3593,333.120352
3594,333.135282
3595,333.148639
3596,333.160636
3597,333.171475
3598,333.181328
3599,333.190337
3600,333.198608
3601,333.206213
3602,333.213144
3603,333.219185
3604,333.223449
3605,333.221734
3606,333.198765
3607,333.180346
3608,333.287765
3609,333.639116
3610,333.758804
3611,333.800778
3612,333.834575
3613,333.867417
3614,333.894219
3615,333.914078
3616,333.927171
3617,333.933839
3618,333.934325
3619,333.928695
3620,333.916825
3621,333.898411
3622,333.873018
3623,333.840292
3624,333.800697
3625,333.758027
3626,333.713626
3627,333.640185
3628,333.216848
3629,333.053005
3630,332.97395
3631,332.925149
3632,332.889112
3633,332.859853
3634,332.835032
3635,332.813522
3636,332.794647
3637,332.777929
3638,332.763007
3639,332.749593
3640,332.737459
3641,332.726423
3642,332.716341
3643,332.707107
3644,332.698654
3645,332.690998
3646,332.684361
3647,332.679598
3648,332.77481
3649,332.787593
3650,332.813922
3651,332.870751
3652,333.017188
3653,333.042427
3654,333.059847
3655,333.077846
3656,333.095873
3657,333.112392
3658,333.127195
3659,333.140425
3660,333.152298
3661,333.163015
3662,333.172751
3663,333.181647
3664,333.189814
3665,333.197325
3666,333.204178
3667,333.210159
3668,333.214389
3669,333.212664
3670,333.189706
3671,333.171392
3672,333.278977
3673,333.630639
3674,333.750405
3675,333.792469
3676,333.8264
3677,333.859398
3678,333.886351
3679,333.906342
3680,333.919541
3681,333.926286
3682,333.926817
3683,333.9212
3684,333.909311
3685,333.890845
3686,333.865368
3687,333.832532
3688,333.792809
3689,333.750013
3690,333.705506
3691,333.632025
3692,333.20837
3693,333.04434
3694,332.965163
3695,332.916285
3696,332.88021
3697,332.850949
3698,332.82616
3699,332.804715
3700,332.785933
3701,332.769337
3702,332.754559
3703,332.741313
3704,332.729367
3705,332.718539
3706,332.708684
3707,332.699695
3708,332.691504
3709,332.684123
3710,332.677758
3711,332.673215
3712,332.767522
3713,332.780052
3714,332.806054
3715,332.8625
3716,333.008392
3717,333.033567
3718,333.050828
3719,333.068635
3720,333.086452
3721,333.102763
3722,333.117365
3723,333.130403
3724,333.142093
3725,333.152635
3726,333.162205
3727,333.170943
3728,333.178962
3729,333.186333
3730,333.193055
3731,333.198921
3732,333.20306
3733,333.201277
3734,333.178268
3735,333.159748
3736,333.267197
3737,333.618714
3738,333.738451
3739,333.780492
3740,333.814396
3741,333.847373
3742,333.874315
3743,333.894307
3744,333.90752
3745,333.914291
3746,333.914859
3747,333.90929
3748,333.89746
3749,333.879063
3750,333.853667
3751,333.820923
3752,333.781299
3753,333.7386
3754,333.694174
3755,333.620727
3756,333.197358
3757,333.03353
3758,332.954533
3759,332.905833
3760,332.869938
3761,332.840864
3762,332.816269
3763,332.795024
3764,332.776451
3765,332.760071
3766,332.745519
3767,332.732506
3768,332.720803
3769,332.710228
3770,332.700636
3771,332.69192
3772,332.684016
3773,332.676929
3774,332.670853
3775,332.666541
3776,332.759287
3777,332.771517
3778,332.797119
3779,332.853079
3780,332.998257
3781,333.023346
3782,333.040389
3783,333.057929
3784,333.075456
3785,333.091482
3786,333.105812
3787,333.118595
3788,333.130043
3789,333.140359
3790,333.149714
3791,333.15825
3792,333.166075
3793,333.17326
3794,333.179802
3795,333.185495
3796,333.189489
3797,333.1876
3798,333.16448
3799,333.145444
3800,333.252457
3801,333.603376
3802,333.722977
3803,333.76488
3804,333.7986
3805,333.831377
3806,333.858147
3807,333.878012
3808,333.891148
3809,333.897895
3810,333.898491
3811,333.893004
3812,333.881309
3813,333.863102
3814,333.83795
3815,333.805497
3816,333.766201
3817,333.723819
3818,333.679665
3819,333.606325
3820,333.183845
3821,333.020604
3822,332.942087
3823,332.893816
3824,332.858319
3825,332.829616
3826,332.805373
3827,332.784464
3828,332.766212
3829,332.750143
3830,332.735895
3831,332.72318
3832,332.711773
3833,332.701493
3834,332.692198
3835,332.683785
3836,332.676187
3837,332.669413
3838,332.663639
3839,332.659569
3840,332.750132
3841,332.762018
3842,332.787151
3843,332.842527
3844,332.986823
3845,333.011803
3846,333.028568
3847,333.045768
3848,333.062924
3849,333.078588
3850,333.092577
3851,333.105041
3852,333.116192
3853,333.126232
3854,333.135329
3855,333.14362
3856,333.151211
3857,333.158169
3858,333.164484
3859,333.169954
3860,333.173752
3861,333.17171
3862,333.148419
3863,333.128565
3864,333.23484
3865,333.584689
3866,333.704041
3867,333.745684
3868,333.779048
3869,333.811437
3870,333.837869
3871,333.857475
3872,333.870442
3873,333.877113
3874,333.87773
3875,333.872358
3876,333.860875
3877,333.842978
3878,333.818231
3879,333.786275
3880,333.747539
3881,333.705709
3882,333.662024
3883,333.58887
3884,333.167902
3885,333.005642
3886,332.927906
3887,332.880316
3888,332.84543
3889,332.817282
3890,332.793545
3891,332.7731
3892,332.755279
3893,332.739612
3894,332.725741
3895,332.713387
3896,332.702325
3897,332.692379
3898,332.683412
3899,332.675322
3900,332.66805
3901,332.661599
3902,332.656138
3903,332.652317
3904,332.740213
3905,332.751717
3906,332.776323
3907,332.831025
3908,332.974279
3909,332.99913
3910,333.015553
3911,333.032337
3912,333.049044
3913,333.064275
3914,333.077859
3915,333.089948
3916,333.100756
3917,333.110477
3918,333.119277
3919,333.12729
3920,333.134616
3921,333.141315
3922,333.147372
3923,333.152581
3924,333.156145
3925,333.153909
3926,333.130393
3927,333.109449
3928,333.214697
3929,333.562989
3930,333.681969
3931,333.723212
3932,333.756033
3933,333.787835
3934,333.813757
3935,333.832971
3936,333.845678
3937,333.852225
3938,333.852851
3939,333.847625
3940,333.836425
3941,333.818951
3942,333.794768
3943,333.763509
3944,333.725571
3945,333.684537
3946,333.641538
3947,333.568652
3948,333.149836
3949,332.988947
3950,332.912285
3951,332.865614
3952,332.831537
3953,332.80411
3954,332.781018
3955,332.761153
3956,332.743858
3957,332.728671
3958,332.715242
3959,332.703298
3960,332.692622
3961,332.68304
3962,332.674423
3963,332.666671
3964,332.659729
3965,332.653605
3966,332.648458
3967,332.644888
3968,332.730111
3969,332.741222
3970,332.765279
3971,332.819261
3972,332.961365
3973,332.986066
3974,333.002092
3975,333.018399
3976,333.034602
3977,333.049352
3978,333.062493
3979,333.074179
3980,333.084618
3981,333.094001
3982,333.102489
3983,333.110211
3984,333.117261
3985,333.123693
3986,333.129486
3987,333.134428
3988,333.137744
3989,333.135292
3990,333.111516
3991,333.089325
3992,333.193344
3993,333.539675
3994,333.658156
3995,333.698849
3996,333.730943
3997,333.761979
3998,333.787246
3999,333.805961
4000,333.818337
4001,333.824718
4002,333.825344
4003,333.820282
4004,333.809414
4005,333.792444
4006,333.768942
4007,333.738536
4008,333.701595
4009,333.661576
4010,333.619475
4011,333.54694
4012,333.130808
4013,332.971587
4014,332.896213
4015,332.850629
4016,332.817496
4017,332.790897
4018,332.768536
4019,332.74932
4020,332.732604
4021,332.717939
4022,332.704983
4023,332.693471
4024,332.683193
4025,332.673982
4026,332.665712
4027,332.65829
4028,332.651665
4029,332.645848
4030,332.640992
4031,332.63766
4032,332.721805
4033,332.732591
4034,332.756194
4035,332.809568
4036,332.950653
4037,332.975203
4038,332.990842
4039,333.006703
4040,333.02245
4041,333.036777
4042,333.049535
4043,333.060874
4044,333.070998
4045,333.080095
4046,333.088321
4047,333.0958
4048,333.102624
4049,333.108839
4050,333.11442
4051,333.119151
4052,333.12227
4053,333.119631
4054,333.095625
4055,333.072377
4056,333.175294
4057,333.51975
4058,333.637687
4059,333.677755
4060,333.709081
4061,333.739344
4062,333.763971
4063,333.782207
4064,333.794264
4065,333.800484
4066,333.801102
4067,333.796186
4068,333.785619
4069,333.769111
4070,333.74624
4071,333.716639
4072,333.68066
4073,333.641659
4074,333.600504
4075,333.528356
4076,333.114803
4077,332.957125
4078,332.882931
4079,332.838335
4080,332.806052
4081,332.780191
4082,332.758473
4083,332.739824
4084,332.72361
4085,332.709391
4086,332.696836
4087,332.685686
4088,332.675737
4089,332.666828
4090,332.658837
4091,332.651674
4092,332.645293
4093,332.639708
4094,332.635071
4095,332.631918
4096,333.763717
4097,333.815138
4098,333.856024
4099,333.887943
4100,333.911846
4101,333.928319
4102,333.93767
4103,333.939967
4104,333.935045
4105,333.922502
4106,333.901675
4107,333.871607
4108,333.830987
4109,333.778049
4110,333.710368
4111,333.624396
4112,333.514164
4113,333.423153
4114,333.348401
4115,333.287023
4116,333.23658
4117,333.195091
4118,333.160969
4119,333.132945
4120,333.110009
4121,333.091355
4122,333.076346
4123,333.064482
4124,333.055376
4125,333.048739
4126,333.044363
4127,333.042115
4128,333.041932
4129,333.043811
4130,333.047819
4131,333.054088
4132,333.062824
4133,333.074318
4134,333.088955
4135,333.107236
4136,333.129797
4137,333.157443
4138,333.191186
4139,333.232291
4140,333.282348
4141,333.343333
4142,333.417687
4143,333.508294
4144,333.618112
4145,333.703676
4146,333.770945
4147,333.823464
4148,333.863654
4149,333.89328
4150,333.913653
4151,333.925726
4152,333.930159
4153,333.927351
4154,333.917463
4155,333.900423
4156,333.875915
4157,333.843345
4158,333.801746
4159,333.749524
4160,333.804475
4161,333.857987
4162,333.900642
4163,333.933987
4164,333.958982
4165,333.976223
4166,333.986024
4167,333.988453
4168,333.983337
4169,333.970254
4170,333.948517
4171,333.917132
4172,333.874744
4173,333.819535
4174,333.749043
4175,333.659727
4176,333.545818
4177,333.451237
4178,333.373328
4179,333.309253
4180,333.256541
4181,333.213158
4182,333.177464
4183,333.148141
4184,333.124137
4185,333.104613
4186,333.088901
4187,333.076481
4188,333.066948
4189,333.059998
4190,333.055416
4191,333.053062
4192,333.052868
4193,333.054833
4194,333.059027
4195,333.065588
4196,333.074732
4197,333.086761
4198,333.10208
4199,333.121211
4200,333.14482
4201,333.173744
4202,333.209038
4203,333.252017
4204,333.304321
4205,333.367983
4206,333.445473
4207,333.539629
4208,333.653106
4209,333.741993
4210,333.812052
4211,333.866819
4212,333.908756
4213,333.939678
4214,333.960938
4215,333.973527
4216,333.978131
4217,333.975168
4218,333.964806
4219,333.946974
4220,333.921351
4221,333.887333
4222,333.843948
4223,333.78963
4224,333.835995
4225,333.891082
4226,333.935097
4227,333.969566
4228,333.995441
4229,334.013317
4230,334.023508
4231,334.026077
4232,334.020843
4233,334.007371
4234,333.984956
4235,333.952581
4236,333.908868
4237,333.851984
4238,333.779469
4239,333.687836
4240,333.571452
4241,333.474384
4242,333.394178
4243,333.328075
4244,333.273618
4245,333.228757
4246,333.191823
4247,333.161469
4248,333.136613
4249,333.11639
4250,333.100115
4251,333.087247
4252,333.077369
4253,333.070167
4254,333.065417
4255,333.062975
4256,333.062771
4257,333.064805
4258,333.069146
4259,333.075939
4260,333.085407
4261,333.097864
4262,333.113727
4263,333.133536
4264,333.157976
4265,333.187912
4266,333.224425
4267,333.268862
4268,333.322891
4269,333.388561
4270,333.468328
4271,333.564951
4272,333.680883
4273,333.772069
4274,333.844132
4275,333.900555
4276,333.943796
4277,333.975688
4278,333.997606
4279,334.010564
4280,334.015266
4281,334.012144
4282,334.001374
4283,333.982889
4284,333.95637
4285,333.921217
4286,333.876467
4287,333.820584
4288,333.859466
4289,333.915718
4290,333.960751
4291,333.996079
4292,334.022643
4293,334.041033
4294,334.051559
4295,334.054279
4296,334.049003
4297,334.035289
4298,334.012416
4299,333.979358
4300,333.934726
4301,333.876685
4302,333.802791
4303,333.709602
4304,333.591555
4305,333.492807
4306,333.411012
4307,333.343477
4308,333.287764
4309,333.241826
4310,333.203979
4311,333.172861
4312,333.147371
4313,333.126628
4314,333.10993
4315,333.096726
4316,333.086588
4317,333.079195
4318,333.074317
4319,333.071807
4320,333.071593
4321,333.073675
4322,333.078124
4323,333.085088
4324,333.094796
4325,333.10757
4326,333.123835
4327,333.144144
4328,333.169199
4329,333.199879
4330,333.237285
4331,333.28278
4332,333.338044
4333,333.405127
4334,333.486463
4335,333.584748
4336,333.702325
4337,333.795049
4338,333.868471
4339,333.926034
4340,333.970177
4341,334.002733
4342,334.025091
4343,334.038274
4344,334.043001
4345,334.039712
4346,334.028593
4347,334.009582
4348,333.982365
4349,333.946348
4350,333.900583
4351,333.84355
4352,333.875627
4353,333.932686
4354,333.978437
4355,334.014385
4356,334.041464
4357,334.060258
4358,334.07107
4359,334.073954
4360,334.068714
4361,334.0549
4362,334.031784
4363,333.998332
4364,333.953151
4365,333.89441
4366,333.81968
4367,333.725547
4368,333.60648
4369,333.5067
4370,333.423918
4371,333.355477
4372,333.298962
4373,333.252328
4374,333.213889
4375,333.182271
4376,333.156365
4377,333.135279
4378,333.118303
4379,333.104875
4380,333.094564
4381,333.087042
4382,333.082077
4383,333.07952
4384,333.079296
4385,333.081405
4386,333.085922
4387,333.092995
4388,333.102857
4389,333.115834
4390,333.132359
4391,333.152991
4392,333.178442
4393,333.209602
4394,333.247581
4395,333.293752
4396,333.3498
4397,333.417769
4398,333.500075
4399,333.599373
4400,333.717951
4401,333.811602
4402,333.885844
4403,333.944089
4404,333.988764
4405,334.021698
4406,334.044283
4407,334.057552
4408,334.062229
4409,334.058763
4410,334.047347
4411,334.027924
4412,334.000188
4413,333.963552
4414,333.917076
4415,333.859251
4416,333.884922
4417,333.942459
4418,333.988652
4419,334.025001
4420,334.052434
4421,334.07153
4422,334.082586
4423,334.085651
4424,334.080525
4425,334.066751
4426,334.043599
4427,334.010029
4428,333.964647
4429,333.905622
4430,333.830535
4431,333.735986
4432,333.616459
4433,333.516207
4434,333.432968
4435,333.364104
4436,333.307211
4437,333.260248
4438,333.221528
4439,333.189672
4440,333.163568
4441,333.142317
4442,333.125205
4443,333.111668
4444,333.101271
4445,333.093684
4446,333.088673
4447,333.086088
4448,333.085854
4449,333.087972
4450,333.092515
4451,333.099633
4452,333.109562
4453,333.122628
4454,333.139269
4455,333.160047
4456,333.185678
4457,333.217056
4458,333.255298
4459,333.301779
4460,333.358186
4461,333.42656
4462,333.509305
4463,333.609057
4464,333.728078
4465,333.822128
4466,333.896711
4467,333.955224
4468,334.000085
4469,334.033123
4470,334.05573
4471,334.068945
4472,334.073497
4473,334.069841
4474,334.058173
4475,334.038444
4476,334.010353
4477,333.973319
4478,333.92641
4479,333.868123
4480,333.887559
4481,333.945259
4482,333.991632
4483,334.028174
4484,334.05581
4485,334.075111
4486,334.086373
4487,334.08964
4488,334.084707
4489,334.071117
4490,334.048133
4491,334.014715
4492,333.969465
4493,333.910552
4494,333.835556
4495,333.741079
4496,333.621613
4497,333.521408
4498,333.438207
4499,333.369377
4500,333.312515
4501,333.26558
4502,333.226885
4503,333.195052
4504,333.168965
4505,333.147727
4506,333.130625
4507,333.117093
4508,333.106697
4509,333.099108
4510,333.094092
4511,333.0915
4512,333.091256
4513,333.093362
4514,333.09789
4515,333.104991
4516,333.114899
4517,333.127942
4518,333.144554
4519,333.1653
4520,333.190893
4521,333.222231
4522,333.260429
4523,333.306863
4524,333.363221
4525,333.431543
4526,333.514232
4527,333.61392
4528,333.732865
4529,333.826825
4530,333.901302
4531,333.959689
4532,334.004404
4533,334.037277
4534,334.059703
4535,334.072725
4536,334.077074
4537,334.073209
4538,334.06133
4539,334.041393
4540,334.013101
4541,333.975879
4542,333.928801
4543,333.870366
4544,333.883527
4545,333.941078
4546,333.987374
4547,334.023907
4548,334.051597
4549,334.071013
4550,334.082447
4551,334.085939
4552,334.081283
4553,334.06802
4554,334.045413
4555,334.012418
4556,333.967634
4557,333.909227
4558,333.834767
4559,333.740849
4560,333.621958
4561,333.522314
4562,333.439642
4563,333.371299
4564,333.314875
4565,333.268326
4566,333.229963
4567,333.198412
4568,333.17256
4569,333.151514
4570,333.134564
4571,333.121151
4572,333.110843
4573,333.103315
4574,333.098336
4575,333.095756
4576,333.095503
4577,333.097576
4578,333.102049
4579,333.10907
4580,333.118871
4581,333.131776
4582,333.148216
4583,333.168751
4584,333.194091
4585,333.225129
4586,333.262975
4587,333.309006
4588,333.364908
4589,333.432726
4590,333.514868
4591,333.61398
4592,333.732332
4593,333.82572
4594,333.899646
4595,333.957513
4596,334.001749
4597,334.034186
4598,334.056226
4599,334.068911
4600,334.072976
4601,334.06888
4602,334.056826
4603,334.036774
4604,334.00843
4605,333.971224
4606,333.924235
4607,333.865965
4608,333.872601
4609,333.929683
4610,333.975639
4611,334.011959
4612,334.039558
4613,334.059
4614,334.070574
4615,334.074319
4616,334.070028
4617,334.057242
4618,334.035227
4619,334.002938
4620,333.958971
4621,333.901482
4622,333.828027
4623,333.735178
4624,333.617409
4625,333.518865
4626,333.437237
4627,333.369854
4628,333.31429
4629,333.268494
4630,333.230777
4631,333.199771
4632,333.174371
4633,333.153695
4634,333.137041
4635,333.12386
4636,333.113726
4637,333.106321
4638,333.101417
4639,333.09887
4640,333.098607
4641,333.100629
4642,333.105007
4643,333.111886
4644,333.121494
4645,333.134148
4646,333.150274
4647,333.170421
4648,333.19529
4649,333.225764
4650,333.262946
4651,333.308206
4652,333.363231
4653,333.430072
4654,333.511154
4655,333.609148
4656,333.726364
4657,333.818668
4658,333.891576
4659,333.948512
4660,333.991919
4661,334.02364
4662,334.045079
4663,334.057278
4664,334.060972
4665,334.056619
4666,334.044424
4667,334.024347
4668,333.996098
4669,333.959113
4670,333.912473
4671,333.854688
4672,333.854326
4673,333.9106
4674,333.955946
4675,333.991844
4676,334.019204
4677,334.038583
4678,334.050268
4679,334.054296
4680,334.050462
4681,334.038313
4682,334.017118
4683,333.985837
4684,333.943065
4685,333.886948
4686,333.815016
4687,333.723811
4688,333.607775
4689,333.510937
4690,333.430921
4691,333.365013
4692,333.31076
4693,333.266102
4694,333.229356
4695,333.199163
4696,333.174435
4697,333.154306
4698,333.138089
4699,333.12525
4700,333.115374
4701,333.108152
4702,333.103364
4703,333.100868
4704,333.100596
4705,333.102547
4706,333.106791
4707,333.113468
4708,333.122799
4709,333.135092
4710,333.150762
4711,333.170343
4712,333.194522
4713,333.224165
4714,333.260359
4715,333.304463
4716,333.35816
4717,333.42351
4718,333.502963
4719,333.599237
4720,333.714704
4721,333.805351
4722,333.876722
4723,333.932274
4724,333.974475
4725,334.005178
4726,334.025789
4727,334.037345
4728,334.040577
4729,334.035938
4730,334.023631
4731,334.003618
4732,333.975614
4733,333.939058
4734,333.893041
4735,333.836078
4736,333.827996
4737,333.883099
4738,333.927545
4739,333.962803
4740,333.989771
4741,334.008999
4742,334.020767
4743,334.025111
4744,334.021833
4745,334.010486
4746,333.990355
4747,333.96041
4748,333.919254
4749,333.865022
4750,333.79522
4751,333.706336
4752,333.59276
4753,333.498339
4754,333.420595
4755,333.356742
4756,333.304294
4757,333.261187
4758,333.225748
4759,333.196642
4760,333.172807
4761,333.1534
4762,333.137759
4763,333.125368
4764,333.115831
4765,333.108849
4766,333.104213
4767,333.101788
4768,333.101506
4769,333.103369
4770,333.107441
4771,333.113859
4772,333.122832
4773,333.134658
4774,333.149734
4775,333.168575
4776,333.191843
4777,333.220381
4778,333.25525
4779,333.297786
4780,333.349661
4781,333.412939
4782,333.490105
4783,333.583946
4784,333.696939
4785,333.785252
4786,333.854481
4787,333.908136
4788,333.948711
4789,333.978069
4790,333.997608
4791,334.008356
4792,334.011028
4793,334.006071
4794,333.993682
4795,333.973823
4796,333.946216
4797,333.910309
4798,333.865203
4799,333.809425
4800,333.792616
4801,333.846147
4802,333.889384
4803,333.923773
4804,333.950194
4805,333.96918
4806,333.981002
4807,333.985697
4808,333.983075
4809,333.972706
4810,333.953896
4811,333.925645
4812,333.886576
4813,333.834829
4814,333.767885
4815,333.682159
4816,333.571951
4817,333.480828
4818,333.406146
4819,333.34502
4820,333.294928
4821,333.253813
4822,333.220033
4823,333.192291
4824,333.169564
4825,333.15105
4826,333.136117
4827,333.124277
4828,333.115153
4829,333.108466
4830,333.104017
4831,333.101678
4832,333.101387
4833,333.103144
4834,333.107011
4835,333.113116
4836,333.121656
4837,333.132914
4838,333.147263
4839,333.165193
4840,333.187334
4841,333.21449
4842,333.247684
4843,333.28821
4844,333.337712
4845,333.398247
4846,333.472336
4847,333.562864
4848,333.672475
4849,333.757616
4850,333.823976
4851,333.875135
4852,333.913614
4853,333.94127
4854,333.95948
4855,333.969245
4856,333.971258
4857,333.965948
4858,333.953505
4859,333.933892
4860,333.906838
4861,333.871809
4862,333.827923
4863,333.773732
4864,333.746841
4865,333.798354
4866,333.84005
4867,333.873333
4868,333.899048
4869,333.917702
4870,333.929552
4871,333.934632
4872,333.932766
4873,333.923549
4874,333.90633
4875,333.880154
4876,333.843696
4877,333.795137
4878,333.731948
4879,333.650464
4880,333.544818
4881,333.458132
4882,333.387488
4883,333.329874
4884,333.28275
4885,333.244095
4886,333.212329
4887,333.186222
4888,333.164813
4889,333.147351
4890,333.133249
4891,333.122052
4892,333.113411
4893,333.107068
4894,333.102837
4895,333.1006
4896,333.1003
4897,333.101936
4898,333.105566
4899,333.111308
4900,333.119347
4901,333.129943
4902,333.143443
4903,333.160302
4904,333.181108
4905,333.206611
4906,333.237772
4907,333.275823
4908,333.322341
4909,333.379347
4910,333.449383
4911,333.53546
4912,333.640496
4913,333.721382
4914,333.783974
4915,333.831936
4916,333.867793
4917,333.893366
4918,333.90998
4919,333.918587
4920,333.919842
4921,333.914146
4922,333.901677
4923,333.8824
4924,333.856057
4925,333.822142
4926,333.779809
4927,333.72765
4928,333.68887
4929,333.737869
4930,333.777676
4931,333.809617
4932,333.834474
4933,333.85271
4934,333.86456
4935,333.870056
4936,333.869039
4937,333.861144
4938,333.845776
4939,333.822065
4940,333.788785
4941,333.74422
4942,333.685907
4943,333.610126
4944,333.51072
4945,333.430009
4946,333.364626
4947,333.311433
4948,333.267932
4949,333.232211
4950,333.202805
4951,333.178588
4952,333.158687
4953,333.14242
4954,333.129257
4955,333.118785
4956,333.110688
4957,333.10473
4958,333.100744
4959,333.098623
4960,333.098313
4961,333.099815
4962,333.103182
4963,333.10852
4964,333.115997
4965,333.125849
4966,333.138392
4967,333.154037
4968,333.173317
4969,333.196912
4970,333.225696
4971,333.260796
4972,333.303673
4973,333.356243
4974,333.421003
4975,333.501091
4976,333.599874
4977,333.675045
4978,333.732749
4979,333.776706
4980,333.809376
4981,333.832476
4982,333.847232
4983,333.854514
4984,333.854917
4985,333.848805
4986,333.836337
4987,333.817482
4988,333.792004
4989,333.75944
4990,333.719006
4991,333.669375
4992,333.616239
4993,333.66219
4994,333.699767
4995,333.730147
4996,333.754007
4997,333.77175
4998,333.783575
4999,333.789513
5000,333.789425
5001,333.782996
5002,333.769716
5003,333.748836
5004,333.719298
5005,333.679604
5006,333.627534
5007,333.559501
5008,333.468961
5009,333.396391
5010,333.337775
5011,333.289998
5012,333.250778
5013,333.218432
5014,333.191692
5015,333.169584
5016,333.15135
5017,333.136398
5018,333.124262
5019,333.114581
5020,333.107076
5021,333.101539
5022,333.09782
5023,333.095825
5024,333.095506
5025,333.096864
5026,333.099944
5027,333.104843
5028,333.11171
5029,333.120752
5030,333.132249
5031,333.146562
5032,333.164156
5033,333.185625
5034,333.211725
5035,333.243431
5036,333.282012
5037,333.329151
5038,333.387129
5039,333.459061
5040,333.548965
5041,333.616376
5042,333.667826
5043,333.7069
5044,333.735819
5045,333.75608
5046,333.768742
5047,333.774553
5048,333.774025
5049,333.767471
5050,333.75503
5051,333.736673
5052,333.712197
5053,333.681202
5054,333.64301
5055,333.59644
5056,333.525339
5057,333.567719
5058,333.602779
5059,333.631425
5060,333.654182
5061,333.671369
5062,333.683149
5063,333.689544
5064,333.690445
5065,333.685597
5066,333.674591
5067,333.656839
5068,333.631527
5069,333.597531
5070,333.553213
5071,333.495796
5072,333.419078
5073,333.357728
5074,333.307569
5075,333.266145
5076,333.231756
5077,333.203131
5078,333.179286
5079,333.159446
5080,333.142994
5081,333.129441
5082,333.118398
5083,333.109557
5084,333.10268
5085,333.097588
5086,333.094153
5087,333.092292
5088,333.091964
5089,333.093169
5090,333.095947
5091,333.100382
5092,333.106602
5093,333.114786
5094,333.125172
5095,333.138067
5096,333.153861
5097,333.173043
5098,333.196231
5099,333.224199
5100,333.257932
5101,333.298701
5102,333.348207
5103,333.408906
5104,333.484976
5105,333.541757
5106,333.585442
5107,333.618807
5108,333.64349
5109,333.660615
5110,333.670996
5111,333.675223
5112,333.673704
5113,333.666692
5114,333.654299
5115,333.636501
5116,333.613135
5117,333.583883
5118,333.548217
5119,333.505231
5120,333.410063
5121,333.448564
5122,333.480963
5123,333.507769
5124,333.529345
5125,333.545928
5126,333.557643
5127,333.56451
5128,333.566445
5129,333.563262
5130,333.554667
5131,333.540249
5132,333.519481
5133,333.491725
5134,333.456293
5135,333.412733
5136,333.362255
5137,333.315759
5138,333.275321
5139,333.24079
5140,333.21151
5141,333.186772
5142,333.165933
5143,333.14844
5144,333.133831
5145,333.121724
5146,333.111808
5147,333.103835
5148,333.097608
5149,333.092977
5150,333.089836
5151,333.088114
5152,333.087776
5153,333.088824
5154,333.09129
5155,333.095245
5156,333.100797
5157,333.108094
5158,333.117334
5159,333.128764
5160,333.142698
5161,333.159515
5162,333.179678
5163,333.203741
5164,333.232348
5165,333.266207
5166,333.305977
5167,333.351807
5168,333.401626
5169,333.444532
5170,333.479316
5171,333.506427
5172,333.526555
5173,333.540338
5174,333.548303
5175,333.55086
5176,333.548304
5177,333.540821
5178,333.528495
5179,333.511305
5180,333.489127
5181,333.461723
5182,333.428728
5183,333.389632
5184,333.314095
5185,333.348795
5186,333.378502
5187,333.403442
5188,333.42382
5189,333.439784
5190,333.451419
5191,333.458737
5192,333.461684
5193,333.460136
5194,333.453905
5195,333.442748
5196,333.426397
5197,333.404611
5198,333.377328
5199,333.345003
5200,333.309388
5201,333.274714
5202,333.243065
5203,333.21509
5204,333.190778
5205,333.169865
5206,333.152004
5207,333.136848
5208,333.12408
5209,333.113423
5210,333.104642
5211,333.097544
5212,333.091973
5213,333.087809
5214,333.084965
5215,333.083384
5216,333.083037
5217,333.083925
5218,333.086076
5219,333.089546
5220,333.094423
5221,333.100827
5222,333.108913
5223,333.118874
5224,333.130947
5225,333.145408
5226,333.162575
5227,333.182795
5228,333.206416
5229,333.233703
5230,333.264666
5231,333.298659
5232,333.333599
5233,333.365254
5234,333.391874
5235,333.413003
5236,333.428704
5237,333.439217
5238,333.444811
5239,333.445729
5240,333.442159
5241,333.434224
5242,333.421981
5243,333.405414
5244,333.384441
5245,333.358912
5246,333.32862
5247,333.293339
5248,333.234429
5249,333.265731
5250,333.292926
5251,333.316085
5252,333.335304
5253,333.350661
5254,333.362203
5255,333.369941
5256,333.373841
5257,333.373834
5258,333.369819
5259,333.361687
5260,333.349351
5261,333.332817
5262,333.312303
5263,333.288443
5264,333.262556
5265,333.236676
5266,333.212249
5267,333.190013
5268,333.170226
5269,333.152883
5270,333.137849
5271,333.124939
5272,333.113957
5273,333.104715
5274,333.097047
5275,333.090811
5276,333.085889
5277,333.082188
5278,333.079639
5279,333.078198
5280,333.077843
5281,333.078572
5282,333.080409
5283,333.083398
5284,333.087608
5285,333.093131
5286,333.100084
5287,333.108611
5288,333.118879
5289,333.131075
5290,333.145395
5291,333.162026
5292,333.181103
5293,333.202633
5294,333.226357
5295,333.251539
5296,333.276734
5297,333.299909
5298,333.319745
5299,333.335609
5300,333.347283
5301,333.354763
5302,333.358133
5303,333.357506
5304,333.35298
5305,333.344627
5306,333.332478
5307,333.316524
5308,333.296718
5309,333.272978
5310,333.245211
5311,333.213344
5312,333.168143
5313,333.196502
5314,333.221448
5315,333.242977
5316,333.261116
5317,333.275896
5318,333.287341
5319,333.295455
5320,333.300224
5321,333.301619
5322,333.299606
5323,333.294163
5324,333.285317
5325,333.273194
5326,333.258095
5327,333.240596
5328,333.221611
5329,333.202295
5330,333.183612
5331,333.166188
5332,333.150348
5333,333.136211
5334,333.123771
5335,333.112955
5336,333.103657
5337,333.095763
5338,333.089164
5339,333.08376
5340,333.079467
5341,333.076215
5342,333.073955
5343,333.072651
5344,333.072286
5345,333.072861
5346,333.074392
5347,333.076913
5348,333.080475
5349,333.085147
5350,333.091013
5351,333.098172
5352,333.106736
5353,333.116818
5354,333.128524
5355,333.141929
5356,333.157039
5357,333.173737
5358,333.191698
5359,333.210297
5360,333.228573
5361,333.24537
5362,333.259776
5363,333.271216
5364,333.279388
5365,333.284168
5366,333.285531
5367,333.283496
5368,333.278099
5369,333.269369
5370,333.257321
5371,333.241949
5372,333.223231
5373,333.201132
5374,333.175627
5375,333.14672
5376,333.112764
5377,333.138603
5378,333.161579
5379,333.181652
5380,333.19881
5381,333.213058
5382,333.2244
5383,333.232841
5384,333.23838
5385,333.241016
5386,333.240756
5387,333.237634
5388,333.231735
5389,333.223228
5390,333.212414
5391,333.199756
5392,333.185894
5393,333.171561
5394,333.157415
5395,333.143945
5396,333.131462
5397,333.120128
5398,333.110008
5399,333.101096
5400,333.093352
5401,333.086715
5402,333.081122
5403,333.076506
5404,333.072812
5405,333.069991
5406,333.068007
5407,333.066835
5408,333.066461
5409,333.066887
5410,333.068124
5411,333.070196
5412,333.07314
5413,333.077005
5414,333.081846
5415,333.087728
5416,333.094717
5417,333.102874
5418,333.11224
5419,333.12282
5420,333.134552
5421,333.147275
5422,333.160678
5423,333.174275
5424,333.187409
5425,333.199347
5426,333.209453
5427,333.217261
5428,333.222475
5429,333.224924
5430,333.224524
5431,333.221244
5432,333.215075
5433,333.206019
5434,333.194076
5435,333.179242
5436,333.161512
5437,333.140882
5438,333.117361
5439,333.090989
5440,333.066279
5441,333.08997
5442,333.111238
5443,333.130029
5444,333.146311
5445,333.160073
5446,333.171311
5447,333.180028
5448,333.186231
5449,333.189937
5450,333.19118
5451,333.19002
5452,333.186566
5453,333.180992
5454,333.173562
5455,333.164643
5456,333.15469
5457,333.144205
5458,333.133652
5459,333.123407
5460,333.113738
5461,333.104815
5462,333.09673
5463,333.089519
5464,333.083183
5465,333.077699
5466,333.073036
5467,333.069156
5468,333.066024
5469,333.063609
5470,333.061886
5471,333.060838
5472,333.060457
5473,333.060741
5474,333.061699
5475,333.063348
5476,333.065712
5477,333.068821
5478,333.072712
5479,333.077421
5480,333.082981
5481,333.089415
5482,333.096723
5483,333.10487
5484,333.113765
5485,333.12324
5486,333.133029
5487,333.142757
5488,333.15196
5489,333.160141
5490,333.166844
5491,333.171704
5492,333.174459
5493,333.174935
5494,333.173025
5495,333.168668
5496,333.161831
5497,333.152499
5498,333.140664
5499,333.126322
5500,333.109477
5501,333.09014
5502,333.068342
5503,333.044135
5504,333.027065
5505,333.048925
5506,333.06872
5507,333.086391
5508,333.101898
5509,333.115222
5510,333.126353
5511,333.135294
5512,333.142059
5513,333.146672
5514,333.14918
5515,333.149655
5516,333.148208
5517,333.145002
5518,333.140258
5519,333.134262
5520,333.127349
5521,333.119878
5522,333.112189
5523,333.104571
5524,333.097246
5525,333.090373
5526,333.084052
5527,333.078341
5528,333.073263
5529,333.068822
5530,333.065009
5531,333.061806
5532,333.059195
5533,333.057158
5534,333.055679
5535,333.054748
5536,333.054358
5537,333.05451
5538,333.055207
5539,333.056461
5540,333.058285
5541,333.060699
5542,333.06372
5543,333.067365
5544,333.071645
5545,333.076556
5546,333.082076
5547,333.088149
5548,333.094675
5549,333.101499
5550,333.108399
5551,333.115089
5552,333.12123
5553,333.126467
5554,333.130465
5555,333.13294
5556,333.133672
5557,333.132501
5558,333.129316
5559,333.124045
5560,333.116644
5561,333.107087
5562,333.095361
5563,333.081464
5564,333.065403
5565,333.047199
5566,333.02689
5567,333.004533
5568,332.99382
5569,333.014116
5570,333.032641
5571,333.049336
5572,333.06416
5573,333.077088
5574,333.088111
5575,333.09723
5576,333.104459
5577,333.10983
5578,333.113391
5579,333.115216
5580,333.115409
5581,333.114113
5582,333.11151
5583,333.107824
5584,333.103308
5585,333.098228
5586,333.092839
5587,333.087364
5588,333.081988
5589,333.076849
5590,333.072047
5591,333.067644
5592,333.06368
5593,333.060173
5594,333.057128
5595,333.054542
5596,333.052409
5597,333.050721
5598,333.049468
5599,333.048645
5600,333.048247
5601,333.048275
5602,333.048731
5603,333.04962
5604,333.050949
5605,333.052727
5606,333.054959
5607,333.057649
5608,333.060792
5609,333.06437
5610,333.068347
5611,333.072658
5612,333.077209
5613,333.081862
5614,333.086436
5615,333.090709
5616,333.094428
5617,333.09733
5618,333.099165
5619,333.099711
5620,333.098787
5621,333.096252
5622,333.092003
5623,333.085967
5624,333.078097
5625,333.068362
5626,333.056748
5627,333.043252
5628,333.027885
5629,333.01067
5630,332.991648
5631,332.970875
5632,332.965493
5633,332.984449
5634,333.001877
5635,333.017722
5636,333.031944
5637,333.044517
5638,333.055429
5639,333.064683
5640,333.072292
5641,333.078288
5642,333.082717
5643,333.08565
5644,333.087179
5645,333.087426
5646,333.086541
5647,333.084699
5648,333.082095
5649,333.078931
5650,333.075402
5651,333.071684
5652,333.067929
5653,333.064254
5654,333.060752
5655,333.057487
5656,333.054502
5657,333.051824
5658,333.049468
5659,333.047441
5660,333.045744
5661,333.044374
5662,333.043329
5663,333.042605
5664,333.042201
5665,333.042116
5666,333.04235
5667,333.042904
5668,333.043782
5669,333.044982
5670,333.046505
5671,333.048343
5672,333.050482
5673,333.052897
5674,333.055545
5675,333.058364
5676,333.061265
5677,333.06413
5678,333.066813
5679,333.069141
5680,333.07092
5681,333.071952
5682,333.072045
5683,333.071025
5684,333.068746
5685,333.065087
5686,333.059957
5687,333.053288
5688,333.045034
5689,333.035163
5690,333.023663
5691,333.010529
5692,332.995775
5693,332.979424
5694,332.961517
5695,332.942106
5696,332.941237
5697,332.959039
5698,332.975518
5699,332.990622
5700,333.004313
5701,333.016565
5702,333.027366
5703,333.036716
5704,333.044631
5705,333.051137
5706,333.056279
5707,333.060119
5708,333.062737
5709,333.064235
5710,333.064735
5711,333.064377
5712,333.063312
5713,333.061698
5714,333.059686
5715,333.057417
5716,333.055013
5717,333.052576
5718,333.050186
5719,333.047906
5720,333.045779
5721,333.043836
5722,333.042096
5723,333.040572
5724,333.039269
5725,333.03819
5726,333.037335
5727,333.036703
5728,333.036294
5729,333.036105
5730,333.036136
5731,333.036386
5732,333.036853
5733,333.037533
5734,333.038419
5735,333.0395
5736,333.040756
5737,333.042157
5738,333.043662
5739,333.045212
5740,333.046727
5741,333.048111
5742,333.049243
5743,333.049987
5744,333.050194
5745,333.049712
5746,333.048391
5747,333.046096
5748,333.042706
5749,333.038122
5750,333.032266
5751,333.025076
5752,333.016511
5753,333.006542
5754,332.995156
5755,332.982351
5756,332.968139
5757,332.952545
5758,332.935606
5759,332.917371
5760,332.920363
5761,332.937169
5762,332.952824
5763,332.96728
5764,332.980501
5765,332.992463
5766,333.003152
5767,333.012569
5768,333.020726
5769,333.027647
5770,333.033372
5771,333.037953
5772,333.041459
5773,333.043976
5774,333.045601
5775,333.046447
5776,333.046634
5777,333.046284
5778,333.045519
5779,333.04445
5780,333.043179
5781,333.04179
5782,333.040355
5783,333.038928
5784,333.037552
5785,333.036259
5786,333.035069
5787,333.033997
5788,333.033051
5789,333.032237
5790,333.031557
5791,333.03101
5792,333.030596
5793,333.030314
5794,333.030161
5795,333.030135
5796,333.03023
5797,333.03044
5798,333.030757
5799,333.031164
5800,333.031641
5801,333.032158
5802,333.032676
5803,333.033141
5804,333.033487
5805,333.03363
5806,333.033477
5807,333.032918
5808,333.031837
5809,333.030115
5810,333.027637
5811,333.024294
5812,333.019991
5813,333.014645
5814,333.00819
5815,333.000574
5816,332.99176
5817,332.981723
5818,332.970451
5819,332.957945
5820,332.944216
5821,332.929286
5822,332.913192
5823,332.895979
5824,332.902316
5825,332.918258
5826,332.933195
5827,332.947082
5828,332.959887
5829,332.971585
5830,332.982164
5831,332.991623
5832,332.99997
5833,333.007227
5834,333.013428
5835,333.018616
5836,333.02285
5837,333.026199
5838,333.028744
5839,333.030576
5840,333.031788
5841,333.032481
5842,333.032749
5843,333.032683
5844,333.032367
5845,333.031871
5846,333.031256
5847,333.030571
5848,333.029856
5849,333.029138
5850,333.028439
5851,333.027775
5852,333.027154
5853,333.026582
5854,333.026062
5855,333.025595
5856,333.025179
5857,333.024813
5858,333.024493
5859,333.024215
5860,333.023974
5861,333.023761
5862,333.023566
5863,333.023373
5864,333.023161
5865,333.022903
5866,333.022562
5867,333.022094
5868,333.021441
5869,333.020538
5870,333.019305
5871,333.01766
5872,333.01551
5873,333.012762
5874,333.009326
5875,333.005117
5876,333.000057
5877,332.99408
5878,332.987131
5879,332.979166
5880,332.970154
5881,332.960073
5882,332.948916
5883,332.936681
5884,332.923382
5885,332.90904
5886,332.893687
5887,332.877366
5888,332.886643
5889,332.901833
5890,332.916141
5891,332.929529
5892,332.941964
5893,332.953424
5894,332.963895
5895,332.973376
5896,332.981872
5897,332.989401
5898,332.99599
5899,333.001677
5900,333.00651
5901,333.010545
5902,333.013849
5903,333.016493
5904,333.018556
5905,333.020114
5906,333.021247
5907,333.022026
5908,333.022521
5909,333.022791
5910,333.022887
5911,333.022851
5912,333.022718
5913,333.022514
5914,333.022257
5915,333.021962
5916,333.021638
5917,333.02129
5918,333.020919
5919,333.020527
5920,333.020112
5921,333.019671
5922,333.0192
5923,333.018695
5924,333.018148
5925,333.017551
5926,333.016894
5927,333.016162
5928,333.015336
5929,333.014392
5930,333.013298
5931,333.012018
5932,333.010504
5933,333.008703
5934,333.006554
5935,333.003989
5936,333.000939
5937,332.997331
5938,332.993093
5939,332.988158
5940,332.982466
5941,332.975962
5942,332.968602
5943,332.96035
5944,332.951181
5945,332.941076
5946,332.93003
5947,332.918044
5948,332.905129
5949,332.891308
5950,332.876609
5951,332.861071
5952,332.872977
5953,332.887508
5954,332.901266
5955,332.914214
5956,332.926321
5957,332.937565
5958,332.947933
5959,332.957421
5960,332.966034
5961,332.973784
5962,332.980693
5963,332.986793
5964,332.992122
5965,332.996726
5966,333.000661
5967,333.003983
5968,333.006756
5969,333.009042
5970,333.010905
5971,333.012405
5972,333.013596
5973,333.014529
5974,333.015246
5975,333.015783
5976,333.016169
5977,333.016427
5978,333.016572
5979,333.016616
5980,333.016566
5981,333.016427
5982,333.016198
5983,333.015879
5984,333.015468
5985,333.014961
5986,333.014354
5987,333.01364
5988,333.012814
5989,333.011868
5990,333.010791
5991,333.00957
5992,333.00819
5993,333.006631
5994,333.004868
5995,333.00287
5996,333.000601
5997,332.998019
5998,332.995077
5999,332.991723
6000,332.987902
6001,332.983559
6002,332.978639
6003,332.973089
6004,332.966861
6005,332.959912
6006,332.952207
6007,332.943718
6008,332.934422
6009,332.924307
6010,332.913369
6011,332.901609
6012,332.889041
6013,332.875683
6014,332.861564
6015,332.846717
6016,332.861018
6017,332.874973
6018,332.888247
6019,332.900806
6020,332.912622
6021,332.923672
6022,332.933944
6023,332.943431
6024,332.952135
6025,332.960066
6026,332.967242
6027,332.973686
6028,332.97943
6029,332.984513
6030,332.988977
6031,332.992871
6032,332.996245
6033,332.99915
6034,333.001638
6035,333.003758
6036,333.005554
6037,333.007069
6038,333.008336
6039,333.009385
6040,333.01024
6041,333.010919
6042,333.011434
6043,333.011794
6044,333.012003
6045,333.012063
6046,333.011971
6047,333.011727
6048,333.011325
6049,333.010761
6050,333.01003
6051,333.009126
6052,333.008042
6053,333.006772
6054,333.005307
6055,333.003638
6056,333.001751
6057,332.999632
6058,332.997263
6059,332.99462
6060,332.991676
6061,332.988401
6062,332.984759
6063,332.980712
6064,332.976219
6065,332.971237
6066,332.965725
6067,332.959643
6068,332.952953
6069,332.945623
6070,332.937623
6071,332.928933
6072,332.919534
6073,332.909419
6074,332.898583
6075,332.887031
6076,332.874774
6077,332.861831
6078,332.848227
6079,332.833994
6080,332.850524
6081,332.863972
6082,332.876821
6083,332.889039
6084,332.900597
6085,332.911475
6086,332.921658
6087,332.93114
6088,332.939919
6089,332.948002
6090,332.955401
6091,332.962137
6092,332.968233
6093,332.973722
6094,332.978638
6095,332.98302
6096,332.986909
6097,332.990348
6098,332.993379
6099,332.996041
6100,332.998371
6101,333.000403
6102,333.002164
6103,333.003679
6104,333.004966
6105,333.006037
6106,333.006901
6107,333.007561
6108,333.00802
6109,333.008274
6110,333.00832
6111,333.008153
6112,333.007766
6113,333.007155
6114,333.006311
6115,333.00523
6116,333.003906
6117,333.002333
6118,333.000505
6119,332.998415
6120,332.996055
6121,332.993415
6122,332.990484
6123,332.987247
6124,332.983687
6125,332.979782
6126,332.975507
6127,332.970837
6128,332.965742
6129,332.960192
6130,332.954155
6131,332.947603
6132,332.940506
6133,332.932841
6134,332.924584
6135,332.91572
6136,332.906235
6137,332.896123
6138,332.885383
6139,332.87402
6140,332.862044
6141,332.849474
6142,332.836332
6143,332.822648
6144,332.841296
6145,332.8543
6146,332.866776
6147,332.878693
6148,332.890026
6149,332.900753
6150,332.91086
6151,332.920336
6152,332.92918
6153,332.937393
6154,332.944986
6155,332.951973
6156,332.958373
6157,332.964212
6158,332.969518
6159,332.974324
6160,332.978662
6161,332.982569
6162,332.986077
6163,332.989221
6164,332.992031
6165,332.994532
6166,332.996748
6167,332.998695
6168,333.000387
6169,333.001832
6170,333.003032
6171,333.003987
6172,333.004693
6173,333.005144
6174,333.005333
6175,333.00525
6176,333.004888
6177,333.004238
6178,333.003293
6179,333.002046
6180,333.000494
6181,332.998631
6182,332.996454
6183,332.99396
6184,332.991147
6185,332.988011
6186,332.984547
6187,332.980749
6188,332.976608
6189,332.972113
6190,332.967251
6191,332.962005
6192,332.956356
6193,332.950285
6194,332.943771
6195,332.936791
6196,332.929327
6197,332.921359
6198,332.912872
6199,332.903852
6200,332.894291
6201,332.884185
6202,332.873532
6203,332.86234
6204,332.850618
6205,332.838383
6206,332.825657
6207,332.812466
6208,332.833175
6209,332.845789
6210,332.857938
6211,332.869596
6212,332.880734
6213,332.891333
6214,332.901376
6215,332.910852
6216,332.919755
6217,332.928087
6218,332.935851
6219,332.94306
6220,332.949728
6221,332.955875
6222,332.961525
6223,332.966704
6224,332.971441
6225,332.975764
6226,332.979702
6227,332.983283
6228,332.986531
6229,332.989468
6230,332.99211
6231,332.994469
6232,332.996554
6233,332.998365
6234,332.999899
6235,333.001152
6236,333.002113
6237,333.00277
6238,333.003112
6239,333.003125
6240,333.002798
6241,333.00212
6242,333.001083
6243,332.99968
6244,332.997906
6245,332.99576
6246,332.99324
6247,332.990349
6248,332.98709
6249,332.983465
6250,332.979479
6251,332.975132
6252,332.970428
6253,332.965364
6254,332.959938
6255,332.954142
6256,332.947968
6257,332.941406
6258,332.934442
6259,332.927063
6260,332.919255
6261,332.911007
6262,332.902305
6263,332.893141
6264,332.883508
6265,332.873405
6266,332.862831
6267,332.851793
6268,332.8403
6269,332.828369
6270,332.816018
6271,332.803272
6272,332.826033
6273,332.838305
6274,332.850172
6275,332.861606
6276,332.872581
6277,332.883075
6278,332.893071
6279,332.902556
6280,332.911522
6281,332.919965
6282,332.927888
6283,332.935299
6284,332.942208
6285,332.948633
6286,332.954591
6287,332.960107
6288,332.965203
6289,332.969904
6290,332.974236
6291,332.978222
6292,332.981881
6293,332.985231
6294,332.988285
6295,332.991048
6296,332.993523
6297,332.995705
6298,332.997585
6299,332.999149
6300,333.000382
6301,333.001263
6302,333.001777
6303,333.001903
6304,333.001626
6305,333.000933
6306,332.999812
6307,332.998258
6308,332.996264
6309,332.993833
6310,332.990968
6311,332.987673
6312,332.983961
6313,332.97984
6314,332.975324
6315,332.970424
6316,332.965154
6317,332.959521
6318,332.953533
6319,332.947194
6320,332.940505
6321,332.933463
6322,332.926063
6323,332.918298
6324,332.91016
6325,332.90164
6326,332.892732
6327,332.883428
6328,332.873724
6329,332.863618
6330,332.853113
6331,332.842212
6332,332.830927
6333,332.81927
6334,332.80726
6335,332.794918
6336,332.819765
6337,332.831742
6338,332.843367
6339,332.854614
6340,332.865458
6341,332.875874
6342,332.885844
6343,332.895352
6344,332.904387
6345,332.912943
6346,332.92102
6347,332.928621
6348,332.935755
6349,332.942434
6350,332.948676
6351,332.9545
6352,332.959927
6353,332.96498
6354,332.96968
6355,332.974048
6356,332.978102
6357,332.981856
6358,332.985318
6359,332.98849
6360,332.991367
6361,332.993938
6362,332.996186
6363,332.998089
6364,332.999621
6365,333.000756
6366,333.001468
6367,333.001731
6368,333.001524
6369,333.00083
6370,332.999635
6371,332.997932
6372,332.995716
6373,332.992991
6374,332.989764
6375,332.986048
6376,332.981859
6377,332.977217
6378,332.972145
6379,332.966667
6380,332.960807
6381,332.954585
6382,332.948019
6383,332.941125
6384,332.933912
6385,332.926385
6386,332.918547
6387,332.910397
6388,332.90193
6389,332.893141
6390,332.884027
6391,332.874581
6392,332.864801
6393,332.854686
6394,332.844237
6395,332.833459
6396,332.82236
6397,332.810952
6398,332.799253
6399,332.78728
6400,332.814291
6401,332.826013
6402,332.837437
6403,332.848536
6404,332.859282
6405,332.869651
6406,332.87962
6407,332.889171
6408,332.89829
6409,332.906967
6410,332.915198
6411,332.922985
6412,332.930334
6413,332.937255
6414,332.943763
6415,332.949876
6416,332.955613
6417,332.960997
6418,332.966048
6419,332.970787
6420,332.975229
6421,332.979387
6422,332.983265
6423,332.986863
6424,332.990168
6425,332.993161
6426,332.995816
6427,332.9981
6428,332.999976
6429,333.001407
6430,333.002355
6431,333.002788
6432,333.002678
6433,333.002
6434,333.00074
6435,332.998888
6436,332.996441
6437,332.993404
6438,332.989789
6439,332.985616
6440,332.98091
6441,332.975703
6442,332.970028
6443,332.963924
6444,332.957427
6445,332.950573
6446,332.943392
6447,332.93591
6448,332.928147
6449,332.920116
6450,332.911825
6451,332.903277
6452,332.894472
6453,332.885408
6454,332.876081
6455,332.866487
6456,332.856624
6457,332.846489
6458,332.836084
6459,332.825412
6460,332.814481
6461,332.803301
6462,332.791885
6463,332.780251
6464,332.809546
6465,332.821055
6466,332.832319
6467,332.843308
6468,332.853995
6469,332.864352
6470,332.874352
6471,332.883973
6472,332.893196
6473,332.902009
6474,332.910404
6475,332.918379
6476,332.92594
6477,332.933095
6478,332.939857
6479,332.946245
6480,332.95228
6481,332.957981
6482,332.963374
6483,332.968477
6484,332.973308
6485,332.97788
6486,332.982197
6487,332.986251
6488,332.990026
6489,332.993493
6490,332.996613
6491,332.99934
6492,333.001622
6493,333.003406
6494,333.004645
6495,333.005292
6496,333.005311
6497,333.004673
6498,333.003358
6499,333.001354
6500,332.998659
6501,332.995282
6502,332.99124
6503,332.986559
6504,332.981275
6505,332.975433
6506,332.969082
6507,332.962278
6508,332.955073
6509,332.947519
6510,332.939662
6511,332.93154
6512,332.923182
6513,332.914609
6514,332.905835
6515,332.896867
6516,332.887706
6517,332.878352
6518,332.8688
6519,332.859048
6520,332.84909
6521,332.838925
6522,332.828551
6523,332.817971
6524,332.80719
6525,332.796216
6526,332.785061
6527,332.77374
6528,332.805481
6529,332.816817
6530,332.827962
6531,332.838887
6532,332.849559
6533,332.859946
6534,332.870017
6535,332.879742
6536,332.889099
6537,332.89807
6538,332.906645
6539,332.914818
6540,332.922594
6541,332.92998
6542,332.936991
6543,332.943646
6544,332.949967
6545,332.955978
6546,332.961705
6547,332.967172
6548,332.972402
6549,332.977407
6550,332.982194
6551,332.986752
6552,332.991058
6553,332.995073
6554,332.998741
6555,333.001997
6556,333.00477
6557,333.006989
6558,333.008588
6559,333.009508
6560,333.009701
6561,333.009131
6562,333.007772
6563,333.005611
6564,333.002647
6565,332.99889
6566,332.994362
6567,332.989101
6568,332.983153
6569,332.976579
6570,332.96945
6571,332.961838
6572,332.953822
6573,332.945471
6574,332.93685
6575,332.928011
6576,332.918994
6577,332.909827
6578,332.900528
6579,332.891105
6580,332.881562
6581,332.871896
6582,332.862103
6583,332.852177
6584,332.842112
6585,332.831903
6586,332.821547
6587,332.811044
6588,332.800397
6589,332.789612
6590,332.778699
6591,332.767668
6592,332.802057
6593,332.813262
6594,332.824335
6595,332.835245
6596,332.845955
6597,332.856426
6598,332.866617
6599,332.876493
6600,332.886023
6601,332.895184
6602,332.903961
6603,332.912348
6604,332.920347
6605,332.927967
6606,332.935225
6607,332.94214
6608,332.948739
6609,332.955052
6610,332.96111
6611,332.966945
6612,332.972584
6613,332.97805
6614,332.983351
6615,332.988478
6616,332.9934
6617,332.998063
6618,333.002393
6619,333.006298
6620,333.00968
6621,333.012442
6622,333.014496
6623,333.015765
6624,333.016189
6625,333.015722
6626,333.014334
6627,333.012008
6628,333.008744
6629,333.004553
6630,332.999465
6631,332.993525
6632,332.986796
6633,332.979359
6634,332.971307
6635,332.962744
6636,332.953773
6637,332.944494
6638,332.93499
6639,332.925332
6640,332.91557
6641,332.905738
6642,332.895857
6643,332.885936
6644,332.875976
6645,332.865971
6646,332.855915
6647,332.845798
6648,332.83561
6649,332.825343
6650,332.814992
6651,332.804553
6652,332.794026
6653,332.783414
6654,332.772724
6655,332.761966
6656,332.799244
6657,332.810361
6658,332.821415
6659,332.832371
6660,332.843184
6661,332.853805
6662,332.864183
6663,332.874269
6664,332.884023
6665,332.893415
6666,332.902427
6667,332.911049
6668,332.919285
6669,332.927145
6670,332.934647
6671,332.941818
6672,332.948688
6673,332.955295
6674,332.961679
6675,332.967882
6676,332.973947
6677,332.979905
6678,332.985777
6679,332.991556
6680,332.997206
6681,333.002656
6682,333.007802
6683,333.012519
6684,333.016669
6685,333.02012
6686,333.022754
6687,333.024472
6688,333.0252
6689,333.024881
6690,333.023481
6691,333.02098
6692,333.017375
6693,333.012682
6694,333.006934
6695,333.000188
6696,332.992523
6697,332.984044
6698,332.974878
6699,332.965165
6700,332.955049
6701,332.944663
6702,332.934122
6703,332.923512
6704,332.912895
6705,332.90231
6706,332.891778
6707,332.881305
6708,332.870886
6709,332.860511
6710,332.850167
6711,332.839839
6712,332.829512
6713,332.819174
6714,332.808815
6715,332.798427
6716,332.788007
6717,332.777554
6718,332.767074
6719,332.756571
6720,332.797017
6721,332.808093
6722,332.81919
6723,332.830265
6724,332.841265
6725,332.852125
6726,332.862773
6727,332.873147
6728,332.883192
6729,332.892869
6730,332.902155
6731,332.911041
6732,332.919531
6733,332.927639
6734,332.935387
6735,332.942808
6736,332.949939
6737,332.956827
6738,332.963526
6739,332.970094
6740,332.976593
6741,332.983077
6742,332.989584
6743,332.99612
6744,333.002646
6745,333.00907
6746,333.015247
6747,333.020999
6748,333.026133
6749,333.030466
6750,333.033842
6751,333.036137
6752,333.03726
6753,333.037147
6754,333.035756
6755,333.033065
6756,333.029072
6757,333.02379
6758,333.017258
6759,333.00954
6760,333.000735
6761,332.990978
6762,332.980438
6763,332.969309
6764,332.957792
6765,332.946069
6766,332.934288
6767,332.922559
6768,332.910953
6769,332.89951
6770,332.888245
6771,332.877156
6772,332.866232
6773,332.855451
6774,332.844792
6775,332.834233
6776,332.823751
6777,332.813328
6778,332.802949
6779,332.792601
6780,332.782276
6781,332.771972
6782,332.761688
6783,332.751428
6784,332.795349
6785,332.806438
6786,332.81765
6787,332.82894
6788,332.840235
6789,332.851449
6790,332.862482
6791,332.873245
6792,332.883666
6793,332.893696
6794,332.903307
6795,332.912492
6796,332.921257
6797,332.929622
6798,332.937616
6799,332.945277
6800,332.952654
6801,332.959803
6802,332.966796
6803,332.973712
6804,332.980643
6805,332.987677
6806,332.994889
6807,333.00231
6808,333.009904
6809,333.017553
6810,333.025056
6811,333.032153
6812,333.038565
6813,333.044037
6814,333.048366
6815,333.051399
6816,333.05303
6817,333.053189
6818,333.051833
6819,333.048937
6820,333.044496
6821,333.038521
6822,333.03105
6823,333.022152
6824,333.011944
6825,333.000593
6826,332.98833
6827,332.975427
6828,332.962167
6829,332.948802
6830,332.935527
6831,332.922474
6832,332.909718
6833,332.897294
6834,332.885204
6835,332.873432
6836,332.861951
6837,332.850727
6838,332.839726
6839,332.828915
6840,332.818263
6841,332.807743
6842,332.797333
6843,332.787015
6844,332.776777
6845,332.766611
6846,332.756514
6847,332.746487
6848,332.794208
6849,332.805367
6850,332.816786
6851,332.82841
6852,332.840148
6853,332.851874
6854,332.863447
6855,332.874735
6856,332.885641
6857,332.896106
6858,332.906102
6859,332.915624
6860,332.924688
6861,332.93332
6862,332.941557
6863,332.949447
6864,332.957046
6865,332.964426
6866,332.971674
6867,332.978899
6868,332.986231
6869,332.993817
6870,333.001795
6871,333.010248
6872,333.019158
6873,333.028377
6874,333.03762
6875,333.046495
6876,333.054587
6877,333.061539
6878,333.067088
6879,333.071055
6880,333.073329
6881,333.07384
6882,333.072549
6883,333.069431
6884,333.064475
6885,333.057686
6886,333.049091
6887,333.038755
6888,333.026803
6889,333.013444
6890,332.998982
6891,332.983811
6892,332.968347
6893,332.952946
6894,332.937859
6895,332.923236
6896,332.909146
6897,332.895605
6898,332.882591
6899,332.870064
6900,332.857975
6901,332.846272
6902,332.834903
6903,332.823821
6904,332.812985
6905,332.802357
6906,332.791908
6907,332.781613
6908,332.771455
6909,332.76142
6910,332.751503
6911,332.7417
6912,332.793543
6913,332.80484
6914,332.816577
6915,332.828693
6916,332.841072
6917,332.853535
6918,332.86586
6919,332.877852
6920,332.889382
6921,332.900381
6922,332.910828
6923,332.920731
6924,332.930117
6925,332.939024
6926,332.9475
6927,332.9556
6928,332.963391
6929,332.970954
6930,332.978395
6931,332.985853
6932,332.99351
6933,333.001599
6934,333.010371
6935,333.020012
6936,333.030553
6937,333.041818
6938,333.053394
6939,333.064672
6940,333.075
6941,333.083876
6942,333.090974
6943,333.096108
6944,333.099177
6945,333.10013
6946,333.098937
6947,333.095579
6948,333.090036
6949,333.082298
6950,333.072367
6951,333.060284
6952,333.046164
6953,333.030241
6954,333.012921
6955,332.99479
6956,332.976497
6957,332.958551
6958,332.941265
6959,332.924789
6960,332.909164
6961,332.894363
6962,332.880325
6963,332.866974
6964,332.85423
6965,332.842014
6966,332.830255
6967,332.818887
6968,332.807856
6969,332.797112
6970,332.786618
6971,332.776342
6972,332.766258
6973,332.756351
6974,332.746608
6975,332.737024
6976,332.79328
6977,332.804787
6978,332.816972
6979,332.829782
6980,332.843081
6981,332.85661
6982,332.869993
6983,332.882926
6984,332.895244
6985,332.906888
6986,332.917857
6987,332.928183
6988,332.937913
6989,332.947101
6990,332.955806
6991,332.964093
6992,332.972036
6993,332.979722
6994,332.987266
6995,332.994831
6996,333.002657
6997,333.011098
6998,333.020614
6999,333.031584
7000,333.044144
7001,333.058112
7002,333.072905
7003,333.087513
7004,333.100848
7005,333.112212
7006,333.121248
7007,333.127804
7008,333.13183
7009,333.133315
7010,333.132256
7011,333.12864
7012,333.122439
7013,333.113614
7014,333.102121
7015,333.087942
7016,333.071136
7017,333.051921
7018,333.030808
7019,333.00871
7020,332.986728
7021,332.965594
7022,332.945658
7023,332.927024
7024,332.909658
7025,332.89346
7026,332.878307
7027,332.864072
7028,332.850633
7029,332.837879
7030,332.825712
7031,332.814048
7032,332.802815
7033,332.791953
7034,332.781411
7035,332.771151
7036,332.76114
7037,332.751358
7038,332.741787
7039,332.732418
7040,332.793307
7041,332.805095
7042,332.817871
7043,332.831621
7044,332.846227
7045,332.861336
7046,332.876226
7047,332.890401
7048,332.903694
7049,332.916094
7050,332.92765
7051,332.938435
7052,332.948524
7053,332.957993
7054,332.966916
7055,332.975365
7056,332.983416
7057,332.991153
7058,332.998686
7059,333.006176
7060,333.013893
7061,333.022336
7062,333.032378
7063,333.044754
7064,333.059783
7065,333.077355
7066,333.096719
7067,333.116119
7068,333.133517
7069,333.148042
7070,333.159429
7071,333.16766
7072,333.172792
7073,333.174891
7074,333.173997
7075,333.17011
7076,333.163191
7077,333.153155
7078,333.139887
7079,333.123258
7080,333.103182
7081,333.079741
7082,333.053465
7083,333.025845
7084,332.998995
7085,332.973902
7086,332.95084
7087,332.929753
7088,332.910462
7089,332.892754
7090,332.876416
7091,332.861253
7092,332.847091
7093,332.833783
7094,332.821201
7095,332.809238
7096,332.797802
7097,332.786821
7098,332.776234
7099,332.765991
7100,332.756055
7101,332.746397
7102,332.736998
7103,332.727844
7104,332.793468
7105,332.805591
7106,332.819083
7107,332.834032
7108,332.85045
7109,332.868016
7110,332.8851
7111,332.900867
7112,332.915307
7113,332.928549
7114,332.940736
7115,332.951999
7116,332.962453
7117,332.972198
7118,332.981324
7119,332.98991
7120,332.998029
7121,333.005751
7122,333.013156
7123,333.020351
7124,333.027534
7125,333.035228
7126,333.045263
7127,333.058989
7128,333.076924
7129,333.099225
7130,333.125311
7131,333.152021
7132,333.174839
7133,333.193206
7134,333.207299
7135,333.217398
7136,333.223746
7137,333.226518
7138,333.225812
7139,333.221649
7140,333.213972
7141,333.202642
7142,333.187443
7143,333.168077
7144,333.144187
7145,333.115437
7146,333.081912
7147,333.046132
7148,333.012892
7149,332.983054
7150,332.956454
7151,332.932694
7152,332.911358
7153,332.892072
7154,332.87451
7155,332.858399
7156,332.843507
7157,332.829644
7158,332.816649
7159,332.804389
7160,332.792757
7161,332.781663
7162,332.771035
7163,332.760815
7164,332.750957
7165,332.741428
7166,332.732203
7167,332.723265
7168,332.793566
7169,332.806038
7170,332.820297
7171,332.836589
7172,332.855292
7173,332.877025
7174,332.897397
7175,332.91501
7176,332.930667
7177,332.944774
7178,332.957596
7179,332.969334
7180,332.980144
7181,332.990153
7182,332.999466
7183,333.008168
7184,333.016327
7185,333.023995
7186,333.031201
7187,333.037939
7188,333.044117
7189,333.049375
7190,333.058389
7191,333.073283
7192,333.094345
7193,333.12231
7194,333.158453
7195,333.197582
7196,333.22705
7197,333.249623
7198,333.26656
7199,333.278594
7200,333.286194
7201,333.28966
7202,333.289153
7203,333.284717
7204,333.276275
7205,333.263633
7206,333.24646
7207,333.224263
7208,333.196311
7209,333.161436
7210,333.117337
7211,333.068317
7212,333.027288
7213,332.992267
7214,332.961974
7215,332.935481
7216,332.912079
7217,332.891212
7218,332.872433
7219,332.855385
7220,332.839777
7221,332.825372
7222,332.811978
7223,332.799437
7224,332.787621
7225,332.776426
7226,332.765767
7227,332.755578
7228,332.745806
7229,332.736412
7230,332.727366
7231,332.718647
7232,332.793389
7233,332.806169
7234,332.821105
7235,332.838534
7236,332.858948
7237,332.882985
7238,332.905422
7239,332.924536
7240,332.941268
7241,332.956158
7242,332.96956
7243,332.981729
7244,332.99286
7245,333.003104
7246,333.012581
7247,333.021381
7248,333.029572
7249,333.037193
7250,333.044245
7251,333.050676
7252,333.056337
7253,333.060929
7254,333.070002
7255,333.086227
7256,333.110085
7257,333.142543
7258,333.185002
7259,333.230998
7260,333.265609
7261,333.291844
7262,333.311369
7263,333.325194
7264,333.333964
7265,333.338082
7266,333.337767
7267,333.333077
7268,333.323924
7269,333.310059
7270,333.291057
7271,333.266262
7272,333.234688
7273,333.194779
7274,333.143844
7275,333.087163
7276,333.04006
7277,333.000484
7278,332.966782
7279,332.937712
7280,332.912344
7281,332.889966
7282,332.870025
7283,332.852084
7284,332.835796
7285,332.820881
7286,332.807115
7287,332.794316
7288,332.782336
7289,332.771056
7290,332.760382
7291,332.750237
7292,332.740562
7293,332.731311
7294,332.72245
7295,332.713957
7296,332.792746
7297,332.805757
7298,332.821218
7299,332.839496
7300,332.861095
7301,332.886561
7302,332.910355
7303,332.930583
7304,332.948181
7305,332.96373
7306,332.97763
7307,332.990173
7308,333.001583
7309,333.012031
7310,333.021648
7311,333.030536
7312,333.038762
7313,333.046366
7314,333.053346
7315,333.059653
7316,333.065178
7317,333.069778
7318,333.079365
7319,333.096917
7320,333.123078
7321,333.158869
7322,333.20553
7323,333.255905
7324,333.294251
7325,333.323411
7326,333.345123
7327,333.360514
7328,333.370328
7329,333.375035
7330,333.374894
7331,333.369977
7332,333.360182
7333,333.345222
7334,333.324602
7335,333.297566
7336,333.262999
7337,333.219227
7338,333.163583
7339,333.101842
7340,333.050243
7341,333.00699
7342,332.970376
7343,332.939031
7344,332.911891
7345,332.888138
7346,332.867132
7347,332.848374
7348,332.831465
7349,332.816088
7350,332.801989
7351,332.788963
7352,332.776846
7353,332.765506
7354,332.754835
7355,332.744751
7356,332.735186
7357,332.72609
7358,332.717424
7359,332.709163
7360,332.79149
7361,332.804641
7362,332.820465
7363,332.839333
7364,332.861726
7365,332.888117
7366,332.912816
7367,332.933838
7368,332.952089
7369,332.968156
7370,332.982458
7371,332.995307
7372,333.006946
7373,333.01756
7374,333.027295
7375,333.036257
7376,333.044524
7377,333.052141
7378,333.059119
7379,333.065435
7380,333.07104
7381,333.075912
7382,333.086149
7383,333.104893
7384,333.132877
7385,333.171115
7386,333.220687
7387,333.274057
7388,333.315101
7389,333.346507
7390,333.36998
7391,333.386675
7392,333.397375
7393,333.40259
7394,333.402601
7395,333.397487
7396,333.387137
7397,333.371237
7398,333.34925
7399,333.32037
7400,333.283432
7401,333.236752
7402,333.177744
7403,333.112443
7404,333.05753
7405,333.011412
7406,332.97243
7407,332.939171
7408,332.91051
7409,332.885559
7410,332.863621
7411,332.844144
7412,332.826691
7413,332.810913
7414,332.796531
7415,332.78332
7416,332.771101
7417,332.759728
7418,332.749085
7419,332.739081
7420,332.729643
7421,332.720715
7422,332.712257
7423,332.704237
7424,332.789519
7425,332.802721
7426,332.81876
7427,332.838002
7428,332.860903
7429,332.887888
7430,332.913183
7431,332.934748
7432,332.953464
7433,332.969912
7434,332.984514
7435,332.997595
7436,333.009406
7437,333.020146
7438,333.029968
7439,333.03899
7440,333.047296
7441,333.054944
7442,333.061963
7443,333.068361
7444,333.074139
7445,333.079362
7446,333.090231
7447,333.109974
7448,333.139366
7449,333.179395
7450,333.23103
7451,333.286514
7452,333.329511
7453,333.362604
7454,333.387448
7455,333.405185
7456,333.41661
7457,333.422245
7458,333.422383
7459,333.417106
7460,333.406295
7461,333.389623
7462,333.366529
7463,333.336187
7464,333.297422
7465,333.248573
7466,333.187124
7467,333.119258
7468,333.061902
7469,333.013603
7470,332.972758
7471,332.937956
7472,332.908044
7473,332.882096
7474,332.859376
7475,332.839298
7476,332.821393
7477,332.805288
7478,332.790682
7479,332.777335
7480,332.765053
7481,332.75368
7482,332.743093
7483,332.733192
7484,332.7239
7485,332.715157
7486,332.706918
7487,332.699151
7488,332.786764
7489,332.799933
7490,332.816061
7491,332.835504
7492,332.858702
7493,332.886045
7494,332.911708
7495,332.93362
7496,332.952641
7497,332.969343
7498,332.984148
7499,332.997384
7500,333.009309
7501,333.020129
7502,333.030005
7503,333.039063
7504,333.047398
7505,333.055078
7506,333.062152
7507,333.068652
7508,333.074623
7509,333.080183
7510,333.091594
7511,333.11213
7512,333.142583
7513,333.183913
7514,333.237017
7515,333.294002
7516,333.338406
7517,333.372744
7518,333.398624
7519,333.417167
7520,333.429162
7521,333.435133
7522,333.435375
7523,333.42997
7524,333.418796
7525,333.401515
7526,333.377561
7527,333.3461
7528,333.305965
7529,333.255524
7530,333.19231
7531,333.122593
7532,333.063456
7533,333.013535
7534,332.971274
7535,332.935277
7536,332.904384
7537,332.877647
7538,332.854308
7539,332.833756
7540,332.815501
7541,332.799151
7542,332.784388
7543,332.770959
7544,332.758659
7545,332.747323
7546,332.736822
7547,332.72705
7548,332.717926
7549,332.709386
7550,332.701382
7551,332.693879
7552,332.783183
7553,332.796243
7554,332.81235
7555,332.831857
7556,332.855186
7557,332.882708
7558,332.908567
7559,332.930668
7560,332.94986
7561,332.966703
7562,332.981619
7563,332.994935
7564,333.006914
7565,333.017765
7566,333.027657
7567,333.036722
7568,333.045063
7569,333.052761
7570,333.059877
7571,333.066467
7572,333.072603
7573,333.078438
7574,333.090274
7575,333.111403
7576,333.142624
7577,333.184878
7578,333.239011
7579,333.297049
7580,333.342448
7581,333.37768
7582,333.404318
7583,333.42346
7584,333.435887
7585,333.442116
7586,333.442442
7587,333.436945
7588,333.4255
7589,333.407767
7590,333.383176
7591,333.350896
7592,333.309774
7593,333.258197
7594,333.193738
7595,333.122717
7596,333.062318
7597,333.011235
7598,332.967947
7599,332.931075
7600,332.899458
7601,332.87214
7602,332.848348
7603,332.827456
7604,332.808959
7605,332.792451
7606,332.777603
7607,332.76415
7608,332.751881
7609,332.740624
7610,332.730242
7611,332.720626
7612,332.711693
7613,332.703375
7614,332.695622
7615,332.688399
7616,332.778747
7617,332.791627
7618,332.807621
7619,332.827076
7620,332.850405
7621,332.877965
7622,332.90388
7623,332.926043
7624,332.945289
7625,332.962174
7626,332.977115
7627,332.990439
7628,333.002411
7629,333.013244
7630,333.02311
7631,333.032146
7632,333.040463
7633,333.048149
7634,333.055278
7635,333.061921
7636,333.068166
7637,333.074193
7638,333.086321
7639,333.107857
7640,333.139598
7641,333.182471
7642,333.237293
7643,333.296036
7644,333.342106
7645,333.37795
7646,333.405113
7647,333.424678
7648,333.437414
7649,333.443833
7650,333.444227
7651,333.438674
7652,333.427047
7653,333.409005
7654,333.38398
7655,333.351144
7656,333.309354
7657,333.257019
7658,333.191732
7659,333.119846
7660,333.058609
7661,333.006752
7662,332.962778
7663,332.925321
7664,332.893222
7665,332.865523
7666,332.841444
7667,332.820348
7668,332.801721
7669,332.785146
7670,332.770288
7671,332.756875
7672,332.744688
7673,332.733551
7674,332.723323
7675,332.713894
7676,332.705176
7677,332.697101
7678,332.689617
7679,332.682688
7680,332.773436
7681,332.786071
7682,332.801869
7683,332.821174
7684,332.844393
7685,332.871872
7686,332.897729
7687,332.919843
7688,332.939043
7689,332.955879
7690,332.970765
7691,332.984029
7692,332.995934
7693,333.006697
7694,333.016491
7695,333.025458
7696,333.033713
7697,333.041349
7698,333.048449
7699,333.055092
7700,333.061378
7701,333.067499
7702,333.079787
7703,333.101554
7704,333.133596
7705,333.176834
7706,333.232064
7707,333.291229
7708,333.337705
7709,333.373924
7710,333.401415
7711,333.421249
7712,333.434186
7713,333.440735
7714,333.441184
7715,333.435611
7716,333.423885
7717,333.405668
7718,333.380391
7719,333.347232
7720,333.305056
7721,333.252283
7722,333.186519
7723,333.114139
7724,333.052425
7725,333.000131
7726,332.955775
7727,332.918
7728,332.885649
7729,332.857764
7730,332.83356
7731,332.812396
7732,332.793752
7733,332.777205
7734,332.762415
7735,332.749105
7736,332.737052
7737,332.726079
7738,332.716043
7739,332.70683
7740,332.698352
7741,332.690541
7742,332.683345
7743,332.676726
7744,332.76723
7745,332.779557
7746,332.795084
7747,332.814152
7748,332.837164
7749,332.864462
7750,332.890159
7751,332.912127
7752,332.931189
7753,332.947893
7754,332.962649
7755,332.975785
7756,332.987565
7757,332.998205
7758,333.007881
7759,333.016735
7760,333.024885
7761,333.032428
7762,333.039448
7763,333.04603
7764,333.05228
7765,333.058392
7766,333.070706
7767,333.092538
7768,333.124684
7769,333.168058
7770,333.223452
7771,333.282793
7772,333.329446
7773,333.365832
7774,333.393475
7775,333.41344
7776,333.426481
7777,333.433106
7778,333.433601
7779,333.428041
7780,333.416297
7781,333.398029
7782,333.372672
7783,333.339403
7784,333.297094
7785,333.244169
7786,333.178242
7787,333.105696
7788,333.04383
7789,332.991407
7790,332.94695
7791,332.909107
7792,332.876724
7793,332.848841
7794,332.824673
7795,332.803576
7796,332.785027
7797,332.768603
7798,332.753959
7799,332.740818
7800,332.728955
7801,332.71819
7802,332.708382
7803,332.699415
7804,332.691203
7805,332.683677
7806,332.676786
7807,332.670493
7808,332.76011
7809,332.772067
7810,332.787252
7811,332.806002
7812,332.828719
7813,332.855742
7814,332.881186
7815,332.902917
7816,332.921756
7817,332.938247
7818,332.952801
7819,332.965744
7820,332.977341
7821,332.987806
7822,332.997314
7823,333.00601
7824,333.014011
7825,333.021413
7826,333.028301
7827,333.034758
7828,333.040889
7829,333.046888
7830,333.059095
7831,333.08083
7832,333.112888
7833,333.156186
7834,333.211515
7835,333.270805
7836,333.317418
7837,333.353777
7838,333.381408
7839,333.401373
7840,333.414428
7841,333.421078
7842,333.42161
7843,333.416098
7844,333.404413
7845,333.386216
7846,333.36094
7847,333.327767
7848,333.285565
7849,333.23276
7850,333.166965
7851,333.094564
7852,333.032854
7853,332.980593
7854,332.936306
7855,332.898639
7856,332.866436
7857,332.838741
7858,332.814767
7859,332.793871
7860,332.775532
7861,332.759325
7862,332.744907
7863,332.732
7864,332.72038
7865,332.709869
7866,332.700323
7867,332.691633
7868,332.68371
7869,332.676489
7870,332.669922
7871,332.663972
7872,332.752048
7873,332.763577
7874,332.77835
7875,332.796704
7876,332.81904
7877,332.845697
7878,332.870797
7879,332.892204
7880,332.910734
7881,332.926934
7882,332.941213
7883,332.953899
7884,332.965254
7885,332.975491
7886,332.984785
7887,332.993278
7888,333.001084
7889,333.008298
7890,333.015
7891,333.021269
7892,333.0272
7893,333.032979
7894,333.044946
7895,333.066421
7896,333.098199
7897,333.141205
7898,333.196239
7899,333.255248
7900,333.301606
7901,333.337745
7902,333.365197
7903,333.385033
7904,333.39801
7905,333.404637
7906,333.405197
7907,333.399767
7908,333.388219
7909,333.370212
7910,333.345182
7911,333.312308
7912,333.270455
7913,333.218043
7914,333.152677
7915,333.080733
7916,333.019487
7917,332.967685
7918,332.923838
7919,332.886589
7920,332.854782
7921,332.827459
7922,332.803836
7923,332.783277
7924,332.76526
7925,332.749365
7926,332.735251
7927,332.722643
7928,332.71132
7929,332.701105
7930,332.691858
7931,332.683471
7932,332.675859
7933,332.668962
7934,332.662734
7935,332.657143
7936,332.743014
7937,332.754053
7938,332.768346
7939,332.786225
7940,332.808091
7941,332.834291
7942,332.858953
7943,332.879941
7944,332.898075
7945,332.913902
7946,332.927835
7947,332.940198
7948,332.951253
7949,332.961211
7950,332.970243
7951,332.978489
7952,332.986058
7953,332.99304
7954,332.999508
7955,333.005529
7956,333.011183
7957,333.016637
7958,333.028228
7959,333.049274
7960,333.080571
7961,333.123051
7962,333.177542
7963,333.236021
7964,333.281888
7965,333.317594
7966,333.344691
7967,333.364261
7968,333.377067
7969,333.383618
7970,333.384198
7971,333.378885
7972,333.367551
7973,333.349858
7974,333.325243
7975,333.292882
7976,333.251635
7977,333.199908
7978,333.135289
7979,333.064136
7980,333.003688
7981,332.952656
7982,332.909535
7983,332.872955
7984,332.84176
7985,332.814995
7986,332.791884
7987,332.771794
7988,332.754213
7989,332.738724
7990,332.724992
7991,332.712748
7992,332.701773
7993,332.691896
7994,332.68298
7995,332.674921
7996,332.66764
7997,332.66108
7998,332.655204
7999,332.649985
8000,332.732967
8001,332.743457
8002,332.757201
8003,332.77452
8004,332.795819
8005,332.821459
8006,332.845579
8007,332.866044
8008,332.883684
8009,332.899052
8010,332.912562
8011,332.924536
8012,332.935233
8013,332.944861
8014,332.953586
8015,332.961543
8016,332.968837
8017,332.97555
8018,332.981744
8019,332.987468
8020,332.992781
8021,332.997809
8022,333.008888
8023,333.029331
8024,333.059922
8025,333.101607
8026,333.155259
8027,333.212918
8028,333.258013
8029,333.293042
8030,333.319586
8031,333.33874
8032,333.351271
8033,333.35769
8034,333.35828
8035,333.353118
8036,333.34208
8037,333.324831
8038,333.30081
8039,333.269195
8040,333.228839
8041,333.178132
8042,333.114627
8043,333.044648
8044,332.985377
8045,332.935467
8046,332.893379
8047,332.857735
8048,332.827377
8049,332.801362
8050,332.778923
8051,332.759436
8052,332.742401
8053,332.727411
8054,332.714139
8055,332.70232
8056,332.691745
8057,332.682245
8058,332.67369
8059,332.66598
8060,332.659043
8061,332.652829
8062,332.647311
8063,332.642475
8064,332.721851
8065,332.731744
8066,332.744872
8067,332.761539
8068,332.782151
8069,332.807105
8070,332.830549
8071,332.850364
8072,332.867398
8073,332.882212
8074,332.895218
8075,332.906735
8076,332.917015
8077,332.926262
8078,332.934636
8079,332.942266
8080,332.949251
8081,332.955665
8082,332.961558
8083,332.966961
8084,332.971892
8085,332.97641
8086,332.986856
8087,333.00652
8088,333.03615
8089,333.076704
8090,333.129136
8091,333.185593
8092,333.229556
8093,333.263608
8094,333.289367
8095,333.307936
8096,333.32008
8097,333.326306
8098,333.326893
8099,333.321919
8100,333.311262
8101,333.294593
8102,333.27136
8103,333.240751
8104,333.20162
8105,333.152338
8106,333.090405
8107,333.022078
8108,332.964451
8109,332.916071
8110,332.875361
8111,332.840937
8112,332.811653
8113,332.786581
8114,332.764973
8115,332.746224
8116,332.729846
8117,332.715446
8118,332.702707
8119,332.691375
8120,332.681247
8121,332.672161
8122,332.663994
8123,332.65665
8124,332.650064
8125,332.644196
8126,332.63903
8127,332.634575
8128,332.709586
8129,332.718865
8130,332.731325
8131,332.74723
8132,332.766988
8133,332.791058
8134,332.813629
8135,332.832623
8136,332.848916
8137,332.863068
8138,332.875482
8139,332.886469
8140,332.896272
8141,332.905086
8142,332.913065
8143,332.920331
8144,332.926978
8145,332.933072
8146,332.938655
8147,332.943739
8148,332.948305
8149,332.952303
8150,332.962056
8151,332.980783
8152,333.009158
8153,333.048136
8154,333.098776
8155,333.153439
8156,333.195768
8157,333.228466
8158,333.253166
8159,333.270959
8160,333.282593
8161,333.288559
8162,333.28913
8163,333.28438
8164,333.274192
8165,333.25825
8166,333.236018
8167,333.206707
8168,333.169196
8169,333.121862
8170,333.062149
8171,332.996169
8172,332.940799
8173,332.894438
8174,332.855489
8175,332.822586
8176,332.794618
8177,332.770686
8178,332.75007
8179,332.732189
8180,332.716576
8181,332.702855
8182,332.690722
8183,332.679935
8184,332.6703
8185,332.661663
8186,332.653906
8187,332.646941
8188,332.640707
8189,332.635171
8190,332.630331
8191,332.626226
8192,333.017701
8193,333.038752
8194,333.057232
8195,333.073268
8196,333.086944
8197,333.098324
8198,333.107468
8199,333.114432
8200,333.119278
8201,333.12207
8202,333.122885
8203,333.121815
8204,333.118974
8205,333.114504
8206,333.108593
8207,333.101479
8208,333.093481
8209,333.085026
8210,333.076444
8211,333.067982
8212,333.059822
8213,333.052101
8214,333.044915
8215,333.038334
8216,333.032405
8217,333.02716
8218,333.02262
8219,333.018797
8220,333.015698
8221,333.013327
8222,333.011685
8223,333.010772
8224,333.010588
8225,333.011134
8226,333.012409
8227,333.014413
8228,333.017143
8229,333.020597
8230,333.024767
8231,333.02964
8232,333.035196
8233,333.041403
8234,333.048212
8235,333.055554
8236,333.063331
8237,333.071409
8238,333.079601
8239,333.087662
8240,333.095261
8241,333.101969
8242,333.107468
8243,333.111517
8244,333.113927
8245,333.114555
8246,333.113284
8247,333.110021
8248,333.104685
8249,333.097208
8250,333.087525
8251,333.075575
8252,333.06129
8253,333.044595
8254,333.025393
8255,333.003537
8256,333.028035
8257,333.049869
8258,333.06914
8259,333.085905
8260,333.100224
8261,333.112154
8262,333.121748
8263,333.129065
8264,333.134164
8265,333.137113
8266,333.137992
8267,333.136897
8268,333.133946
8269,333.12929
8270,333.123123
8271,333.115697
8272,333.107345
8273,333.098513
8274,333.089543
8275,333.080694
8276,333.072161
8277,333.064084
8278,333.056567
8279,333.04968
8280,333.043476
8281,333.037987
8282,333.033235
8283,333.029233
8284,333.025988
8285,333.023505
8286,333.021785
8287,333.020828
8288,333.020635
8289,333.021204
8290,333.022537
8291,333.024632
8292,333.027488
8293,333.0311
8294,333.035462
8295,333.040559
8296,333.04637
8297,333.052861
8298,333.059981
8299,333.067658
8300,333.075789
8301,333.08423
8302,333.09279
8303,333.101208
8304,333.109139
8305,333.116138
8306,333.12187
8307,333.126083
8308,333.128582
8309,333.129212
8310,333.127855
8311,333.12441
8312,333.118797
8313,333.110944
8314,333.100786
8315,333.088261
8316,333.073308
8317,333.055862
8318,333.035853
8319,333.013208
8320,333.037061
8321,333.059486
8322,333.079368
8323,333.096719
8324,333.111572
8325,333.123968
8326,333.133956
8327,333.141589
8328,333.146926
8329,333.150035
8330,333.150997
8331,333.149912
8332,333.146901
8333,333.142122
8334,333.135775
8335,333.128123
8336,333.119509
8337,333.110392
8338,333.101126
8339,333.09198
8340,333.083156
8341,333.074802
8342,333.067023
8343,333.059896
8344,333.053473
8345,333.047789
8346,333.042868
8347,333.038723
8348,333.035361
8349,333.032787
8350,333.031003
8351,333.030009
8352,333.029806
8353,333.030392
8354,333.031769
8355,333.033934
8356,333.036887
8357,333.040623
8358,333.045133
8359,333.050405
8360,333.056414
8361,333.063126
8362,333.070487
8363,333.078422
8364,333.086823
8365,333.095541
8366,333.104377
8367,333.113059
8368,333.121232
8369,333.128436
8370,333.134328
8371,333.138644
8372,333.141181
8373,333.141781
8374,333.140319
8375,333.136695
8376,333.130823
8377,333.122634
8378,333.112063
8379,333.099053
8380,333.083551
8381,333.065507
8382,333.044883
8383,333.021657
8384,333.044576
8385,333.067462
8386,333.08782
8387,333.105637
8388,333.120924
8389,333.133712
8390,333.14404
8391,333.151955
8392,333.157515
8393,333.160788
8394,333.161854
8395,333.160815
8396,333.157795
8397,333.152957
8398,333.146506
8399,333.138712
8400,333.129927
8401,333.120617
8402,333.111148
8403,333.101795
8404,333.092765
8405,333.084211
8406,333.076244
8407,333.068942
8408,333.062359
8409,333.056533
8410,333.051486
8411,333.047234
8412,333.043784
8413,333.041142
8414,333.039308
8415,333.038285
8416,333.038071
8417,333.038667
8418,333.040073
8419,333.042287
8420,333.045308
8421,333.049131
8422,333.053747
8423,333.059142
8424,333.065291
8425,333.072158
8426,333.079688
8427,333.087802
8428,333.096389
8429,333.105295
8430,333.114315
8431,333.123169
8432,333.131494
8433,333.138821
8434,333.144798
8435,333.149154
8436,333.151681
8437,333.152216
8438,333.150632
8439,333.146826
8440,333.140714
8441,333.132226
8442,333.121301
8443,333.107887
8444,333.09194
8445,333.073427
8446,333.052329
8447,333.028657
8448,333.050457
8449,333.073695
8450,333.094418
8451,333.112599
8452,333.128236
8453,333.141347
8454,333.151964
8455,333.160132
8456,333.165903
8457,333.169344
8458,333.170536
8459,333.16958
8460,333.166603
8461,333.161769
8462,333.155289
8463,333.147437
8464,333.138569
8465,333.129159
8466,333.119578
8467,333.110107
8468,333.100957
8469,333.092284
8470,333.084202
8471,333.076792
8472,333.070109
8473,333.064192
8474,333.059064
8475,333.054742
8476,333.051234
8477,333.048546
8478,333.046678
8479,333.045632
8480,333.045409
8481,333.046007
8482,333.047428
8483,333.049669
8484,333.052728
8485,333.056601
8486,333.061278
8487,333.066744
8488,333.072974
8489,333.07993
8490,333.087555
8491,333.095768
8492,333.104456
8493,333.113462
8494,333.122574
8495,333.13151
8496,333.139898
8497,333.147266
8498,333.153254
8499,333.157587
8500,333.160054
8501,333.16049
8502,333.158764
8503,333.154774
8504,333.148437
8505,333.139684
8506,333.128458
8507,333.114713
8508,333.098413
8509,333.079536
8510,333.05808
8511,333.034072
8512,333.054627
8513,333.078117
8514,333.099108
8515,333.117563
8516,333.133472
8517,333.146845
8518,333.157709
8519,333.166102
8520,333.172075
8521,333.175691
8522,333.177031
8523,333.176195
8524,333.173313
8525,333.168547
8526,333.162112
8527,333.154284
8528,333.145422
8529,333.136003
8530,333.126401
8531,333.1169
8532,333.107715
8533,333.099003
8534,333.090881
8535,333.083429
8536,333.076706
8537,333.070751
8538,333.065588
8539,333.061234
8540,333.057697
8541,333.054985
8542,333.053097
8543,333.052037
8544,333.051804
8545,333.052397
8546,333.053818
8547,333.056063
8548,333.059131
8549,333.063017
8550,333.06771
8551,333.073195
8552,333.079446
8553,333.086423
8554,333.09407
8555,333.102303
8556,333.111008
8557,333.120025
8558,333.129139
8559,333.138066
8560,333.146432
8561,333.153758
8562,333.159684
8563,333.163933
8564,333.16629
8565,333.166589
8566,333.164701
8567,333.160523
8568,333.153973
8569,333.144985
8570,333.133505
8571,333.119493
8572,333.10292
8573,333.083772
8574,333.062058
8575,333.037814
8576,333.057039
8577,333.080686
8578,333.101855
8579,333.120503
8580,333.136615
8581,333.150195
8582,333.161265
8583,333.16986
8584,333.176026
8585,333.179827
8586,333.181339
8587,333.180663
8588,333.177926
8589,333.173293
8590,333.166977
8591,333.159253
8592,333.150483
8593,333.141145
8594,333.131612
8595,333.122171
8596,333.113035
8597,333.104364
8598,333.096275
8599,333.08885
8600,333.082146
8601,333.076205
8602,333.071051
8603,333.066702
8604,333.063168
8605,333.060453
8606,333.058561
8607,333.057494
8608,333.057251
8609,333.057832
8610,333.059238
8611,333.061466
8612,333.064513
8613,333.068374
8614,333.073039
8615,333.07849
8616,333.084702
8617,333.091635
8618,333.09923
8619,333.107404
8620,333.116041
8621,333.124981
8622,333.134008
8623,333.142837
8624,333.151093
8625,333.158298
8626,333.16409
8627,333.168191
8628,333.170388
8629,333.170514
8630,333.168442
8631,333.164068
8632,333.157315
8633,333.148117
8634,333.136426
8635,333.122205
8636,333.10543
8637,333.086095
8638,333.064215
8639,333.03983
8640,333.057671
8641,333.081382
8642,333.102642
8643,333.121408
8644,333.137658
8645,333.151395
8646,333.162636
8647,333.171412
8648,333.177768
8649,333.181762
8650,333.183472
8651,333.182994
8652,333.180456
8653,333.176019
8654,333.169894
8655,333.162357
8656,333.153766
8657,333.144598
8658,333.135224
8659,333.125929
8660,333.116926
8661,333.108376
8662,333.100392
8663,333.093059
8664,333.086435
8665,333.080559
8666,333.07546
8667,333.071152
8668,333.067649
8669,333.064954
8670,333.063073
8671,333.062005
8672,333.061752
8673,333.062315
8674,333.063691
8675,333.065879
8676,333.068877
8677,333.072677
8678,333.077269
8679,333.082635
8680,333.08875
8681,333.095572
8682,333.103042
8683,333.111078
8684,333.119564
8685,333.128339
8686,333.137191
8687,333.145834
8688,333.153895
8689,333.160898
8690,333.166482
8691,333.170374
8692,333.172359
8693,333.172275
8694,333.169994
8695,333.165417
8696,333.158467
8697,333.149083
8698,333.137218
8699,333.122839
8700,333.105929
8701,333.086484
8702,333.064522
8703,333.04009
8704,333.056516
8705,333.080199
8706,333.10147
8707,333.120281
8708,333.136611
8709,333.150459
8710,333.161838
8711,333.170778
8712,333.177319
8713,333.18152
8714,333.183453
8715,333.183214
8716,333.180926
8717,333.176749
8718,333.17089
8719,333.16362
8720,333.155294
8721,333.146384
8722,333.137258
8723,333.128196
8724,333.11941
8725,333.111057
8726,333.103252
8727,333.096076
8728,333.089588
8729,333.083829
8730,333.078826
8731,333.074597
8732,333.071153
8733,333.0685
8734,333.066643
8735,333.065582
8736,333.06532
8737,333.065856
8738,333.067189
8739,333.069316
8740,333.072235
8741,333.075939
8742,333.080415
8743,333.085647
8744,333.091606
8745,333.098252
8746,333.105527
8747,333.113347
8748,333.121599
8749,333.130124
8750,333.138712
8751,333.14708
8752,333.15486
8753,333.161581
8754,333.166886
8755,333.170504
8756,333.172227
8757,333.171894
8758,333.16938
8759,333.164589
8760,333.157447
8761,333.147895
8762,333.13589
8763,333.121402
8764,333.104416
8765,333.084933
8766,333.062974
8767,333.038584
8768,333.053587
8769,333.077154
8770,333.098356
8771,333.117145
8772,333.133499
8773,333.147414
8774,333.158902
8775,333.16799
8776,333.174717
8777,333.179136
8778,333.181319
8779,333.181359
8780,333.179374
8781,333.17552
8782,333.170001
8783,333.16308
8784,333.155105
8785,333.146542
8786,333.137751
8787,333.129009
8788,333.120521
8789,333.112442
8790,333.104884
8791,333.097929
8792,333.091634
8793,333.08604
8794,333.081175
8795,333.077058
8796,333.073701
8797,333.07111
8798,333.069291
8799,333.068244
8800,333.067973
8801,333.068475
8802,333.069751
8803,333.071798
8804,333.074611
8805,333.078184
8806,333.082503
8807,333.087551
8808,333.093299
8809,333.099707
8810,333.106716
8811,333.114245
8812,333.122182
8813,333.130371
8814,333.138606
8815,333.146612
8816,333.154026
8817,333.160384
8818,333.165337
8819,333.168619
8820,333.170028
8821,333.169406
8822,333.166634
8823,333.161618
8824,333.154286
8825,333.144583
8826,333.132468
8827,333.117915
8828,333.100911
8829,333.081458
8830,333.059579
8831,333.035321
8832,333.048917
8833,333.072281
8834,333.093337
8835,333.11204
8836,333.128365
8837,333.142308
8838,333.153879
8839,333.163101
8840,333.170013
8841,333.174664
8842,333.177124
8843,333.177482
8844,333.175853
8845,333.172387
8846,333.16728
8847,333.160788
8848,333.153252
8849,333.145123
8850,333.136756
8851,333.128417
8852,333.120307
8853,333.112576
8854,333.105332
8855,333.098657
8856,333.092608
8857,333.087226
8858,333.08254
8859,333.078567
8860,333.075322
8861,333.072813
8862,333.071044
8863,333.070018
8864,333.069737
8865,333.0702
8866,333.071407
8867,333.073353
8868,333.076035
8869,333.079444
8870,333.083567
8871,333.088385
8872,333.093869
8873,333.099979
8874,333.106656
8875,333.11382
8876,333.121362
8877,333.129131
8878,333.136927
8879,333.144483
8880,333.151445
8881,333.15736
8882,333.161887
8883,333.16477
8884,333.165813
8885,333.164864
8886,333.161807
8887,333.156553
8888,333.149033
8889,333.139193
8890,333.126997
8891,333.112419
8892,333.09545
8893,333.076092
8894,333.05437
8895,333.03033
8896,333.042558
8897,333.065635
8898,333.086475
8899,333.10503
8900,333.121278
8901,333.135212
8902,333.14684
8903,333.156184
8904,333.163281
8905,333.168178
8906,333.170941
8907,333.171656
8908,333.170433
8909,333.167418
8910,333.162796
8911,333.156816
8912,333.149802
8913,333.142197
8914,333.134339
8915,333.126486
8916,333.11883
8917,333.111517
8918,333.104652
8919,333.098314
8920,333.09256
8921,333.087433
8922,333.08296
8923,333.079163
8924,333.076054
8925,333.073644
8926,333.071938
8927,333.070938
8928,333.070648
8929,333.071066
8930,333.072191
8931,333.07402
8932,333.076546
8933,333.079762
8934,333.083652
8935,333.088197
8936,333.093368
8937,333.099122
8938,333.105403
8939,333.112133
8940,333.119203
8941,333.126471
8942,333.133742
8943,333.14076
8944,333.147185
8945,333.152576
8946,333.156605
8947,333.159027
8948,333.159653
8949,333.158339
8950,333.154972
8951,333.149468
8952,333.141759
8953,333.131797
8954,333.119544
8955,333.10498
8956,333.088094
8957,333.068893
8958,333.0474
8959,333.023661
8960,333.034592
8961,333.057303
8962,333.077858
8963,333.096209
8964,333.112334
8965,333.126224
8966,333.137887
8967,333.147342
8968,333.154624
8969,333.159779
8970,333.162869
8971,333.163978
8972,333.163211
8973,333.160707
8974,333.156642
8975,333.151252
8976,333.144847
8977,333.137851
8978,333.130585
8979,333.123296
8980,333.116167
8981,333.109337
8982,333.102908
8983,333.096959
8984,333.091547
8985,333.086713
8986,333.082488
8987,333.078892
8988,333.075942
8989,333.073647
8990,333.072013
8991,333.071046
8992,333.070746
8993,333.071113
8994,333.072147
8995,333.073842
8996,333.076191
8997,333.079186
8998,333.082811
8999,333.087044
9000,333.091856
9001,333.097204
9002,333.103031
9003,333.10926
9004,333.115787
9005,333.122475
9006,333.129138
9007,333.135533
9008,333.141335
9009,333.146123
9010,333.149584
9011,333.151484
9012,333.151645
9013,333.149929
9014,333.146229
9015,333.140462
9016,333.132566
9017,333.122492
9018,333.110207
9019,333.09569
9020,333.078934
9021,333.059946
9022,333.03875
9023,333.015392
9024,333.025132
9025,333.047406
9026,333.067613
9027,333.085709
9028,333.101669
9029,333.115484
9030,333.12716
9031,333.136716
9032,333.144182
9033,333.149605
9034,333.153044
9035,333.15458
9036,333.154313
9037,333.152376
9038,333.148936
9039,333.144213
9040,333.138499
9041,333.132193
9042,333.125599
9043,333.118947
9044,333.112409
9045,333.10612
9046,333.100181
9047,333.094666
9048,333.089634
9049,333.085128
9050,333.081179
9051,333.077809
9052,333.075036
9053,333.07287
9054,333.071319
9055,333.070388
9056,333.070078
9057,333.070391
9058,333.071323
9059,333.07287
9060,333.075024
9061,333.077775
9062,333.081105
9063,333.084993
9064,333.089405
9065,333.094301
9066,333.099622
9067,333.105293
9068,333.111212
9069,333.117247
9070,333.123224
9071,333.128913
9072,333.134011
9073,333.138118
9074,333.140943
9075,333.142266
9076,333.141918
9077,333.139768
9078,333.135714
9079,333.129675
9080,333.121592
9081,333.111418
9082,333.099122
9083,333.084685
9084,333.0681
9085,333.049377
9086,333.02854
9087,333.005634
9088,333.014338
9089,333.036108
9090,333.055913
9091,333.073708
9092,333.089467
9093,333.103179
9094,333.11485
9095,333.124495
9096,333.132144
9097,333.137842
9098,333.141647
9099,333.143636
9100,333.143906
9101,333.142584
9102,333.139828
9103,333.135844
9104,333.130898
9105,333.12536
9106,333.119507
9107,333.113553
9108,333.107664
9109,333.101965
9110,333.096557
9111,333.091515
9112,333.086897
9113,333.082747
9114,333.079098
9115,333.075974
9116,333.073393
9117,333.071368
9118,333.069907
9119,333.069016
9120,333.068698
9121,333.068951
9122,333.069774
9123,333.071162
9124,333.073105
9125,333.075591
9126,333.078603
9127,333.082116
9128,333.086097
9129,333.090503
9130,333.095274
9131,333.100337
9132,333.105592
9133,333.110912
9134,333.116133
9135,333.12104
9136,333.125356
9137,333.128713
9138,333.130842
9139,333.131539
9140,333.130645
9141,333.128035
9142,333.12361
9143,333.117293
9144,333.109025
9145,333.098762
9146,333.086474
9147,333.072145
9148,333.055769
9149,333.037357
9150,333.016934
9151,332.994544
9152,333.002425
9153,333.023639
9154,333.042996
9155,333.060452
9156,333.075978
9157,333.089563
9158,333.10121
9159,333.110933
9160,333.118762
9161,333.124738
9162,333.128919
9163,333.131378
9164,333.132213
9165,333.131542
9166,333.129518
9167,333.12633
9168,333.122221
9169,333.117513
9170,333.112456
9171,333.10725
9172,333.10205
9173,333.096979
9174,333.092136
9175,333.087595
9176,333.083416
9177,333.079644
9178,333.076314
9179,333.073451
9180,333.071075
9181,333.069201
9182,333.067836
9183,333.066989
9184,333.066661
9185,333.066852
9186,333.06756
9187,333.068779
9188,333.070498
9189,333.072705
9190,333.075379
9191,333.078496
9192,333.08202
9193,333.085906
9194,333.090095
9195,333.094513
9196,333.099062
9197,333.103618
9198,333.108027
9199,333.112089
9200,333.115555
9201,333.118103
9202,333.119489
9203,333.119525
9204,333.118059
9205,333.11497
9206,333.110164
9207,333.103565
9208,333.095117
9209,333.084776
9210,333.072515
9211,333.058318
9212,333.042182
9213,333.024119
9214,333.004155
9215,332.982337
9216,332.989688
9217,333.010307
9218,333.029182
9219,333.046268
9220,333.061536
9221,333.074974
9222,333.086581
9223,333.096371
9224,333.104372
9225,333.110624
9226,333.115183
9227,333.118122
9228,333.119534
9229,333.119533
9230,333.118265
9231,333.115909
9232,333.112682
9233,333.108842
9234,333.104614
9235,333.100183
9236,333.095698
9237,333.091278
9238,333.087021
9239,333.083
9240,333.079278
9241,333.075899
9242,333.0729
9243,333.07031
9244,333.068148
9245,333.06643
9246,333.065167
9247,333.064365
9248,333.064028
9249,333.064155
9250,333.064743
9251,333.065786
9252,333.067273
9253,333.069189
9254,333.071512
9255,333.074217
9256,333.077266
9257,333.080614
9258,333.0842
9259,333.087949
9260,333.091766
9261,333.095531
9262,333.099095
9263,333.102274
9264,333.104844
9265,333.106547
9266,333.107166
9267,333.106521
9268,333.10447
9269,333.100895
9270,333.095705
9271,333.088827
9272,333.080205
9273,333.069799
9274,333.05758
9275,333.043537
9276,333.027666
9277,333.009982
9278,332.990512
9279,332.969304
9280,332.976537
9281,332.996536
9282,333.014907
9283,333.031603
9284,333.046595
9285,333.059868
9286,333.07142
9287,333.081266
9288,333.089429
9289,333.09595
9290,333.100882
9291,333.104296
9292,333.106281
9293,333.106947
9294,333.106432
9295,333.104898
9296,333.102536
9297,333.099558
9298,333.096159
9299,333.092507
9300,333.088743
9301,333.084982
9302,333.081318
9303,333.077827
9304,333.074569
9305,333.071592
9306,333.068933
9307,333.066622
9308,333.06468
9309,333.063123
9310,333.061964
9311,333.061209
9312,333.060862
9313,333.060923
9314,333.061389
9315,333.062252
9316,333.0635
9317,333.065118
9318,333.067084
9319,333.069368
9320,333.071934
9321,333.074734
9322,333.077708
9323,333.08078
9324,333.083859
9325,333.086828
9326,333.089548
9327,333.09185
9328,333.09354
9329,333.094408
9330,333.094262
9331,333.09294
9332,333.090306
9333,333.086249
9334,333.080681
9335,333.073531
9336,333.064746
9337,333.054285
9338,333.042125
9339,333.028251
9340,333.012665
9341,332.995381
9342,332.976428
9343,332.955854
9344,332.963281
9345,332.982652
9346,333.000507
9347,333.016801
9348,333.031503
9349,333.044598
9350,333.056084
9351,333.065972
9352,333.074285
9353,333.081061
9354,333.086353
9355,333.090226
9356,333.092767
9357,333.09408
9358,333.09429
9359,333.093543
9360,333.092007
9361,333.089856
9362,333.08726
9363,333.08437
9364,333.081317
9365,333.078208
9366,333.075135
9367,333.072173
9368,333.06938
9369,333.066807
9370,333.064489
9371,333.062459
9372,333.060739
9373,333.059345
9374,333.058291
9375,333.057584
9376,333.057228
9377,333.057223
9378,333.057564
9379,333.058245
9380,333.059253
9381,333.060571
9382,333.062176
9383,333.064038
9384,333.06612
9385,333.068372
9386,333.070736
9387,333.073139
9388,333.075489
9389,333.077679
9390,333.079578
9391,333.081037
9392,333.081888
9393,333.081954
9394,333.081071
9395,333.079092
9396,333.075893
9397,333.071369
9398,333.065436
9399,333.058028
9400,333.049091
9401,333.038589
9402,333.026499
9403,333.012808
9404,332.997519
9405,332.980648
9406,332.962224
9407,332.942292
9408,332.950148
9409,332.968893
9410,332.986231
9411,333.002117
9412,333.016523
9413,333.029431
9414,333.040839
9415,333.050756
9416,333.059204
9417,333.066219
9418,333.071849
9419,333.076159
9420,333.079228
9421,333.081152
9422,333.082046
9423,333.082038
9424,333.081274
9425,333.079904
9426,333.078072
9427,333.075912
9428,333.073545
9429,333.07107
9430,333.068576
9431,333.066132
9432,333.063799
9433,333.061624
9434,333.059645
9435,333.057895
9436,333.056395
9437,333.055164
9438,333.054215
9439,333.053556
9440,333.053191
9441,333.053119
9442,333.053337
9443,333.053836
9444,333.054604
9445,333.055624
9446,333.056871
9447,333.058315
9448,333.059918
9449,333.061632
9450,333.063399
9451,333.065149
9452,333.066794
9453,333.068235
9454,333.069354
9455,333.070017
9456,333.070079
9457,333.069392
9458,333.067812
9459,333.065211
9460,333.061474
9461,333.056506
9462,333.050229
9463,333.042578
9464,333.033505
9465,333.022975
9466,333.010966
9467,332.997468
9468,332.982484
9469,332.96603
9470,332.948137
9471,332.928847
9472,332.937304
9473,332.955433
9474,332.972259
9475,332.98774
9476,333.001846
9477,333.014561
9478,333.025881
9479,333.035814
9480,333.044381
9481,333.051613
9482,333.057558
9483,333.062275
9484,333.065836
9485,333.068329
9486,333.069857
9487,333.070535
9488,333.070487
9489,333.069841
9490,333.068725
9491,333.067256
9492,333.065541
9493,333.063674
9494,333.061736
9495,333.059795
9496,333.057908
9497,333.056122
9498,333.054476
9499,333.053
9500,333.051717
9501,333.050647
9502,333.049801
9503,333.049189
9504,333.048815
9505,333.048677
9506,333.048773
9507,333.049093
9508,333.049625
9509,333.050351
9510,333.051246
9511,333.052281
9512,333.053418
9513,333.05461
9514,333.055801
9515,333.056923
9516,333.057897
9517,333.058629
9518,333.059014
9519,333.058935
9520,333.058265
9521,333.056878
9522,333.05465
9523,333.051467
9524,333.047228
9525,333.041846
9526,333.035248
9527,333.027375
9528,333.018183
9529,333.007638
9530,332.99572
9531,332.982421
9532,332.967745
9533,332.951707
9534,332.934338
9535,332.91568
9536,332.924864
9537,332.942395
9538,332.958721
9539,332.973802
9540,332.987609
9541,333.000128
9542,333.011351
9543,333.021288
9544,333.029955
9545,333.037384
9546,333.043615
9547,333.048705
9548,333.052718
9549,333.055735
9550,333.057846
9551,333.059152
9552,333.059761
9553,333.059784
9554,333.059331
9555,333.058506
9556,333.057405
9557,333.056114
9558,333.054706
9559,333.053246
9560,333.051788
9561,333.050378
9562,333.049053
9563,333.047844
9564,333.046773
9565,333.045858
9566,333.045114
9567,333.044548
9568,333.044164
9569,333.043962
9570,333.043938
9571,333.044083
9572,333.044385
9573,333.044825
9574,333.045379
9575,333.046018
9576,333.046706
9577,333.047396
9578,333.048037
9579,333.048564
9580,333.048903
9581,333.048971
9582,333.048674
9583,333.047907
9584,333.046563
9585,333.044532
9586,333.041707
9587,333.037988
9588,333.033286
9589,333.027522
9590,333.02063
9591,333.012557
9592,333.003262
9593,332.992714
9594,332.980896
9595,332.9678
9596,332.953431
9597,332.937805
9598,332.92095
9599,332.902906
9600,332.912908
9601,332.929861
9602,332.945702
9603,332.960393
9604,332.973906
9605,332.986225
9606,332.997346
9607,333.007274
9608,333.016025
9609,333.023626
9610,333.030115
9611,333.035543
9612,333.039968
9613,333.043461
9614,333.046102
9615,333.047981
9616,333.049189
9617,333.049825
9618,333.049983
9619,333.049755
9620,333.049226
9621,333.048474
9622,333.047566
9623,333.046562
9624,333.045513
9625,333.044463
9626,333.043446
9627,333.042493
9628,333.041625
9629,333.040862
9630,333.040215
9631,333.039693
9632,333.0393
9633,333.039036
9634,333.038896
9635,333.038871
9636,333.03895
9637,333.039114
9638,333.03934
9639,333.0396
9640,333.039857
9641,333.040071
9642,333.04019
9643,333.040157
9644,333.039903
9645,333.039353
9646,333.038424
9647,333.037026
9648,333.035064
9649,333.032443
9650,333.029072
9651,333.024863
9652,333.019737
9653,333.013626
9654,333.006469
9655,332.998219
9656,332.988838
9657,332.9783
9658,332.966588
9659,332.953696
9660,332.939631
9661,332.924407
9662,332.908052
9663,332.890601
9664,332.901486
9665,332.917886
9666,332.93326
9667,332.947572
9668,332.960796
9669,332.972917
9670,332.983929
9671,332.993837
9672,333.002654
9673,333.010405
9674,333.017123
9675,333.022854
9676,333.02765
9677,333.031573
9678,333.034695
9679,333.037092
9680,333.038845
9681,333.040039
9682,333.040757
9683,333.041078
9684,333.041079
9685,333.040828
9686,333.040388
9687,333.039813
9688,333.039151
9689,333.038441
9690,333.037718
9691,333.037009
9692,333.036337
9693,333.035718
9694,333.035165
9695,333.034686
9696,333.034284
9697,333.033959
9698,333.033707
9699,333.033519
9700,333.033384
9701,333.033284
9702,333.033196
9703,333.033094
9704,333.032944
9705,333.032706
9706,333.032336
9707,333.031778
9708,333.030972
9709,333.029851
9710,333.028341
9711,333.026363
9712,333.023836
9713,333.020679
9714,333.016811
9715,333.012156
9716,333.006647
9717,333.000222
9718,332.992828
9719,332.984423
9720,332.974973
9721,332.964455
9722,332.952855
9723,332.940168
9724,332.926401
9725,332.911568
9726,332.895694
9727,332.878815
9728,332.890626
9729,332.906498
9730,332.921425
9731,332.935372
9732,332.948315
9733,332.960239
9734,332.971138
9735,332.981015
9736,332.989883
9737,332.997761
9738,333.004682
9739,333.010682
9740,333.01581
9741,333.02012
9742,333.023674
9743,333.026538
9744,333.028785
9745,333.030486
9746,333.031714
9747,333.032539
9748,333.033027
9749,333.033241
9750,333.033237
9751,333.033063
9752,333.032763
9753,333.032375
9754,333.031929
9755,333.031453
9756,333.030966
9757,333.030485
9758,333.030021
9759,333.029582
9760,333.029172
9761,333.028789
9762,333.028429
9763,333.028086
9764,333.027746
9765,333.027394
9766,333.027008
9767,333.026563
9768,333.026028
9769,333.025367
9770,333.024537
9771,333.02349
9772,333.022173
9773,333.020524
9774,333.018481
9775,333.015973
9776,333.012932
9777,333.009287
9778,333.004968
9779,332.999911
9780,332.994055
9781,332.987349
9782,332.979745
9783,332.971206
9784,332.961703
9785,332.951215
9786,332.939731
9787,332.927248
9788,332.913771
9789,332.899316
9790,332.883905
9791,332.867573
9792,332.880341
9793,332.895712
9794,332.910211
9795,332.923808
9796,332.936478
9797,332.948209
9798,332.958992
9799,332.96883
9800,332.977733
9801,332.985719
9802,332.992814
9803,332.999053
9804,333.004476
9805,333.009132
9806,333.013073
9807,333.016359
9808,333.019051
9809,333.021211
9810,333.022903
9811,333.024188
9812,333.025125
9813,333.025768
9814,333.026166
9815,333.026366
9816,333.026405
9817,333.026319
9818,333.026135
9819,333.025878
9820,333.025567
9821,333.025216
9822,333.024837
9823,333.024437
9824,333.024017
9825,333.023579
9826,333.023118
9827,333.022626
9828,333.022091
9829,333.0215
9830,333.020832
9831,333.020063
9832,333.019166
9833,333.018108
9834,333.01685
9835,333.015349
9836,333.013558
9837,333.011424
9838,333.008891
9839,333.005899
9840,333.00239
9841,332.998301
9842,332.993574
9843,332.988153
9844,332.981987
9845,332.975029
9846,332.96724
9847,332.958587
9848,332.949045
9849,332.938597
9850,332.927232
9851,332.914949
9852,332.901754
9853,332.887662
9854,332.872695
9855,332.856884
9856,332.87063
9857,332.885526
9858,332.89962
9859,332.912881
9860,332.925289
9861,332.936829
9862,332.947495
9863,332.957286
9864,332.966211
9865,332.974286
9866,332.981532
9867,332.98798
9868,332.993665
9869,332.998629
9870,333.002918
9871,333.006582
9872,333.009675
9873,333.012251
9874,333.014364
9875,333.016069
9876,333.017416
9877,333.018454
9878,333.019226
9879,333.019772
9880,333.020127
9881,333.020323
9882,333.020385
9883,333.020334
9884,333.020189
9885,333.019962
9886,333.019664
9887,333.019299
9888,333.018872
9889,333.018381
9890,333.017823
9891,333.01719
9892,333.016471
9893,333.015653
9894,333.014719
9895,333.013645
9896,333.012408
9897,333.010978
9898,333.009321
9899,333.007398
9900,333.005169
9901,333.002587
9902,332.999605
9903,332.996172
9904,332.992235
9905,332.987744
9906,332.982648
9907,332.976899
9908,332.970453
9909,332.963272
9910,332.95532
9911,332.946571
9912,332.937002
9913,332.9266
9914,332.915356
9915,332.90327
9916,332.890348
9917,332.876605
9918,332.862062
9919,332.846745
9920,332.861484
9921,332.875932
9922,332.889641
9923,332.902583
9924,332.914739
9925,332.926093
9926,332.93664
9927,332.946379
9928,332.955315
9929,332.963461
9930,332.970837
9931,332.977468
9932,332.983385
9933,332.988623
9934,332.993222
9935,332.997226
9936,333.00068
9937,333.003632
9938,333.006128
9939,333.008215
9940,333.009938
9941,333.011339
9942,333.012455
9943,333.013323
9944,333.013973
9945,333.014433
9946,333.014725
9947,333.014868
9948,333.014879
9949,333.01477
9950,333.014547
9951,333.014218
9952,333.013783
9953,333.013243
9954,333.012592
9955,333.011825
9956,333.010933
9957,333.009901
9958,333.008715
9959,333.007355
9960,333.005798
9961,333.00402
9962,333.00199
9963,332.999675
9964,332.99704
9965,332.994046
9966,332.990651
9967,332.986812
9968,332.982485
9969,332.977628
9970,332.972197
9971,332.966151
9972,332.959455
9973,332.952075
9974,332.943981
9975,332.935151
9976,332.925566
9977,332.915216
9978,332.904093
9979,332.8922
9980,332.879541
9981,332.866132
9982,332.851992
9983,332.837146
9984,332.852888
9985,332.866913
9986,332.880258
9987,332.892897
9988,332.904811
9989,332.915986
9990,332.926414
9991,332.936095
9992,332.945032
9993,332.953236
9994,332.960723
9995,332.967513
9996,332.973634
9997,332.979116
9998,332.983992
9999,332.988301
10000,332.992081
10001,332.995373
10002,332.998217
10003,333.000654
10004,333.002721
10005,333.004455
10006,333.00589
10007,333.007056
10008,333.007981
10009,333.008687
10010,333.009195
10011,333.009522
10012,333.009681
10013,333.009682
10014,333.009532
10015,333.009236
10016,333.008794
10017,333.008207
10018,333.00747
10019,333.006577
10020,333.005519
10021,333.004285
10022,333.002861
10023,333.001231
10024,332.999374
10025,332.997269
10026,332.994891
10027,332.992211
10028,332.989199
10029,332.985822
10030,332.982046
10031,332.977835
10032,332.973151
10033,332.967959
10034,332.962222
10035,332.955909
10036,332.948987
10037,332.941429
10038,332.93321
10039,332.924313
10040,332.914722
10041,332.904427
10042,332.893426
10043,332.881719
10044,332.869314
10045,332.856223
10046,332.842466
10047,332.828066
10048,332.84482
10049,332.858448
10050,332.87145
10051,332.883801
10052,332.895484
10053,332.906486
10054,332.916797
10055,332.926417
10056,332.935347
10057,332.943596
10058,332.951176
10059,332.958106
10060,332.964408
10061,332.970106
10062,332.975231
10063,332.979814
10064,332.983888
10065,332.987488
10066,332.990649
10067,332.993405
10068,332.995788
10069,332.99783
10070,332.99956
10071,333.001003
10072,333.002184
10073,333.003121
10074,333.003833
10075,333.004332
10076,333.004631
10077,333.004738
10078,333.004657
10079,333.004393
10080,333.003946
10081,333.003315
10082,333.002496
10083,333.001483
10084,333.000269
10085,332.998843
10086,332.997195
10087,332.995309
10088,332.993169
10089,332.990757
10090,332.988052
10091,332.98503
10092,332.981667
10093,332.977934
10094,332.973805
10095,332.969248
10096,332.964235
10097,332.958736
10098,332.952721
10099,332.946163
10100,332.939036
10101,332.931319
10102,332.922991
10103,332.914037
10104,332.904446
10105,332.894211
10106,332.883329
10107,332.871803
10108,332.859641
10109,332.846855
10110,332.833461
10111,332.819484
10112,332.837259
10113,332.850513
10114,332.863191
10115,332.875271
10116,332.886735
10117,332.897569
10118,332.907766
10119,332.917322
10120,332.926239
10121,332.934522
10122,332.942182
10123,332.949234
10124,332.955694
10125,332.961586
10126,332.966934
10127,332.971764
10128,332.976105
10129,332.979986
10130,332.983435
10131,332.986484
10132,332.989158
10133,332.991485
10134,332.993488
10135,332.99519
10136,332.99661
10137,332.997766
10138,332.998669
10139,332.999333
10140,332.999766
10141,332.999973
10142,332.99996
10143,332.999728
10144,332.999276
10145,332.998604
10146,332.997707
10147,332.996581
10148,332.995218
10149,332.993611
10150,332.991749
10151,332.989621
10152,332.987213
10153,332.98451
10154,332.981496
10155,332.978152
10156,332.974459
10157,332.970393
10158,332.965934
10159,332.961057
10160,332.955738
10161,332.949954
10162,332.943682
10163,332.9369
10164,332.929587
10165,332.921725
10166,332.9133
10167,332.904299
10168,332.894714
10169,332.88454
10170,332.873775
10171,332.862424
10172,332.850494
10173,332.837998
10174,332.82495
10175,332.811372
10176,332.830177
10177,332.843082
10178,332.855456
10179,332.867279
10180,332.878534
10181,332.889209
10182,332.899294
10183,332.908786
10184,332.917685
10185,332.925994
10186,332.933722
10187,332.940879
10188,332.947481
10189,332.953547
10190,332.959095
10191,332.964149
10192,332.968731
10193,332.972868
10194,332.976583
10195,332.9799
10196,332.982844
10197,332.985435
10198,332.987694
10199,332.989639
10200,332.991285
10201,332.992647
10202,332.993733
10203,332.994554
10204,332.995115
10205,332.995421
10206,332.995473
10207,332.995272
10208,332.994818
10209,332.994108
10210,332.993138
10211,332.991904
10212,332.9904
10213,332.988618
10214,332.986553
10215,332.984193
10216,332.981529
10217,332.97855
10218,332.975242
10219,332.971593
10220,332.967586
10221,332.963207
10222,332.958437
10223,332.953258
10224,332.947654
10225,332.941605
10226,332.935093
10227,332.928103
10228,332.920619
10229,332.912626
10230,332.904113
10231,332.895072
10232,332.885497
10233,332.875384
10234,332.864734
10235,332.853551
10236,332.841843
10237,332.829621
10238,332.816902
10239,332.803702
10240,332.823549
10241,332.836125
10242,332.848214
10243,332.859795
10244,332.870853
10245,332.881376
10246,332.891354
10247,332.900782
10248,332.909659
10249,332.917987
10250,332.925773
10251,332.933023
10252,332.939752
10253,332.945973
10254,332.951703
10255,332.95696
10256,332.961764
10257,332.966135
10258,332.970095
10259,332.973661
10260,332.976855
10261,332.979694
10262,332.982193
10263,332.984367
10264,332.986228
10265,332.987786
10266,332.989048
10267,332.990021
10268,332.990707
10269,332.991108
10270,332.991225
10271,332.991057
10272,332.990602
10273,332.989857
10274,332.988818
10275,332.987481
10276,332.985841
10277,332.983893
10278,332.981631
10279,332.979049
10280,332.976139
10281,332.972894
10282,332.969305
10283,332.965363
10284,332.961058
10285,332.956378
10286,332.951313
10287,332.945849
10288,332.939974
10289,332.933675
10290,332.926939
10291,332.919754
10292,332.91211
10293,332.903995
10294,332.895403
10295,332.886327
10296,332.876763
10297,332.866711
10298,332.856171
10299,332.84515
10300,332.833654
10301,332.821694
10302,332.809285
10303,332.796445
10304,332.817347
10305,332.829616
10306,332.841436
10307,332.85279
10308,332.863662
10309,332.87404
10310,332.883915
10311,332.893281
10312,332.902135
10313,332.910477
10314,332.918312
10315,332.925646
10316,332.932488
10317,332.938849
10318,332.944744
10319,332.950188
10320,332.955195
10321,332.959783
10322,332.963969
10323,332.967768
10324,332.971197
10325,332.974268
10326,332.976995
10327,332.979388
10328,332.981454
10329,332.983202
10330,332.984635
10331,332.985755
10332,332.986564
10333,332.98706
10334,332.987243
10335,332.987109
10336,332.986656
10337,332.985879
10338,332.984775
10339,332.983339
10340,332.981568
10341,332.979459
10342,332.977007
10343,332.974208
10344,332.971059
10345,332.967556
10346,332.963695
10347,332.95947
10348,332.954876
10349,332.949908
10350,332.944558
10351,332.93882
10352,332.932687
10353,332.926149
10354,332.919199
10355,332.91183
10356,332.904034
10357,332.895806
10358,332.887139
10359,332.878032
10360,332.868481
10361,332.858488
10362,332.848055
10363,332.837187
10364,332.825893
10365,332.814183
10366,332.80207
10367,332.789569
10368,332.811543
10369,332.823523
10370,332.835092
10371,332.846233
10372,332.856931
10373,332.867172
10374,332.876949
10375,332.886254
10376,332.895083
10377,332.903436
10378,332.911315
10379,332.918723
10380,332.925668
10381,332.932158
10382,332.938204
10383,332.943819
10384,332.949015
10385,332.953804
10386,332.958202
10387,332.96222
10388,332.96587
10389,332.969162
10390,332.972106
10391,332.974709
10392,332.976975
10393,332.978908
10394,332.980507
10395,332.981774
10396,332.982706
10397,332.983299
10398,332.983549
10399,332.983452
10400,332.983003
10401,332.982197
10402,332.981031
10403,332.979501
10404,332.977604
10405,332.975337
10406,332.972699
10407,332.969688
10408,332.966305
10409,332.962549
10410,332.95842
10411,332.953918
10412,332.949042
10413,332.943792
10414,332.938166
10415,332.932162
10416,332.925777
10417,332.919009
10418,332.911853
10419,332.904307
10420,332.896366
10421,332.888029
10422,332.879292
10423,332.870154
10424,332.860616
10425,332.85068
10426,332.840349
10427,332.829629
10428,332.818527
10429,332.807054
10430,332.795221
10431,332.783044
10432,332.806107
10433,332.817818
10434,332.829152
10435,332.840093
10436,332.850626
10437,332.86074
10438,332.870424
10439,332.879671
10440,332.888477
10441,332.896838
10442,332.904755
10443,332.912231
10444,332.91927
10445,332.925879
10446,332.932065
10447,332.937839
10448,332.94321
10449,332.948188
10450,332.952785
10451,332.957009
10452,332.96087
10453,332.964375
10454,332.967529
10455,332.970336
10456,332.972797
10457,332.974912
10458,332.976679
10459,332.978093
10460,332.979149
10461,332.97984
10462,332.980161
10463,332.980104
10464,332.979664
10465,332.978833
10466,332.977609
10467,332.975987
10468,332.973966
10469,332.971544
10470,332.968721
10471,332.965501
10472,332.961886
10473,332.957879
10474,332.953484
10475,332.948708
10476,332.943553
10477,332.938024
10478,332.932125
10479,332.92586
10480,332.919229
10481,332.912235
10482,332.904878
10483,332.897159
10484,332.889077
10485,332.880634
10486,332.871828
10487,332.862661
10488,332.853135
10489,332.843253
10490,332.833019
10491,332.822439
10492,332.811521
10493,332.800274
10494,332.788708
10495,332.776838
10496,332.801012
10497,332.81247
10498,332.823584
10499,332.834338
10500,332.844718
10501,332.854712
10502,332.86431
10503,332.873503
10504,332.882285
10505,332.890654
10506,332.898607
10507,332.906145
10508,332.913271
10509,332.919989
10510,332.926306
10511,332.932228
10512,332.937764
10513,332.94292
10514,332.947706
10515,332.952128
10516,332.956192
10517,332.959902
10518,332.96326
10519,332.966268
10520,332.968923
10521,332.971221
10522,332.973156
10523,332.974719
10524,332.975904
10525,332.976698
10526,332.977095
10527,332.977083
10528,332.976655
10529,332.975804
10530,332.974525
10531,332.972814
10532,332.97067
10533,332.968093
10534,332.965088
10535,332.961657
10536,332.957808
10537,332.953549
10538,332.948888
10539,332.943836
10540,332.938401
10541,332.932594
10542,332.926423
10543,332.919896
10544,332.913021
10545,332.905803
10546,332.898247
10547,332.890358
10548,332.882137
10549,332.873588
10550,332.864715
10551,332.855518
10552,332.846002
10553,332.836171
10554,332.82603
10555,332.815584
10556,332.80484
10557,332.793808
10558,332.782498
10559,332.770921
10560,332.796228
10561,332.80745
10562,332.818357
10563,332.828936
10564,332.839173
10565,332.849056
10566,332.858573
10567,332.867717
10568,332.876478
10569,332.884854
10570,332.89284
10571,332.900437
10572,332.907644
10573,332.914465
10574,332.920904
10575,332.926967
10576,332.932658
10577,332.937984
10578,332.94295
10579,332.947561
10580,332.951822
10581,332.955732
10582,332.959293
10583,332.962501
10584,332.96535
10585,332.967833
10586,332.96994
10587,332.971659
10588,332.972977
10589,332.973882
10590,332.97436
10591,332.974399
10592,332.973989
10593,332.973121
10594,332.97179
10595,332.969992
10596,332.967727
10597,332.964996
10598,332.961805
10599,332.958161
10600,332.954076
10601,332.94956
10602,332.944629
10603,332.939296
10604,332.933577
10605,332.927488
10606,332.921042
10607,332.914252
10608,332.907131
10609,332.899688
10610,332.891933
10611,332.883873
10612,332.875514
10613,332.86686
10614,332.857918
10615,332.848691
10616,332.839183
10617,332.829399
10618,332.819345
10619,332.809027
10620,332.798451
10621,332.787625
10622,332.776558
10623,332.765262
10624,332.791726
10625,332.802724
10626,332.813439
10627,332.823855
10628,332.833959
10629,332.843739
10630,332.853183
10631,332.862281
10632,332.871024
10633,332.879408
10634,332.887426
10635,332.895078
10636,332.902362
10637,332.90928
10638,332.915835
10639,332.92203
10640,332.927869
10641,332.933356
10642,332.938496
10643,332.943292
10644,332.947744
10645,332.951853
10646,332.955614
10647,332.959023
10648,332.96207
10649,332.964743
10650,332.967029
10651,332.96891
10652,332.970371
10653,332.971394
10654,332.971961
10655,332.972058
10656,332.971673
10657,332.970794
10658,332.969414
10659,332.967531
10660,332.965143
10661,332.962256
10662,332.958876
10663,332.955015
10664,332.950687
10665,332.945908
10666,332.940698
10667,332.935077
10668,332.929067
10669,332.922688
10670,332.915961
10671,332.908903
10672,332.901532
10673,332.893862
10674,332.885906
10675,332.877673
10676,332.869174
10677,332.860415
10678,332.851402
10679,332.842142
10680,332.83264
10681,332.822901
10682,332.81293
10683,332.802734
10684,332.792318
10685,332.78169
10686,332.770857
10687,332.75983
10688,332.787474
10689,332.798263
10690,332.808797
10691,332.819061
10692,332.829042
10693,332.838727
10694,332.848104
10695,332.857162
10696,332.86589
10697,332.874283
10698,332.882333
10699,332.890038
10700,332.897396
10701,332.904406
10702,332.91107
10703,332.917391
10704,332.923371
10705,332.929014
10706,332.934321
10707,332.939296
10708,332.943937
10709,332.948242
10710,332.952205
10711,332.955817
10712,332.959067
10713,332.961938
10714,332.964412
10715,332.966466
10716,332.96808
10717,332.969231
10718,332.969898
10719,332.970063
10720,332.969708
10721,332.968823
10722,332.967399
10723,332.965431
10724,332.962921
10725,332.959875
10726,332.956301
10727,332.952215
10728,332.947634
10729,332.942582
10730,332.937083
10731,332.931164
10732,332.924851
10733,332.918174
10734,332.911156
10735,332.903823
10736,332.896196
10737,332.888293
10738,332.880131
10739,332.871724
10740,332.863082
10741,332.854215
10742,332.845132
10743,332.835837
10744,332.826338
10745,332.81664
10746,332.806749
10747,332.796669
10748,332.786407
10749,332.77597
10750,332.765363
10751,332.754595
10752,332.783441
10753,332.794033
10754,332.804397
10755,332.814519
10756,332.824387
10757,332.833986
10758,332.843302
10759,332.852325
10760,332.861042
10761,332.869445
10762,332.877527
10763,332.885283
10764,332.892711
10765,332.899809
10766,332.906578
10767,332.913018
10768,332.919133
10769,332.924925
10770,332.930395
10771,332.935545
10772,332.940372
10773,332.944872
10774,332.949039
10775,332.952861
10776,332.956321
10777,332.959399
10778,332.962072
10779,332.964312
10780,332.966093
10781,332.967385
10782,332.968163
10783,332.968405
10784,332.968091
10785,332.967205
10786,332.965739
10787,332.963689
10788,332.961055
10789,332.957844
10790,332.95407
10791,332.94975
10792,332.944907
10793,332.939568
10794,332.933766
10795,332.927534
10796,332.920906
10797,332.913916
10798,332.906597
10799,332.898979
10800,332.891088
10801,332.882946
10802,332.874575
10803,332.865989
10804,332.857202
10805,332.848225
10806,332.839068
10807,332.829737
10808,332.82024
10809,332.81058
10810,332.800765
10811,332.790798
10812,332.780686
10813,332.770432
10814,332.760044
10815,332.749527
10816,332.779594
10817,332.789998
10818,332.800202
10819,332.810193
10820,332.819956
10821,332.829477
10822,332.83874
10823,332.847733
10824,332.856442
10825,332.864858
10826,332.872972
10827,332.880778
10828,332.888273
10829,332.895454
10830,332.902322
10831,332.908877
10832,332.915121
10833,332.921055
10834,332.926683
10835,332.932003
10836,332.937014
10837,332.941711
10838,332.946084
10839,332.95012
10840,332.9538
10841,332.957097
10842,332.959983
10843,332.962425
10844,332.964387
10845,332.965836
10846,332.966739
10847,332.96707
10848,332.966805
10849,332.965926
10850,332.964423
10851,332.96229
10852,332.95953
10853,332.956151
10854,332.952168
10855,332.947603
10856,332.942483
10857,332.936844
10858,332.930722
10859,332.92416
10860,332.9172
10861,332.909883
10862,332.90225
10863,332.894335
10864,332.88617
10865,332.877783
10866,332.869196
10867,332.860428
10868,332.851493
10869,332.842405
10870,332.833173
10871,332.823805
10872,332.814307
10873,332.804685
10874,332.794943
10875,332.785086
10876,332.775119
10877,332.765045
10878,332.754869
10879,332.744596
10880,332.775898
10881,332.786123
10882,332.796177
10883,332.806044
10884,332.815711
10885,332.825161
10886,332.834378
10887,332.843346
10888,332.852052
10889,332.860482
10890,332.868628
10891,332.876482
10892,332.884041
10893,332.891301
10894,332.898262
10895,332.904925
10896,332.911291
10897,332.917363
10898,332.923142
10899,332.928629
10900,332.933821
10901,332.938713
10902,332.943297
10903,332.947554
10904,332.951464
10905,332.954994
10906,332.95811
10907,332.960771
10908,332.962933
10909,332.964555
10910,332.965599
10911,332.966031
10912,332.965825
10913,332.96496
10914,332.963424
10915,332.961211
10916,332.958322
10917,332.954769
10918,332.950568
10919,332.945746
10920,332.940336
10921,332.934378
10922,332.927918
10923,332.921007
10924,332.913696
10925,332.906035
10926,332.898072
10927,332.889849
10928,332.881401
10929,332.872761
10930,332.863953
10931,332.854999
10932,332.845915
10933,332.836714
10934,332.827407
10935,332.818
10936,332.808502
10937,332.798916
10938,332.789247
10939,332.779498
10940,332.769673
10941,332.759775
10942,332.749808
10943,332.739775
10944,332.772315
10945,332.782369
10946,332.792278
10947,332.802031
10948,332.811609
10949,332.820996
10950,332.830173
10951,332.839122
10952,332.847827
10953,332.856273
10954,332.86445
10955,332.872351
10956,332.87997
10957,332.887303
10958,332.894352
10959,332.901116
10960,332.907598
10961,332.913799
10962,332.919723
10963,332.925371
10964,332.930741
10965,332.935828
10966,332.940624
10967,332.94511
10968,332.94926
10969,332.95304
10970,332.956404
10971,332.959303
10972,332.961685
10973,332.963499
10974,332.9647
10975,332.965248
10976,332.965112
10977,332.964269
10978,332.962704
10979,332.960411
10980,332.957393
10981,332.95366
10982,332.949233
10983,332.944141
10984,332.938423
10985,332.932128
10986,332.925309
10987,332.918028
10988,332.910346
10989,332.902323
10990,332.894016
10991,332.885472
10992,332.876733
10993,332.867833
10994,332.858801
10995,332.849659
10996,332.840424
10997,332.83111
10998,332.821728
10999,332.812284
11000,332.802786
11001,332.793237
11002,332.78364
11003,332.773999
11004,332.764316
11005,332.754592
11006,332.744831
11007,332.735033
11008,332.768806
11009,332.778693
11010,332.788464
11011,332.798108
11012,332.807605
11013,332.816936
11014,332.826079
11015,332.835013
11016,332.843719
11017,332.852182
11018,332.860389
11019,332.868333
11020,332.876007
11021,332.883409
11022,332.890538
11023,332.897396
11024,332.903984
11025,332.910307
11026,332.916368
11027,332.92217
11028,332.927712
11029,332.932992
11030,332.938001
11031,332.942722
11032,332.947124
11033,332.951168
11034,332.954801
11035,332.957961
11036,332.960584
11037,332.96261
11038,332.963984
11039,332.964662
11040,332.964607
11041,332.963794
11042,332.962205
11043,332.959834
11044,332.956684
11045,332.952767
11046,332.948105
11047,332.942731
11048,332.936691
11049,332.930039
11050,332.92284
11051,332.915166
11052,332.907093
11053,332.898691
11054,332.890025
11055,332.88115
11056,332.872111
11057,332.862948
11058,332.853689
11059,332.844359
11060,332.834974
11061,332.825549
11062,332.816094
11063,332.806616
11064,332.79712
11065,332.78761
11066,332.778088
11067,332.768556
11068,332.759014
11069,332.749464
11070,332.739907
11071,332.730342
11072,332.765327
11073,332.775049
11074,332.784687
11075,332.794227
11076,332.803648
11077,332.812929
11078,332.822043
11079,332.830965
11080,332.839674
11081,332.848152
11082,332.856387
11083,332.864369
11084,332.872092
11085,332.879555
11086,332.886757
11087,332.893699
11088,332.900386
11089,332.906821
11090,332.913009
11091,332.918955
11092,332.924662
11093,332.930129
11094,332.93535
11095,332.940309
11096,332.944974
11097,332.949299
11098,332.95322
11099,332.956663
11100,332.95955
11101,332.961806
11102,332.963371
11103,332.964191
11104,332.964227
11105,332.963451
11106,332.961843
11107,332.959397
11108,332.956115
11109,332.95201
11110,332.947107
11111,332.941442
11112,332.935065
11113,332.928038
11114,332.920438
11115,332.91235
11116,332.903866
11117,332.89507
11118,332.886033
11119,332.87682
11120,332.867479
11121,332.85805
11122,332.848566
11123,332.839049
11124,332.829518
11125,332.819987
11126,332.810464
11127,332.800955
11128,332.791466
11129,332.781999
11130,332.772554
11131,332.763133
11132,332.753735
11133,332.74436
11134,332.735007
11135,332.725675
11136,332.761832
11137,332.77139
11138,332.780896
11139,332.790334
11140,332.799683
11141,332.808917
11142,332.818005
11143,332.826917
11144,332.835627
11145,332.844118
11146,332.852376
11147,332.86039
11148,332.868156
11149,332.875671
11150,332.882935
11151,332.889952
11152,332.896726
11153,332.903261
11154,332.909566
11155,332.915645
11156,332.921506
11157,332.927151
11158,332.93258
11159,332.937777
11160,332.942712
11161,332.947331
11162,332.95156
11163,332.955307
11164,332.958477
11165,332.960981
11166,332.962749
11167,332.963723
11168,332.963858
11169,332.963125
11170,332.961504
11171,332.958986
11172,332.955574
11173,332.951281
11174,332.946134
11175,332.940171
11176,332.933447
11177,332.926031
11178,332.918012
11179,332.909493
11180,332.900583
11181,332.89138
11182,332.881968
11183,332.872413
11184,332.86277
11185,332.85308
11186,332.843374
11187,332.833678
11188,332.824007
11189,332.814376
11190,332.804792
11191,332.79526
11192,332.785784
11193,332.776365
11194,332.767003
11195,332.757697
11196,332.748446
11197,332.739249
11198,332.730102
11199,332.721005
11200,332.758273
11201,332.767664
11202,332.777035
11203,332.786371
11204,332.795648
11205,332.804837
11206,332.813899
11207,332.822797
11208,332.831506
11209,332.840003
11210,332.848276
11211,332.856314
11212,332.864112
11213,332.871669
11214,332.878985
11215,332.886065
11216,332.892913
11217,332.899537
11218,332.905945
11219,332.912145
11220,332.918147
11221,332.923958
11222,332.929584
11223,332.935015
11224,332.940221
11225,332.945142
11226,332.949693
11227,332.953763
11228,332.957229
11229,332.959992
11230,332.961971
11231,332.963105
11232,332.963346
11233,332.962662
11234,332.961031
11235,332.958446
11236,332.954907
11237,332.95043
11238,332.945041
11239,332.938781
11240,332.931707
11241,332.923897
11242,332.915448
11243,332.906486
11244,332.897142
11245,332.887532
11246,332.877745
11247,332.867855
11248,332.857917
11249,332.847974
11250,332.838057
11251,332.828191
11252,332.818392
11253,332.808671
11254,332.799035
11255,332.789489
11256,332.780035
11257,332.770673
11258,332.7614
11259,332.752216
11260,332.743118
11261,332.734102
11262,332.725165
11263,332.716304
11264,332.754598
11265,332.763817
11266,332.773047
11267,332.782274
11268,332.791475
11269,332.800614
11270,332.809644
11271,332.818523
11272,332.82722
11273,332.835714
11274,332.843991
11275,332.852042
11276,332.85986
11277,332.867446
11278,332.874802
11279,332.881932
11280,332.888842
11281,332.895541
11282,332.902038
11283,332.908345
11284,332.914473
11285,332.920434
11286,332.926244
11287,332.9319
11288,332.937369
11289,332.94259
11290,332.947466
11291,332.951863
11292,332.955629
11293,332.958651
11294,332.960842
11295,332.962136
11296,332.962484
11297,332.961852
11298,332.960217
11299,332.957569
11300,332.953911
11301,332.949258
11302,332.943635
11303,332.937087
11304,332.929674
11305,332.921476
11306,332.912603
11307,332.9032
11308,332.893431
11309,332.883424
11310,332.873278
11311,332.863067
11312,332.852849
11313,332.842669
11314,332.832556
11315,332.822535
11316,332.812621
11317,332.802824
11318,332.793151
11319,332.783603
11320,332.774182
11321,332.764885
11322,332.755712
11323,332.746657
11324,332.737718
11325,332.728889
11326,332.720167
11327,332.711547
11328,332.750759
11329,332.759794
11330,332.768872
11331,332.777979
11332,332.787088
11333,332.796162
11334,332.805145
11335,332.813989
11336,332.822661
11337,332.831139
11338,332.839406
11339,332.847455
11340,332.85528
11341,332.862882
11342,332.870262
11343,332.877427
11344,332.884384
11345,332.891143
11346,332.897716
11347,332.904115
11348,332.910356
11349,332.916456
11350,332.922438
11351,332.928303
11352,332.934019
11353,332.939518
11354,332.944696
11355,332.949395
11356,332.953442
11357,332.956709
11358,332.959103
11359,332.960553
11360,332.961006
11361,332.960426
11362,332.958791
11363,332.956088
11364,332.952321
11365,332.947504
11366,332.941665
11367,332.934849
11368,332.927118
11369,332.918561
11370,332.909297
11371,332.899489
11372,332.889328
11373,332.878954
11374,332.868474
11375,332.857968
11376,332.847495
11377,332.837099
11378,332.826812
11379,332.816657
11380,332.806647
11381,332.796792
11382,332.787096
11383,332.777561
11384,332.768186
11385,332.758968
11386,332.749904
11387,332.740989
11388,332.732217
11389,332.723584
11390,332.715083
11391,332.706708
11392,332.746705
11393,332.755543
11394,332.764455
11395,332.773424
11396,332.782423
11397,332.791411
11398,332.800326
11399,332.809116
11400,332.817745
11401,332.826188
11402,332.834429
11403,332.84246
11404,332.850275
11405,332.857875
11406,332.865264
11407,332.872448
11408,332.879436
11409,332.886239
11410,332.892872
11411,332.899349
11412,332.905689
11413,332.911913
11414,332.91805
11415,332.924103
11416,332.930039
11417,332.935787
11418,332.94123
11419,332.946197
11420,332.950495
11421,332.953986
11422,332.956566
11423,332.958161
11424,332.958713
11425,332.958185
11426,332.956552
11427,332.953803
11428,332.94994
11429,332.944977
11430,332.938944
11431,332.931887
11432,332.923874
11433,332.914998
11434,332.90539
11435,332.895229
11436,332.884722
11437,332.874023
11438,332.863247
11439,332.85248
11440,332.841784
11441,332.831203
11442,332.820769
11443,332.810504
11444,332.800421
11445,332.790529
11446,332.78083
11447,332.771325
11448,332.762012
11449,332.752887
11450,332.743945
11451,332.735181
11452,332.726587
11453,332.718158
11454,332.709886
11455,332.701764
11456,332.742389
11457,332.751015
11458,332.759742
11459,332.768553
11460,332.777421
11461,332.786299
11462,332.795123
11463,332.803836
11464,332.8124
11465,332.820789
11466,332.828985
11467,332.836979
11468,332.844766
11469,332.852347
11470,332.859726
11471,332.866911
11472,332.873912
11473,332.880743
11474,332.887417
11475,332.893955
11476,332.900376
11477,332.906706
11478,332.912975
11479,332.91919
11480,332.925316
11481,332.931277
11482,332.936946
11483,332.942142
11484,332.946657
11485,332.950343
11486,332.953088
11487,332.954812
11488,332.955456
11489,332.954977
11490,332.953351
11491,332.950565
11492,332.94662
11493,332.941533
11494,332.935334
11495,332.928071
11496,332.919817
11497,332.91067
11498,332.900772
11499,332.890313
11500,332.879515
11501,332.868543
11502,332.857519
11503,332.846533
11504,332.835652
11505,332.824921
11506,332.814372
11507,332.804027
11508,332.793899
11509,332.783993
11510,332.774314
11511,332.764859
11512,332.755627
11513,332.746611
11514,332.737805
11515,332.729204
11516,332.7208
11517,332.712585
11518,332.704551
11519,332.69669
11520,332.73777
11521,332.746164
11522,332.754685
11523,332.763318
11524,332.77203
11525,332.780774
11526,332.789482
11527,332.798095
11528,332.806572
11529,332.814884
11530,332.823013
11531,332.830949
11532,332.838688
11533,332.84623
11534,332.85358
11535,332.860747
11536,332.867742
11537,332.87458
11538,332.881278
11539,332.887855
11540,332.894336
11541,332.900749
11542,332.907125
11543,332.913471
11544,332.919753
11545,332.925888
11546,332.931743
11547,332.937127
11548,332.941823
11549,332.945673
11550,332.94856
11551,332.950397
11552,332.95112
11553,332.950688
11554,332.949072
11555,332.946259
11556,332.942251
11557,332.937064
11558,332.93073
11559,332.9233
11560,332.91485
11561,332.905486
11562,332.895354
11563,332.884658
11564,332.873628
11565,332.862437
11566,332.851217
11567,332.840062
11568,332.829041
11569,332.8182
11570,332.807573
11571,332.797181
11572,332.787037
11573,332.777146
11574,332.767511
11575,332.758129
11576,332.748997
11577,332.740108
11578,332.731455
11579,332.723032
11580,332.71483
11581,332.706841
11582,332.699056
11583,332.691465
11584,332.732807
11585,332.740949
11586,332.749243
11587,332.757673
11588,332.766205
11589,332.774791
11590,332.783358
11591,332.791846
11592,332.800211
11593,332.808423
11594,332.816463
11595,332.824319
11596,332.831988
11597,332.83947
11598,332.84677
11599,332.853899
11600,332.860867
11601,332.867691
11602,332.874389
11603,332.880984
11604,332.887501
11605,332.89397
11606,332.900423
11607,332.906869
11608,332.913269
11609,332.919539
11610,332.92554
11611,332.931071
11612,332.935912
11613,332.939895
11614,332.942897
11615,332.944829
11616,332.945622
11617,332.945232
11618,332.94363
11619,332.940802
11620,332.936749
11621,332.931489
11622,332.925054
11623,332.917498
11624,332.9089
11625,332.899372
11626,332.889067
11627,332.878194
11628,332.866993
11629,332.855644
11630,332.844284
11631,332.833011
11632,332.821897
11633,332.810991
11634,332.800326
11635,332.789925
11636,332.779798
11637,332.769952
11638,332.760388
11639,332.751103
11640,332.742093
11641,332.73335
11642,332.724868
11643,332.716638
11644,332.708653
11645,332.700902
11646,332.693377
11647,332.686067
11648,332.727464
11649,332.735332
11650,332.743377
11651,332.75158
11652,332.759908
11653,332.76831
11654,332.776712
11655,332.78505
11656,332.793278
11657,332.801366
11658,332.809293
11659,332.817047
11660,332.824624
11661,332.832023
11662,332.839252
11663,332.846318
11664,332.853237
11665,332.860024
11666,332.8667
11667,332.873287
11668,332.879813
11669,332.886309
11670,332.892808
11671,332.899318
11672,332.905799
11673,332.912164
11674,332.918269
11675,332.923911
11676,332.928859
11677,332.932943
11678,332.936037
11679,332.938044
11680,332.938895
11681,332.938544
11682,332.93696
11683,332.934129
11684,332.930052
11685,332.924745
11686,332.918244
11687,332.910605
11688,332.90191
11689,332.892273
11690,332.881853
11691,332.870866
11692,332.859556
11693,332.848109
11694,332.836667
11695,332.825332
11696,332.814176
11697,332.803252
11698,332.792593
11699,332.782221
11700,332.772148
11701,332.762379
11702,332.752916
11703,332.743753
11704,332.734888
11705,332.726312
11706,332.718019
11707,332.709999
11708,332.702244
11709,332.694745
11710,332.687492
11711,332.680475
11712,332.72171
11713,332.729281
11714,332.737052
11715,332.745005
11716,332.753104
11717,332.761297
11718,332.769508
11719,332.777672
11720,332.78574
11721,332.79368
11722,332.80147
11723,332.809098
11724,332.816559
11725,332.823853
11726,332.830986
11727,332.837968
11728,332.844813
11729,332.851539
11730,332.858166
11731,332.864719
11732,332.871225
11733,332.877717
11734,332.884229
11735,332.890766
11736,332.897291
11737,332.903711
11738,332.909882
11739,332.915593
11740,332.920614
11741,332.92477
11742,332.927928
11743,332.929993
11744,332.930892
11745,332.930576
11746,332.929014
11747,332.926192
11748,332.92211
11749,332.916787
11750,332.910257
11751,332.902578
11752,332.893834
11753,332.884144
11754,332.873669
11755,332.86263
11756,332.851273
11757,332.839791
11758,332.828327
11759,332.816985
11760,332.805842
11761,332.794949
11762,332.784341
11763,332.77404
11764,332.764058
11765,332.7544
11766,332.745067
11767,332.736054
11768,332.727358
11769,332.718971
11770,332.710885
11771,332.703092
11772,332.695583
11773,332.68835
11774,332.681382
11775,332.67467
11776,332.715513
11777,332.722763
11778,332.730236
11779,332.737915
11780,332.745763
11781,332.753723
11782,332.76172
11783,332.769684
11784,332.777568
11785,332.785336
11786,332.792966
11787,332.800444
11788,332.807766
11789,332.81493
11790,332.821944
11791,332.828817
11792,332.835564
11793,332.842202
11794,332.848754
11795,332.855243
11796,332.8617
11797,332.868156
11798,332.874645
11799,332.881175
11800,332.887703
11801,332.89414
11802,332.900336
11803,332.906081
11804,332.91114
11805,332.915336
11806,332.918535
11807,332.920639
11808,332.921574
11809,332.92129
11810,332.919756
11811,332.916956
11812,332.912891
11813,332.907579
11814,332.901056
11815,332.893381
11816,332.88464
11817,332.874952
11818,332.864482
11819,332.853451
11820,332.842112
11821,332.830656
11822,332.81923
11823,332.80794
11824,332.796864
11825,332.786052
11826,332.775542
11827,332.765355
11828,332.755503
11829,332.745991
11830,332.736819
11831,332.727985
11832,332.719482
11833,332.711305
11834,332.703445
11835,332.695896
11836,332.688649
11837,332.681696
11838,332.675027
11839,332.668632
11840,332.708846
11841,332.71575
11842,332.722903
11843,332.730285
11844,332.737857
11845,332.745563
11846,332.753322
11847,332.761065
11848,332.76874
11849,332.776313
11850,332.783759
11851,332.791064
11852,332.798222
11853,332.805233
11854,332.812103
11855,332.818842
11856,332.825465
11857,332.831989
11858,332.838437
11859,332.844835
11860,332.851211
11861,332.857597
11862,332.864029
11863,332.870513
11864,332.877007
11865,332.88342
11866,332.889603
11867,332.895344
11868,332.900407
11869,332.904614
11870,332.90783
11871,332.909954
11872,332.910915
11873,332.91066
11874,332.909158
11875,332.906394
11876,332.902367
11877,332.897096
11878,332.890618
11879,332.882991
11880,332.874302
11881,332.864672
11882,332.854265
11883,332.843306
11884,332.832046
11885,332.820679
11886,332.809353
11887,332.798174
11888,332.787219
11889,332.776541
11890,332.766177
11891,332.756147
11892,332.746464
11893,332.737134
11894,332.728156
11895,332.719527
11896,332.711243
11897,332.703297
11898,332.695683
11899,332.688394
11900,332.681423
11901,332.674763
11902,332.668406
11903,332.662343
11904,332.70168
11905,332.708213
11906,332.715023
11907,332.722087
11908,332.729364
11909,332.736794
11910,332.744295
11911,332.751794
11912,332.759239
11913,332.766594
11914,332.773832
11915,332.780941
11916,332.787912
11917,332.794745
11918,332.801447
11919,332.808027
11920,332.814499
11921,332.820883
11922,332.8272
11923,332.833475
11924,332.839738
11925,332.846021
11926,332.85236
11927,332.85876
11928,332.865182
11929,332.871532
11930,332.877664
11931,332.883364
11932,332.888397
11933,332.892584
11934,332.895792
11935,332.897921
11936,332.898897
11937,332.898668
11938,332.897204
11939,332.894487
11940,332.89052
11941,332.88532
11942,332.878923
11943,332.871389
11944,332.862803
11945,332.853286
11946,332.843003
11947,332.832177
11948,332.821059
11949,332.809845
11950,332.798679
11951,332.787669
11952,332.776892
11953,332.7664
11954,332.75623
11955,332.746401
11956,332.736928
11957,332.727815
11958,332.719062
11959,332.710667
11960,332.702626
11961,332.694932
11962,332.687582
11963,332.680568
11964,332.673887
11965,332.667534
11966,332.661501
11967,332.655782
11968,332.693989
11969,332.700126
11970,332.706572
11971,332.7133
11972,332.720264
11973,332.7274
11974,332.734623
11975,332.741859
11976,332.749053
11977,332.756167
11978,332.763176
11979,332.770065
11980,332.776825
11981,332.783457
11982,332.789966
11983,332.796362
11984,332.802658
11985,332.808874
11986,332.81503
11987,332.821153
11988,332.827272
11989,332.833418
11990,332.839628
11991,332.845907
11992,332.852217
11993,332.858466
11994,332.864506
11995,332.870128
11996,332.875097
11997,332.879236
11998,332.882413
11999,332.884527
12000,332.885507
12001,332.885302
12002,332.88388
12003,332.881226
12004,332.87734
12005,332.872241
12006,332.865963
12007,332.858565
12008,332.850132
12009,332.840784
12010,332.830684
12011,332.820054
12012,332.809142
12013,332.798143
12014,332.787199
12015,332.776418
12016,332.765875
12017,332.755621
12018,332.745693
12019,332.736111
12020,332.726887
12021,332.718027
12022,332.709531
12023,332.701397
12024,332.693622
12025,332.686201
12026,332.679129
12027,332.672405
12028,332.666025
12029,332.659988
12030,332.654292
12031,332.64893
12032,332.685738
12033,332.691459
12034,332.697525
12035,332.703903
12036,332.71054
12037,332.717367
12038,332.724296
12039,332.73125
12040,332.738173
12041,332.745027
12042,332.751785
12043,332.758432
12044,332.764959
12045,332.771366
12046,332.777658
12047,332.783844
12048,332.789939
12049,332.795959
12050,332.801928
12051,332.807868
12052,332.81381
12053,332.819786
12054,332.825831
12055,332.831952
12056,332.838111
12057,332.844218
12058,332.850129
12059,332.855635
12060,332.860506
12061,332.864567
12062,332.867687
12063,332.86977
12064,332.870744
12065,332.870559
12066,332.869185
12067,332.866607
12068,332.862824
12069,332.857854
12070,332.851732
12071,332.844515
12072,332.836287
12073,332.827164
12074,332.817308
12075,332.806935
12076,332.796294
12077,332.785572
12078,332.774913
12079,332.76442
12080,332.754166
12081,332.744203
12082,332.734565
12083,332.725273
12084,332.716338
12085,332.707766
12086,332.699558
12087,332.691712
12088,332.684225
12089,332.677094
12090,332.670316
12091,332.663892
12092,332.657822
12093,332.652108
12094,332.646754
12095,332.641762
12096,332.676892
12097,332.682179
12098,332.687857
12099,332.693879
12100,332.700181
12101,332.706689
12102,332.71331
12103,332.719966
12104,332.7266
12105,332.733174
12106,332.73966
12107,332.746043
12108,332.752315
12109,332.758474
12110,332.764525
12111,332.770478
12112,332.776345
12113,332.782145
12114,332.787897
12115,332.793627
12116,332.799362
12117,332.805134
12118,332.810979
12119,332.816904
12120,332.822873
12121,332.828799
12122,332.83454
12123,332.839892
12124,332.844629
12125,332.848581
12126,332.851621
12127,332.853654
12128,332.854611
12129,332.854444
12130,332.853123
12131,332.850633
12132,332.846974
12133,332.842164
12134,332.836236
12135,332.829245
12136,332.821272
12137,332.812431
12138,332.802878
12139,332.792827
12140,332.782519
12141,332.77214
12142,332.761827
12143,332.75168
12144,332.741771
12145,332.732151
12146,332.72285
12147,332.713891
12148,332.705284
12149,332.697035
12150,332.689145
12151,332.681611
12152,332.674433
12153,332.667609
12154,332.661137
12155,332.65502
12156,332.649263
12157,332.643873
12158,332.638864
12159,332.634248
12160,332.667396
12161,332.672246
12162,332.677543
12163,332.683214
12164,332.689181
12165,332.695363
12166,332.701665
12167,332.70801
12168,332.714339
12169,332.720614
12170,332.726809
12171,332.732908
12172,332.738902
12173,332.744791
12174,332.750579
12175,332.756274
12176,332.76189
12177,332.767443
12178,332.772953
12179,332.778444
12180,332.783942
12181,332.789478
12182,332.795089
12183,332.800783
12184,332.806522
12185,332.812226
12186,332.817756
12187,332.822915
12188,332.827483
12189,332.831295
12190,332.834229
12191,332.836193
12192,332.837122
12193,332.83697
12194,332.835707
12195,332.833318
12196,332.829806
12197,332.825184
12198,332.819487
12199,332.812766
12200,332.8051
12201,332.796598
12202,332.78741
12203,332.777744
12204,332.767835
12205,332.757861
12206,332.747955
12207,332.738213
12208,332.728704
12209,332.719476
12210,332.710561
12211,332.701977
12212,332.693735
12213,332.685842
12214,332.678298
12215,332.671101
12216,332.664252
12217,332.657748
12218,332.65159
12219,332.645784
12220,332.640337
12221,332.635264
12222,332.630589
12223,332.626345
12224,332.657165
12225,332.661616
12226,332.666565
12227,332.671903
12228,332.677543
12229,332.683398
12230,332.689374
12231,332.695394
12232,332.701403
12233,332.707363
12234,332.713248
12235,332.719043
12236,332.724739
12237,332.730337
12238,332.735839
12239,332.741255
12240,332.746595
12241,332.751877
12242,332.757119
12243,332.762344
12244,332.767577
12245,332.772848
12246,332.778192
12247,332.783617
12248,332.78909
12249,332.79453
12250,332.799808
12251,332.804734
12252,332.809096
12253,332.812736
12254,332.815539
12255,332.817417
12256,332.818307
12257,332.818166
12258,332.816965
12259,332.814691
12260,332.811345
12261,332.806941
12262,332.801511
12263,332.795104
12264,332.787795
12265,332.779689
12266,332.770928
12267,332.761712
12268,332.752265
12269,332.742759
12270,332.73332
12271,332.724041
12272,332.714985
12273,332.706199
12274,332.697713
12275,332.689545
12276,332.681706
12277,332.6742
12278,332.667029
12279,332.660192
12280,332.653689
12281,332.647518
12282,332.641681
12283,332.636184
12284,332.631037
12285,332.626261
12286,332.62189
12287,332.617986
12288,332.598875
12289,332.567724
12290,332.828065
12291,332.466071
12292,332.589415
12293,332.558504
12294,332.81519
12295,332.45746
12296,332.231005
12297,332.200861
12298,332.451175
12299,332.102325
