0,337.876288
1,337.889925
2,337.905237
3,337.918171
4,337.927306
5,337.932105
6,337.932335
7,337.927858
8,337.918574
9,337.904402
10,337.885288
11,337.861225
12,337.832285
13,337.798628
14,337.76051
15,337.718351
16,337.673236
17,337.627925
18,337.584329
19,337.543284
20,337.505061
21,337.469706
22,337.437157
23,337.407294
24,337.379953
25,337.35495
26,337.332096
27,337.311209
28,337.292123
29,337.274695
30,337.258809
31,337.244379
32,337.231349
33,337.219705
34,337.209475
35,337.200754
36,337.193775
37,337.189103
38,337.188279
39,337.195893
40,337.226298
41,337.325463
42,337.360644
43,337.369088
44,337.372037
45,337.372692
46,337.370716
47,337.366245
48,337.359485
49,337.350606
50,337.339715
51,337.326852
52,337.311991
53,337.295052
54,337.275927
55,337.254589
56,337.231453
57,337.208621
58,337.187106
59,337.160091
60,336.997882
61,336.929335
62,336.892461
63,336.87117
64,337.951449
65,337.966463
66,337.983161
67,337.997188
68,338.007077
69,338.012304
70,338.012648
71,338.007977
72,337.998182
73,337.983156
74,337.962804
75,337.937059
76,337.905887
77,337.869241
78,337.826852
79,337.777981
80,337.722621
81,337.668342
82,337.618425
83,337.573106
84,337.531866
85,337.494232
86,337.459864
87,337.428492
88,337.399871
89,337.373764
90,337.349946
91,337.328209
92,337.308366
93,337.29026
94,337.273764
95,337.258783
96,337.245257
97,337.233166
98,337.222534
99,337.21346
100,337.206173
101,337.20124
102,337.200206
103,337.207657
104,337.23794
105,337.336998
106,337.372166
107,337.380595
108,337.383495
109,337.384044
110,337.3819
111,337.377199
112,337.37015
113,337.360927
114,337.349637
115,337.336323
116,337.320957
117,337.303459
118,337.283719
119,337.261711
120,337.237865
121,337.214343
122,337.192226
123,337.164974
124,337.001181
125,336.931703
126,336.894173
127,336.872484
128,338.111531
129,338.12881
130,338.147865
131,338.163773
132,338.17497
133,338.180953
134,338.181528
135,338.176574
136,338.165963
137,338.149538
138,338.127118
139,338.098506
140,338.063459
141,338.021455
142,337.970724
143,337.905551
144,337.815847
145,337.735062
146,337.669455
147,337.615202
148,337.568481
149,337.527097
150,337.489919
151,337.456315
152,337.425856
153,337.398201
154,337.373056
155,337.350167
156,337.329312
157,337.310309
158,337.29301
159,337.277307
160,337.263129
161,337.250447
162,337.239283
163,337.229731
164,337.222019
165,337.216713
166,337.215355
167,337.222525
168,337.252539
169,337.351251
170,337.386341
171,337.394682
172,337.397437
173,337.397771
174,337.395348
175,337.390306
176,337.382856
177,337.373172
178,337.361365
179,337.347477
180,337.331482
181,337.313299
182,337.292819
183,337.270022
184,337.24536
185,337.221076
186,337.198327
187,337.170841
188,337.005292
189,336.934784
190,336.896561
191,336.874478
192,338.472339
193,338.492948
194,338.515526
195,338.534262
196,338.547436
197,338.554577
198,338.555537
199,338.550212
200,338.538439
201,338.519977
202,338.494502
203,338.461615
204,338.42081
205,338.3711
206,338.308484
207,338.212266
208,337.995769
209,337.837209
210,337.735405
211,337.664673
212,337.609555
213,337.563109
214,337.522412
215,337.486132
216,337.453533
217,337.424114
218,337.397486
219,337.373327
220,337.35137
221,337.331397
222,337.313237
223,337.296761
224,337.281884
225,337.268567
226,337.256825
227,337.246744
228,337.238551
229,337.232807
230,337.231049
231,337.237841
232,337.267451
233,337.36559
234,337.400546
235,337.408739
236,337.411264
237,337.411291
238,337.408506
239,337.403053
240,337.395143
241,337.384953
242,337.372594
243,337.358109
244,337.341475
245,337.322609
246,337.301408
247,337.277858
248,337.252437
249,337.227464
250,337.204161
251,337.176476
252,337.00938
253,336.937968
254,336.899154
255,336.876744
256,339.432103
257,339.458594
258,339.487235
259,339.510771
260,339.52729
261,339.536404
262,339.538056
263,339.532166
264,339.518511
265,339.496697
266,339.466144
267,339.426121
268,339.375909
269,339.315352
270,339.245524
271,339.146489
272,338.385034
273,337.998942
274,337.81854
275,337.719807
276,337.65294
277,337.600273
278,337.555546
279,337.516313
280,337.481406
281,337.450118
282,337.421939
283,337.396468
284,337.373384
285,337.352428
286,337.333398
287,337.316142
288,337.300558
289,337.286595
290,337.274256
291,337.263623
292,337.254914
293,337.248687
294,337.246468
295,337.2528
296,337.281893
297,337.379266
298,337.414043
299,337.422039
300,337.424266
301,337.423909
302,337.420695
303,337.414776
304,337.406367
305,337.395646
306,337.382726
307,337.36765
308,337.350397
309,337.330889
310,337.309022
311,337.284794
312,337.258705
313,337.233142
314,337.209375
315,337.181525
316,337.013153
317,336.941001
318,336.90171
319,336.879036
320,339.600039
321,339.627432
322,339.656885
323,339.681035
324,339.697976
325,339.707339
326,339.709081
327,339.703124
328,339.689239
329,339.667011
330,339.635827
331,339.594907
332,339.543479
333,339.481444
334,339.411646
335,339.347217
336,339.150308
337,338.221904
338,337.912513
339,337.777104
340,337.69673
341,337.63735
342,337.588393
343,337.546106
344,337.508838
345,337.475656
346,337.44592
347,337.419145
348,337.394947
349,337.373025
350,337.353141
351,337.335119
352,337.318839
353,337.304233
354,337.291295
355,337.280095
356,337.270847
357,337.2641
358,337.261368
359,337.267172
360,337.295648
361,337.392091
362,337.426648
363,337.434406
364,337.436276
365,337.43547
366,337.431767
367,337.425335
368,337.416393
369,337.405123
370,337.391638
371,337.375985
372,337.358143
373,337.338037
374,337.315569
375,337.290743
376,337.26408
377,337.238018
378,337.213868
379,337.185886
380,337.016489
381,336.943749
382,336.904081
383,336.881197
384,339.696077
385,339.725713
386,339.757297
387,339.783084
388,339.80116
389,339.811203
390,339.813204
391,339.807093
392,339.79262
393,339.769318
394,339.736481
395,339.693191
396,339.638485
397,339.572055
398,339.496808
399,339.427792
400,339.308365
401,338.334648
402,337.984484
403,337.829052
404,337.738561
405,337.673239
406,337.620267
407,337.575015
408,337.535445
409,337.500422
410,337.469179
411,337.441147
412,337.41588
413,337.393032
414,337.37233
415,337.353573
416,337.336619
417,337.321385
418,337.307852
419,337.296082
420,337.286277
421,337.278978
422,337.27569
423,337.280902
424,337.30867
425,337.40403
426,337.438333
427,337.445813
428,337.447271
429,337.445953
430,337.441705
431,337.434714
432,337.425208
433,337.41337
434,337.399318
435,337.3831
436,337.364699
437,337.344041
438,337.321034
439,337.295686
440,337.268535
441,337.242062
442,337.217602
443,337.189516
444,337.019318
445,336.946124
446,336.906165
447,336.883118
448,339.787716
449,339.819775
450,339.853791
451,339.881502
452,339.900939
453,339.911813
454,339.914146
455,339.907874
456,339.892725
457,339.868172
458,339.833411
459,339.787385
460,339.728949
461,339.657639
462,339.576472
463,339.501807
464,339.384823
465,338.405951
466,338.041303
467,337.875069
468,337.77742
469,337.707179
470,337.650625
471,337.602645
472,337.560935
473,337.524193
474,337.491545
475,337.462341
476,337.43608
477,337.412369
478,337.390903
479,337.371455
480,337.353862
481,337.338025
482,337.32391
483,337.311569
484,337.301195
485,337.293319
486,337.289432
487,337.293991
488,337.320961
489,337.415086
490,337.449098
491,337.456262
492,337.457251
493,337.455359
494,337.450507
495,337.442909
496,337.432804
497,337.420378
498,337.405754
499,337.388982
500,337.370048
501,337.348882
502,337.325393
503,337.299597
504,337.272042
505,337.245238
506,337.220537
507,337.192372
508,337.021581
509,336.948055
510,336.907884
511,336.884716
512,339.872952
513,339.907318
514,339.943747
515,339.973421
516,339.994275
517,340.006034
518,340.008742
519,340.002339
520,339.986529
521,339.96073
522,339.924053
523,339.875323
524,339.813268
525,339.737349
526,339.650805
527,339.571231
528,339.45324
529,338.463034
530,338.089216
531,337.915862
532,337.812894
533,337.738658
534,337.679043
535,337.628671
536,337.585061
537,337.546785
538,337.51288
539,337.482627
540,337.455473
541,337.430985
542,337.408828
543,337.388747
544,337.370561
545,337.354154
546,337.339478
547,337.326573
548,337.315621
549,337.307144
550,337.302615
551,337.306459
552,337.332536
553,337.425261
554,337.458942
555,337.465745
556,337.466204
557,337.463667
558,337.458147
559,337.449889
560,337.439144
561,337.426107
562,337.410901
563,337.393583
564,337.37414
565,337.352505
566,337.328591
567,337.302419
568,337.274541
569,337.247485
570,337.222611
571,337.194394
572,337.023214
573,336.949476
574,336.909171
575,336.885925
576,339.94383
577,339.980153
578,340.018683
579,340.050106
580,340.072251
581,340.084839
582,340.087927
583,340.081455
584,340.065107
585,340.03826
586,339.999962
587,339.948959
588,339.883906
589,339.80426
590,339.713503
591,339.630218
592,339.511341
593,338.510832
594,338.130207
595,337.951694
596,337.844702
597,337.767304
598,337.705191
599,337.65283
600,337.607621
601,337.568048
602,337.533073
603,337.501926
604,337.474007
605,337.448849
606,337.426088
607,337.405448
608,337.386728
609,337.369794
610,337.354585
611,337.341128
612,337.329595
613,337.320493
614,337.31528
615,337.318338
616,337.343413
617,337.434544
618,337.467848
619,337.474238
620,337.474094
621,337.47083
622,337.464566
623,337.455586
624,337.444154
625,337.430473
626,337.414672
627,337.396809
628,337.376877
629,337.354812
630,337.33053
631,337.304053
632,337.275936
633,337.248715
634,337.223739
635,337.195496
636,337.024145
637,336.950324
638,336.909967
639,336.886688
640,339.999388
641,340.037274
642,340.077517
643,340.110395
644,340.133641
645,340.146963
646,340.150423
647,340.143958
648,340.12724
649,340.099616
650,340.060095
651,340.007374
652,339.940076
653,339.857685
654,339.763888
655,339.677985
656,339.558473
657,338.550311
658,338.164781
659,337.982567
660,337.872627
661,337.792856
662,337.728828
663,337.674922
664,337.62846
665,337.587863
666,337.552042
667,337.520181
668,337.491648
669,337.465947
670,337.442688
671,337.421576
672,337.402391
673,337.384984
674,337.36928
675,337.355291
676,337.343175
677,337.333426
678,337.327478
679,337.32967
680,337.35361
681,337.442911
682,337.47578
683,337.481694
684,337.480857
685,337.476765
686,337.469666
687,337.459888
688,337.447712
689,337.433348
690,337.41693
691,337.39852
692,337.378115
693,337.355656
694,337.331061
695,337.304356
696,337.276094
697,337.2488
698,337.223805
699,337.195568
700,337.024296
701,336.950536
702,336.910221
703,336.88696
704,340.040345
705,340.079409
706,340.120963
707,340.154982
708,340.179118
709,340.193064
710,340.196882
711,340.190509
712,340.173607
713,340.145506
714,340.105191
715,340.051336
716,339.982551
717,339.898351
718,339.802572
719,339.714979
720,339.595055
721,338.581863
722,338.193107
723,338.008444
724,337.896526
725,337.815138
726,337.74979
727,337.694808
728,337.647468
729,337.60615
730,337.56973
731,337.537361
732,337.508386
733,337.482284
734,337.45865
735,337.437167
736,337.4176
737,337.399786
738,337.383633
739,337.369137
740,337.356442
741,337.346022
742,337.339285
743,337.340509
744,337.36315
745,337.450322
746,337.482682
747,337.488035
748,337.486391
749,337.481348
750,337.473304
751,337.462637
752,337.449649
753,337.434555
754,337.417492
755,337.398526
756,337.377661
757,337.35484
758,337.329992
759,337.303141
760,337.274836
761,337.247582
762,337.222667
763,337.194474
764,337.023574
765,336.950051
766,336.909889
767,336.886706
768,340.067555
769,340.107426
770,340.149897
771,340.184739
772,340.209547
773,340.224002
774,340.228164
775,340.22197
776,340.205077
777,340.176808
778,340.136136
779,340.081725
780,340.012183
781,339.927046
782,339.830235
783,339.74176
784,339.621619
785,338.605762
786,338.215286
787,338.029308
788,337.916319
789,337.834049
790,337.767977
791,337.712403
792,337.66458
793,337.622865
794,337.586113
795,337.55346
796,337.52423
797,337.497889
798,337.474015
799,337.452277
800,337.432426
801,337.414282
802,337.397738
803,337.382772
804,337.369508
805,337.358393
806,337.350797
807,337.350927
808,337.37205
809,337.456716
810,337.488472
811,337.493156
812,337.490561
813,337.484415
814,337.475297
815,337.463641
816,337.449764
817,337.433885
818,337.416143
819,337.396609
820,337.375289
821,337.352139
822,337.327094
823,337.300185
824,337.271958
825,337.244875
826,337.220166
827,337.192061
828,337.021863
829,336.948794
830,336.908933
831,336.885906
832,340.081575
833,340.12189
834,340.164892
835,340.200241
836,340.225502
837,340.240348
838,340.24484
839,340.238913
840,340.222224
841,340.194096
842,340.153502
843,340.099105
844,340.029512
845,339.944268
846,339.847308
847,339.758693
848,339.638514
849,338.622178
850,338.231386
851,338.045163
852,337.931976
853,337.849545
854,337.783346
855,337.727673
856,337.679773
857,337.637997
858,337.601196
859,337.568496
860,337.539216
861,337.512811
862,337.488849
863,337.466989
864,337.446965
865,337.428584
866,337.41172
867,337.396332
868,337.382516
869,337.370682
870,337.362138
871,337.360982
872,337.380266
873,337.461983
874,337.493039
875,337.496918
876,337.4932
877,337.485785
878,337.475461
879,337.462718
880,337.44788
881,337.431166
882,337.412714
883,337.392597
884,337.370829
885,337.347377
886,337.322189
887,337.295313
888,337.26729
889,337.240534
890,337.216186
891,337.188206
892,337.018941
893,336.94664
894,336.90731
895,336.884552
896,340.082552
897,340.122953
898,340.166098
899,340.201638
900,340.227133
901,340.242253
902,340.247057
903,340.241483
904,340.225192
905,340.197516
906,340.157434
907,340.103616
908,340.034674
909,339.950139
910,339.8539
911,339.76587
912,339.645828
913,338.631158
914,338.241429
915,338.056019
916,337.9435
917,337.86163
918,337.795902
919,337.740627
920,337.693064
921,337.651575
922,337.615016
923,337.58252
924,337.553405
925,337.527126
926,337.503244
927,337.481409
928,337.461343
929,337.442835
930,337.425741
931,337.409994
932,337.395655
933,337.383074
934,337.373446
935,337.370648
936,337.387411
937,337.465665
938,337.496193
939,337.499169
940,337.494177
941,337.485373
942,337.473769
943,337.459895
944,337.444074
945,337.426515
946,337.407351
947,337.386659
948,337.364459
949,337.340733
950,337.31545
951,337.288679
952,337.260974
953,337.234695
954,337.210857
955,337.182768
956,337.014034
957,336.943243
958,336.904936
959,336.882651
960,340.070203
961,340.110325
962,340.153222
963,340.188635
964,340.214142
965,340.229415
966,340.234513
967,340.229376
968,340.213676
969,340.186759
970,340.147622
971,340.094954
972,340.027376
973,339.944391
974,339.849777
975,339.763092
976,339.643371
977,338.632615
978,338.245391
979,338.061888
980,337.950925
981,337.870347
982,337.805698
983,337.751322
984,337.704512
985,337.663658
986,337.627639
987,337.595605
988,337.566885
989,337.540936
990,337.517319
991,337.495676
992,337.475716
993,337.457214
994,337.440001
995,337.423982
996,337.409167
997,337.395812
998,337.384871
999,337.379619
1000,337.391568
1001,337.463568
1002,337.497358
1003,337.499827
1004,337.493653
1005,337.48362
1006,337.47092
1007,337.456098
1008,337.43946
1009,337.421204
1010,337.401456
1011,337.380293
1012,337.357744
1013,337.333804
1014,337.308462
1015,337.281814
1016,337.254438
1017,337.228653
1018,337.205232
1019,337.171574
1020,337.003558
1021,336.937601
1022,336.901646
1023,336.880231
1024,340.043843
1025,340.083308
1026,340.125558
1027,340.160521
1028,340.185818
1029,340.201123
1030,340.206492
1031,340.201872
1032,340.186948
1033,340.16109
1034,340.123331
1035,340.072393
1036,340.006918
1037,339.92638
1038,339.834376
1039,339.749885
1040,339.63069
1041,338.62634
1042,338.243203
1043,338.06279
1044,337.954321
1045,337.875792
1046,337.812832
1047,337.759855
1048,337.714212
1049,337.674342
1050,337.639163
1051,337.607856
1052,337.579768
1053,337.554369
1054,337.53122
1055,337.509959
1056,337.490283
1057,337.471944
1058,337.454752
1059,337.438576
1060,337.423367
1061,337.409242
1062,337.396729
1063,337.38751
1064,337.386477
1065,337.406011
1066,337.464441
1067,337.485439
1068,337.479556
1069,337.469206
1070,337.45622
1071,337.441152
1072,337.424302
1073,337.405862
1074,337.385959
1075,337.36467
1076,337.342025
1077,337.318023
1078,337.292656
1079,337.266022
1080,337.238663
1081,337.212201
1082,337.176736
1083,337.050563
1084,336.97338
1085,336.928062
1086,336.897409
1087,336.877431
1088,340.002527
1089,340.040942
1090,340.082138
1091,340.11633
1092,340.141199
1093,340.156416
1094,340.162033
1095,340.157999
1096,340.144021
1097,340.119506
1098,340.083541
1099,340.03491
1100,339.972301
1101,339.895169
1102,339.806881
1103,339.72557
1104,339.607142
1105,338.612002
1106,338.234758
1107,338.058771
1108,337.953814
1109,337.878118
1110,337.817462
1111,337.766374
1112,337.722301
1113,337.683754
1114,337.649712
1115,337.619399
1116,337.592192
1117,337.56758
1118,337.545129
1119,337.524469
1120,337.505284
1121,337.487303
1122,337.470306
1123,337.454127
1124,337.438661
1125,337.423903
1126,337.410044
1127,337.397715
1128,337.388454
1129,337.385017
1130,337.388499
1131,337.384658
1132,337.373316
1133,337.35874
1134,337.342159
1135,337.323983
1136,337.304425
1137,337.283635
1138,337.26173
1139,337.238798
1140,337.214897
1141,337.190058
1142,337.164297
1143,337.137637
1144,337.110089
1145,337.081198
1146,337.046984
1147,336.99635
1148,336.953692
1149,336.920223
1150,336.893441
1151,336.874662
1152,339.945614
1153,339.982582
1154,340.022335
1155,340.055459
1156,340.0797
1157,340.09472
1158,340.100555
1159,340.097159
1160,340.084264
1161,340.061331
1162,340.027522
1163,339.981718
1164,339.922702
1165,339.849951
1166,339.766582
1167,339.689606
1168,339.572213
1169,338.589071
1170,338.219844
1171,338.049892
1172,337.949598
1173,337.877557
1174,337.81981
1175,337.771081
1176,337.728955
1177,337.692054
1178,337.659437
1179,337.630385
1180,337.604321
1181,337.580755
1182,337.559263
1183,337.539467
1184,337.521027
1185,337.503643
1186,337.487061
1187,337.471076
1188,337.45554
1189,337.440363
1190,337.425549
1191,337.411246
1192,337.397814
1193,337.385709
1194,337.374565
1195,337.36143
1196,337.345716
1197,337.328111
1198,337.309001
1199,337.288589
1200,337.267026
1201,337.244457
1202,337.221008
1203,337.196785
1204,337.171868
1205,337.146308
1206,337.12014
1207,337.093381
1208,337.066004
1209,337.037767
1210,337.007714
1211,336.974621
1212,336.943215
1213,336.914882
1214,336.8902
1215,336.872184
1216,339.874772
1217,339.909957
1218,339.947969
1219,339.979818
1220,340.003294
1221,340.018035
1222,340.024053
1223,340.021304
1224,340.00955
1225,339.988316
1226,339.956863
1227,339.914206
1228,339.859279
1229,339.791666
1230,339.714281
1231,339.642807
1232,339.526426
1233,338.555955
1234,338.19775
1235,338.03615
1236,337.941943
1237,337.874431
1238,337.820177
1239,337.77423
1240,337.734392
1241,337.699429
1242,337.668507
1243,337.640985
1244,337.616339
1245,337.594113
1246,337.573896
1247,337.555296
1248,337.537936
1249,337.52146
1250,337.505571
1251,337.490029
1252,337.474649
1253,337.459294
1254,337.443878
1255,337.428366
1256,337.412768
1257,337.39706
1258,337.380964
1259,337.363741
1260,337.345085
1261,337.325044
1262,337.303721
1263,337.281231
1264,337.257723
1265,337.233374
1266,337.208352
1267,337.182792
1268,337.156792
1269,337.130421
1270,337.103724
1271,337.076732
1272,337.049454
1273,337.021853
1274,336.993798
1275,336.965326
1276,336.937566
1277,336.91131
1278,336.887663
1279,336.870084
1280,339.800827
1281,339.834199
1282,339.870524
1283,339.901161
1284,339.92391
1285,339.938367
1286,339.944517
1287,339.942316
1288,339.931555
1289,339.91182
1290,339.88247
1291,339.842664
1292,339.79152
1293,339.7288
1294,339.657343
1295,339.591533
1296,339.468219
1297,338.504583
1298,338.165825
1299,338.017255
1300,337.931197
1301,337.869174
1302,337.818939
1303,337.776129
1304,337.738857
1305,337.706084
1306,337.677105
1307,337.651379
1308,337.628453
1309,337.607923
1310,337.589402
1311,337.572483
1312,337.556704
1313,337.541583
1314,337.526759
1315,337.511969
1316,337.497013
1317,337.481732
1318,337.466007
1319,337.449742
1320,337.432857
1321,337.41525
1322,337.396752
1323,337.377111
1324,337.356175
1325,337.333913
1326,337.31036
1327,337.285616
1328,337.25987
1329,337.233427
1330,337.206552
1331,337.179419
1332,337.152137
1333,337.124773
1334,337.097369
1335,337.069953
1336,337.042549
1337,337.015178
1338,336.987875
1339,336.960769
1340,336.934251
1341,336.908843
1342,336.885698
1343,336.868363
1344,339.706055
1345,339.737912
1346,339.772926
1347,339.802645
1348,339.824845
1349,339.839078
1350,339.845307
1351,339.843485
1352,339.833426
1353,339.814761
1354,339.78693
1355,339.749205
1356,339.700862
1357,339.641797
1358,339.574442
1359,339.508979
1360,339.200792
1361,338.395002
1362,338.117172
1363,337.992725
1364,337.917909
1365,337.862362
1366,337.816558
1367,337.777128
1368,337.74262
1369,337.712231
1370,337.685417
1371,337.661756
1372,337.6409
1373,337.622547
1374,337.606391
1375,337.592032
1376,337.578803
1377,337.56579
1378,337.552573
1379,337.53894
1380,337.524724
1381,337.509786
1382,337.494005
1383,337.47728
1384,337.459515
1385,337.440611
1386,337.420448
1387,337.398902
1388,337.375879
1389,337.351337
1390,337.325268
1391,337.297713
1392,337.268907
1393,337.239594
1394,337.210274
1395,337.181147
1396,337.152277
1397,337.123679
1398,337.09536
1399,337.067318
1400,337.039559
1401,337.012096
1402,336.984964
1403,336.958252
1404,336.93216
1405,336.907098
1406,336.884193
1407,336.866989
1408,339.426733
1409,339.457256
1410,339.491076
1411,339.519942
1412,339.541621
1413,339.555634
1414,339.561925
1415,339.560447
1416,339.551032
1417,339.533357
1418,339.506929
1419,339.471116
1420,339.425288
1421,339.369128
1422,339.301613
1423,339.191752
1424,338.547075
1425,338.213687
1426,338.054003
1427,337.964683
1428,337.903357
1429,337.854788
1430,337.81356
1431,337.777597
1432,337.745949
1433,337.718075
1434,337.693612
1435,337.672298
1436,337.653964
1437,337.63855
1438,337.626072
1439,337.616353
1440,337.6082
1441,337.598849
1442,337.588117
1443,337.57619
1444,337.563105
1445,337.548805
1446,337.533211
1447,337.516242
1448,337.497816
1449,337.477843
1450,337.456229
1451,337.432875
1452,337.407691
1453,337.380577
1454,337.351344
1455,337.319623
1456,337.285347
1457,337.251127
1458,337.218067
1459,337.186194
1460,337.155286
1461,337.125158
1462,337.095697
1463,337.066834
1464,337.038524
1465,337.010742
1466,336.983488
1467,336.956802
1468,336.930807
1469,336.90586
1470,336.883055
1471,336.865917
1472,338.590485
1473,338.616447
1474,338.64563
1475,338.670997
1476,338.690486
1477,338.703558
1478,338.710095
1479,338.710052
1480,338.703347
1481,338.68983
1482,338.669282
1483,338.641416
1484,338.605833
1485,338.561609
1486,338.504796
1487,338.416558
1488,338.230525
1489,338.092865
1490,338.002944
1491,337.939498
1492,337.889581
1493,337.847378
1494,337.810492
1495,337.777896
1496,337.74909
1497,337.723788
1498,337.701828
1499,337.683171
1500,337.667999
1501,337.656911
1502,337.651135
1503,337.652001
1504,337.657427
1505,337.655331
1506,337.648553
1507,337.63911
1508,337.627663
1509,337.614363
1510,337.599217
1511,337.58219
1512,337.563229
1513,337.542258
1514,337.519185
1515,337.4939
1516,337.46627
1517,337.436046
1518,337.402482
1519,337.363363
1520,337.315228
1521,337.270038
1522,337.23011
1523,337.194043
1524,337.16041
1525,337.128383
1526,337.097546
1527,337.067681
1528,337.038658
1529,337.010397
1530,336.982848
1531,336.956005
1532,336.929947
1533,336.904991
1534,336.882203
1535,336.865087
1536,338.284268
1537,338.307698
1538,338.334225
1539,338.357537
1540,338.375718
1541,338.388218
1542,338.394896
1543,338.395711
1544,338.390629
1545,338.379601
1546,338.36256
1547,338.339424
1548,338.310065
1549,338.274083
1550,338.229931
1551,338.172789
1552,338.095307
1553,338.02513
1554,337.967539
1555,337.919455
1556,337.877795
1557,337.840844
1558,337.807808
1559,337.778328
1560,337.752241
1561,337.729491
1562,337.71014
1563,337.694484
1564,337.683406
1565,337.679239
1566,337.687382
1567,337.717102
1568,337.770002
1569,337.782434
1570,337.781588
1571,337.775706
1572,337.766662
1573,337.754898
1574,337.740548
1575,337.723657
1576,337.704215
1577,337.68216
1578,337.657387
1579,337.629752
1580,337.599063
1581,337.564928
1582,337.525689
1583,337.473127
1584,337.377377
1585,337.302181
1586,337.247706
1587,337.204647
1588,337.167246
1589,337.132879
1590,337.100432
1591,337.069409
1592,337.039549
1593,337.010694
1594,336.982739
1595,336.955635
1596,336.92942
1597,336.90438
1598,336.881558
1599,336.864438
1600,338.153219
1601,338.174917
1602,338.199624
1603,338.221513
1604,338.23878
1605,338.250879
1606,338.257657
1607,338.259078
1608,338.255143
1609,338.245865
1610,338.231273
1611,338.211426
1612,338.186407
1613,338.15627
1614,338.12086
1615,338.079629
1616,338.032769
1617,337.98653
1618,337.943642
1619,337.904379
1620,337.868442
1621,337.835618
1622,337.805837
1623,337.779117
1624,337.755534
1625,337.735233
1626,337.718524
1627,337.706183
1628,337.700354
1629,337.707243
1630,337.744407
1631,337.855876
1632,338.108765
1633,338.135099
1634,338.140223
1635,338.139577
1636,338.134514
1637,338.125409
1638,338.112532
1639,338.096054
1640,338.076045
1641,338.052461
1642,338.025162
1643,337.993933
1644,337.95858
1645,337.919153
1646,337.875736
1647,337.815894
1648,337.520151
1649,337.35817
1650,337.272561
1651,337.217903
1652,337.175396
1653,337.138236
1654,337.103983
1655,337.071688
1656,337.040905
1657,337.011382
1658,336.982954
1659,336.955524
1660,336.929097
1661,336.903929
1662,336.881041
1663,336.863898
1664,338.086717
1665,338.107178
1666,338.130582
1667,338.151449
1668,338.168056
1669,338.179865
1670,338.18672
1671,338.188592
1672,338.185503
1673,338.177507
1674,338.164696
1675,338.147214
1676,338.125267
1677,338.099131
1678,338.069139
1679,338.035722
1680,337.999755
1681,337.963249
1682,337.927628
1683,337.893622
1684,337.861631
1685,337.831939
1686,337.804788
1687,337.780405
1688,337.759029
1689,337.74098
1690,337.726821
1691,337.71788
1692,337.717977
1693,337.73936
1694,337.823973
1695,338.123281
1696,338.24502
1697,338.254514
1698,338.259843
1699,338.260429
1700,338.256334
1701,338.247874
1702,338.235356
1703,338.218991
1704,338.198865
1705,338.17494
1706,338.147063
1707,338.114996
1708,338.078522
1709,338.037818
1710,337.994603
1711,337.955425
1712,337.815962
1713,337.441643
1714,337.303053
1715,337.232684
1716,337.184185
1717,337.143992
1718,337.107843
1719,337.074224
1720,337.04248
1721,337.012254
1722,336.983318
1723,336.955531
1724,336.928863
1725,336.903543
1726,336.880572
1727,336.863398
1728,338.049677
1729,338.069304
1730,338.091828
1731,338.112
1732,338.128159
1733,338.139774
1734,338.146689
1735,338.14888
1736,338.146382
1737,338.139278
1738,338.127695
1739,338.111825
1740,338.091934
1741,338.068381
1742,338.041634
1743,338.012287
1744,337.981137
1745,337.949235
1746,337.917519
1747,337.88671
1748,337.857364
1749,337.829927
1750,337.804776
1751,337.782255
1752,337.762722
1753,337.746632
1754,337.734754
1755,337.728842
1756,337.733809
1757,337.765099
1758,337.87393
1759,338.234465
1760,338.282859
1761,338.292676
1762,338.299756
1763,338.301828
1764,338.298799
1765,338.291042
1766,338.278926
1767,338.262703
1768,338.24248
1769,338.218222
1770,338.189762
1771,338.156826
1772,338.119147
1773,338.076856
1774,338.031874
1775,337.992652
1776,337.937056
1777,337.492782
1778,337.327116
1779,337.246047
1780,337.192606
1781,337.14963
1782,337.111658
1783,337.076744
1784,337.04405
1785,337.013125
1786,336.983679
1787,336.955529
1788,336.928612
1789,336.903134
1790,336.880075
1791,336.862868
1792,338.030651
1793,338.049811
1794,338.071841
1795,338.091624
1796,338.107532
1797,338.119044
1798,338.126001
1799,338.128384
1800,338.126236
1801,338.119654
1802,338.108784
1803,338.093841
1804,338.075117
1805,338.052999
1806,338.02798
1807,338.000664
1808,337.971765
1809,337.942084
1810,337.912393
1811,337.883377
1812,337.855621
1813,337.829629
1814,337.805841
1815,337.784673
1816,337.766561
1817,337.752057
1818,337.742077
1819,337.738619
1820,337.747074
1821,337.783743
1822,337.90032
1823,338.262924
1824,338.308457
1825,338.320651
1826,338.330172
1827,338.334192
1828,338.332579
1829,338.325772
1830,338.314211
1831,338.298195
1832,338.277855
1833,338.253162
1834,338.223928
1835,338.189839
1836,338.150564
1837,338.106174
1838,338.058634
1839,338.016969
1840,337.964561
1841,337.517887
1842,337.343763
1843,337.256997
1844,337.200023
1845,337.154721
1846,337.11511
1847,337.078997
1848,337.045413
1849,337.013827
1850,336.983898
1851,336.955401
1852,336.928247
1853,336.902618
1854,336.879477
1855,336.86224
1856,338.025896
1857,338.044938
1858,338.066845
1859,338.086533
1860,338.102385
1861,338.113879
1862,338.12086
1863,338.123308
1864,338.12127
1865,338.114845
1866,338.104188
1867,338.089518
1868,338.071135
1869,338.049434
1870,338.024913
1871,337.998176
1872,337.96992
1873,337.940901
1874,337.911862
1875,337.883484
1876,337.856367
1877,337.831038
1878,337.80797
1879,337.787617
1880,337.770462
1881,337.757122
1882,337.7486
1883,337.747026
1884,337.757998
1885,337.798084
1886,337.919102
1887,338.286724
1888,338.332668
1889,338.347119
1890,338.359054
1891,338.365078
1892,338.364964
1893,338.359186
1894,338.348235
1895,338.332451
1896,338.311991
1897,338.286827
1898,338.256754
1899,338.221422
1900,338.180451
1901,338.133882
1902,338.083779
1903,338.039747
1904,337.986914
1905,337.534942
1906,337.356086
1907,337.265719
1908,337.206146
1909,337.15895
1910,337.117934
1911,337.080767
1912,337.04639
1913,337.014213
1914,336.983849
1915,336.955044
1916,336.927679
1917,336.90192
1918,336.878711
1919,336.861453
1920,338.034592
1921,338.053862
1922,338.076013
1923,338.095899
1924,338.111885
1925,338.123449
1926,338.130434
1927,338.13282
1928,338.130652
1929,338.124023
1930,338.11308
1931,338.098036
1932,338.079184
1933,338.056914
1934,338.031729
1935,338.004247
1936,337.975212
1937,337.945461
1938,337.915807
1939,337.886967
1940,337.859557
1941,337.83411
1942,337.811106
1943,337.791008
1944,337.77432
1945,337.761689
1946,337.754162
1947,337.753936
1948,337.766704
1949,337.809164
1950,337.93336
1951,338.305751
1952,338.352109
1953,338.368294
1954,338.382162
1955,338.389849
1956,338.391014
1957,338.38613
1958,338.375718
1959,338.360143
1960,338.339578
1961,338.313998
1962,338.283185
1963,338.246765
1964,338.204334
1965,338.155933
1966,338.103745
1967,338.057864
1968,338.00459
1969,337.547523
1970,337.365249
1971,337.272314
1972,337.21078
1973,337.162082
1974,337.119916
1975,337.081869
1976,337.046827
1977,337.014152
1978,336.983426
1979,336.954364
1980,336.92683
1981,336.90097
1982,336.877716
1983,336.860451
1984,338.057849
1985,338.077699
1986,338.100466
1987,338.120846
1988,338.13716
1989,338.148879
1990,338.155849
1991,338.158046
1992,338.155507
1993,338.148309
1994,338.136578
1995,338.120501
1996,338.100344
1997,338.07647
1998,338.049357
1999,338.019628
2000,337.988132
2001,337.956019
2002,337.924321
2003,337.893824
2004,337.865138
2005,337.838764
2006,337.81515
2007,337.794735
2008,337.77801
2009,337.765619
2010,337.758619
2011,337.75923
2012,337.773182
2013,337.817248
2014,337.943666
2015,338.31959
2016,338.366244
2017,338.383655
2018,338.39893
2019,338.40786
2020,338.410003
2021,338.405815
2022,338.395825
2023,338.380414
2024,338.359764
2025,338.33385
2026,338.302447
2027,338.265169
2028,338.221602
2029,338.171806
2030,338.118069
2031,338.070849
2032,338.017252
2033,337.5563
2034,337.371544
2035,337.276757
2036,337.213775
2037,337.163941
2038,337.120888
2039,337.082158
2040,337.046597
2041,337.013538
2042,336.982536
2043,336.953285
2044,336.925632
2045,336.89971
2046,336.876438
2047,336.859183
2048,338.099916
2049,338.120718
2050,338.144491
2051,338.165668
2052,338.182507
2053,338.194471
2054,338.201407
2055,338.203288
2056,338.200136
2057,338.191999
2058,338.178963
2059,338.161161
2060,338.138793
2061,338.112131
2062,338.08151
2063,338.047366
2064,338.010619
2065,337.973553
2066,337.937782
2067,337.904128
2068,337.873046
2069,337.844881
2070,337.819964
2071,337.798654
2072,337.781387
2073,337.768769
2074,337.761836
2075,337.762797
2076,337.777385
2077,337.822402
2078,337.950209
2079,338.328408
2080,338.375251
2081,338.393457
2082,338.409662
2083,338.419432
2084,338.422246
2085,338.418542
2086,338.408847
2087,338.39355
2088,338.372833
2089,338.346674
2090,338.314844
2091,338.276951
2092,338.23258
2093,338.181812
2094,338.127015
2095,338.078895
2096,338.02508
2097,337.561481
2098,337.375042
2099,337.278997
2100,337.215021
2101,337.164397
2102,337.120725
2103,337.081519
2104,337.045602
2105,337.012285
2106,336.981104
2107,336.95174
2108,336.924028
2109,336.89809
2110,336.874834
2111,336.857609
2112,338.173498
2113,338.195659
2114,338.220863
2115,338.243164
2116,338.260736
2117,338.273037
2118,338.27992
2119,338.281354
2120,338.277337
2121,338.267874
2122,338.252981
2123,338.232697
2124,338.207088
2125,338.176187
2126,338.139795
2127,338.097228
2128,338.048463
2129,338.000713
2130,337.957149
2131,337.918091
2132,337.883206
2133,337.852292
2134,337.825359
2135,337.802583
2136,337.784282
2137,337.770986
2138,337.763678
2139,337.764531
2140,337.779252
2141,337.82464
2142,337.9531
2143,338.332456
2144,338.379396
2145,338.398032
2146,338.414749
2147,338.424989
2148,338.428185
2149,338.424757
2150,338.41523
2151,338.399992
2152,338.379228
2153,338.352913
2154,338.320818
2155,338.282549
2156,338.237692
2157,338.186343
2158,338.130919
2159,338.082273
2160,338.028331
2161,337.563188
2162,337.375769
2163,337.278993
2164,337.21444
2165,337.163361
2166,337.119338
2167,337.07987
2168,337.043766
2169,337.010325
2170,336.979072
2171,336.949681
2172,336.921975
2173,336.896071
2174,336.872868
2175,336.855695
2176,338.317371
2177,338.341392
2178,338.368539
2179,338.392355
2180,338.410905
2181,338.423648
2182,338.430455
2183,338.431288
2184,338.426113
2185,338.414866
2186,338.39746
2187,338.373785
2188,338.343679
2189,338.306705
2190,338.261215
2191,338.201769
2192,338.118716
2193,338.044216
2194,337.984533
2195,337.936141
2196,337.895514
2197,337.860756
2198,337.831085
2199,337.806294
2200,337.786498
2201,337.772104
2202,337.764009
2203,337.764326
2204,337.778716
2205,337.823944
2206,337.952396
2207,338.331908
2208,338.378865
2209,338.397606
2210,338.414458
2211,338.424827
2212,338.428131
2213,338.424779
2214,338.415294
2215,338.400063
2216,338.379269
2217,338.352887
2218,338.320686
2219,338.282271
2220,338.237229
2221,338.185664
2222,338.13001
2223,338.081172
2224,338.027185
2225,337.561496
2226,337.373738
2227,337.276719
2228,337.211985
2229,337.160776
2230,337.116668
2231,337.077154
2232,337.041037
2233,337.007612
2234,336.9764
2235,336.947069
2236,336.91944
2237,336.893624
2238,336.870512
2239,336.853415
2240,338.653728
2241,338.680412
2242,338.710319
2243,338.736258
2244,338.756159
2245,338.769505
2246,338.776192
2247,338.776183
2248,338.769391
2249,338.755652
2250,338.734718
2251,338.706262
2252,338.669849
2253,338.624575
2254,338.566644
2255,338.476234
2256,338.270152
2257,338.119366
2258,338.023787
2259,337.95886
2260,337.90975
2261,337.869919
2262,337.83681
2263,337.809509
2264,337.787809
2265,337.77194
2266,337.762683
2267,337.762069
2268,337.775695
2269,337.820267
2270,337.94809
2271,338.326817
2272,338.373715
2273,338.392255
2274,338.408884
2275,338.419056
2276,338.422201
2277,338.418731
2278,338.409166
2279,338.393889
2280,338.373083
2281,338.346721
2282,338.31457
2283,338.276236
2284,338.231305
2285,338.179876
2286,338.124372
2287,338.075662
2288,338.021708
2289,337.556426
2290,337.368944
2291,337.272153
2292,337.207625
2293,337.156608
2294,337.11268
2295,337.073337
2296,337.037385
2297,337.004119
2298,336.973062
2299,336.943882
2300,336.916401
2301,336.890729
2302,336.86775
2303,336.850754
2304,339.574586
2305,339.605976
2306,339.640564
2307,339.670006
2308,339.692097
2309,339.706394
2310,339.712861
2311,339.711458
2312,339.702016
2313,339.684193
2314,339.657467
2315,339.621158
2316,339.574593
2317,339.517632
2318,339.451324
2319,339.356569
2320,338.625428
2321,338.25209
2322,338.078997
2323,337.986214
2324,337.925318
2325,337.879233
2326,337.842102
2327,337.811897
2328,337.787962
2329,337.770299
2330,337.759549
2331,337.757641
2332,337.770093
2333,337.813526
2334,337.940106
2335,338.317109
2336,338.363871
2337,338.381903
2338,338.397946
2339,338.407592
2340,338.410312
2341,338.40653
2342,338.396762
2343,338.381389
2344,338.360589
2345,338.334333
2346,338.30239
2347,338.264365
2348,338.219842
2349,338.168906
2350,338.113938
2351,338.065683
2352,338.011841
2353,337.547937
2354,337.361358
2355,337.265275
2356,337.201345
2357,337.150843
2358,337.107363
2359,337.068409
2360,337.032799
2361,336.999834
2362,336.969047
2363,336.94011
2364,336.91285
2365,336.887377
2366,336.864573
2367,336.847703
2368,339.737721
2369,339.769836
2370,339.805047
2371,339.834931
2372,339.857293
2373,339.871704
2374,339.878141
2375,339.876563
2376,339.866791
2377,339.848462
2378,339.821016
2379,339.783723
2380,339.735855
2381,339.677321
2382,339.610866
2383,339.54914
2384,339.355887
2385,338.44584
2386,338.14468
2387,338.015276
2388,337.940781
2389,337.887883
2390,337.846435
2391,337.813089
2392,337.786688
2393,337.766983
2394,337.754458
2395,337.750925
2396,337.761805
2397,337.803611
2398,337.928307
2399,338.302589
2400,338.349135
2401,338.366323
2402,338.381393
2403,338.390168
2404,338.392189
2405,338.387894
2406,338.377801
2407,338.36228
2408,338.341504
2409,338.315442
2410,338.283866
2411,338.246383
2412,338.202577
2413,338.152512
2414,338.098497
2415,338.051052
2416,337.997409
2417,337.535937
2418,337.350933
2419,337.256068
2420,337.193146
2421,337.143491
2422,337.100727
2423,337.062381
2424,337.027287
2425,336.994765
2426,336.96436
2427,336.935756
2428,336.908787
2429,336.88357
2430,336.860981
2431,336.844262
2432,339.820831
2433,339.854719
2434,339.891529
2435,339.922547
2436,339.945591
2437,339.960278
2438,339.966612
2439,339.964555
2440,339.953901
2441,339.934228
2442,339.904878
2443,339.864981
2444,339.81361
2445,339.750466
2446,339.678355
2447,339.611838
2448,339.493492
2449,338.531847
2450,338.188598
2451,338.03876
2452,337.953919
2453,337.89489
2454,337.849235
2455,337.812703
2456,337.783721
2457,337.761805
2458,337.747275
2459,337.741814
2460,337.750727
2461,337.790392
2462,337.91251
2463,338.282983
2464,338.329218
2465,338.34518
2466,338.358845
2467,338.366373
2468,338.367406
2469,338.362398
2470,338.351855
2471,338.336135
2472,338.315402
2473,338.289623
2474,338.258573
2475,338.221871
2476,338.179105
2477,338.130319
2478,338.077722
2479,338.031498
2480,337.978152
2481,337.52028
2482,337.337604
2483,337.244522
2484,337.183047
2485,337.134586
2486,337.092811
2487,337.055287
2488,337.020879
2489,336.988936
2490,336.95902
2491,336.930835
2492,336.904226
2493,336.879317
2494,336.856982
2495,336.840439
2496,339.895968
2497,339.931707
2498,339.970275
2499,340.002566
2500,340.026374
2501,340.041355
2502,340.047537
2503,340.044885
2504,340.03316
2505,340.011875
2506,339.980272
2507,339.937329
2508,339.881941
2509,339.813643
2510,339.735357
2511,339.662982
2512,339.546628
2513,338.5761
2514,338.217168
2515,338.056044
2516,337.963744
2517,337.899528
2518,337.850001
2519,337.810392
2520,337.778825
2521,337.754608
2522,337.737898
2523,337.730231
2524,337.736765
2525,337.773712
2526,337.892487
2527,338.258069
2528,338.303891
2529,338.318172
2530,338.329948
2531,338.335834
2532,338.335588
2533,338.32967
2534,338.318562
2535,338.302598
2536,338.281927
2537,338.256513
2538,338.226142
2539,338.190453
2540,338.149052
2541,338.101976
2542,338.051313
2543,338.006792
2544,337.953855
2545,337.500765
2546,337.321271
2547,337.230631
2548,337.171096
2549,337.124193
2550,337.083678
2551,337.047184
2552,337.013625
2553,336.982386
2554,336.953061
2555,336.925374
2556,336.899189
2557,336.874637
2558,336.852593
2559,336.836248
2560,339.962279
2561,339.999688
2562,340.039898
2563,340.073397
2564,340.097924
2565,340.113153
2566,340.119136
2567,340.115833
2568,340.102976
2569,340.080019
2570,340.046109
2571,340.000102
2572,339.940758
2573,339.867539
2574,339.783589
2575,339.706081
2576,339.588622
2577,338.605287
2578,338.236459
2579,338.067793
2580,337.969843
2581,337.901302
2582,337.848336
2583,337.805872
2584,337.771811
2585,337.74528
2586,337.726268
2587,337.716132
2588,337.719817
2589,337.753294
2590,337.867815
2591,338.228136
2592,338.273495
2593,338.285592
2594,338.294994
2595,338.298879
2596,338.297112
2597,338.290131
2598,338.278374
2599,338.262135
2600,338.241542
2601,338.216556
2602,338.186981
2603,338.152488
2604,338.112726
2605,338.067748
2606,338.019532
2607,337.977242
2608,337.924768
2609,337.476923
2610,337.301676
2611,337.21437
2612,337.15737
2613,337.112415
2614,337.07343
2615,337.03816
2616,337.005595
2617,336.975175
2618,336.946529
2619,336.919412
2620,336.893706
2621,336.869555
2622,336.847836
2623,336.831709
2624,340.013418
2625,340.052123
2626,340.093628
2627,340.12808
2628,340.153154
2629,340.168533
2630,340.174278
2631,340.170347
2632,340.156447
2633,340.131983
2634,340.096033
2635,340.04737
2636,339.984674
2637,339.9074
2638,339.818941
2639,339.737499
2640,339.619094
2641,338.624623
2642,338.248478
2643,338.074271
2644,337.971945
2645,337.899861
2646,337.843947
2647,337.798934
2648,337.762554
2649,337.733771
2650,337.71239
2651,337.699516
2652,337.699691
2653,337.728299
2654,337.836572
2655,338.194403
2656,338.2407
2657,338.250298
2658,338.2571
2659,338.258876
2660,338.255551
2661,338.247505
2662,338.235106
2663,338.218602
2664,338.198093
2665,338.17354
2666,338.144765
2667,338.111485
2668,338.07341
2669,338.030648
2670,337.985115
2671,337.945374
2672,337.891829
2673,337.446499
2674,337.277891
2675,337.195585
2676,337.14197
2677,337.099401
2678,337.062202
2679,337.028326
2680,336.996881
2681,336.967373
2682,336.939483
2683,336.912995
2684,336.887817
2685,336.864106
2686,336.84274
2687,336.826851
2688,340.048896
2689,340.088494
2690,340.130888
2691,340.165977
2692,340.191384
2693,340.206792
2694,340.212267
2695,340.207762
2696,340.192965
2697,340.167248
2698,340.129641
2699,340.078865
2700,340.013562
2701,339.933209
2702,339.841415
2703,339.757133
2704,339.638041
2705,338.635262
2706,338.253775
2707,338.075497
2708,337.969848
2709,337.894968
2710,337.836635
2711,337.789443
2712,337.750992
2713,337.720094
2714,337.696343
2715,337.680448
2716,337.676027
2717,337.696207
2718,337.788058
2719,338.128363
2720,338.204965
2721,338.212462
2722,338.216858
2723,338.216731
2724,338.212039
2725,338.203074
2726,338.190131
2727,338.173407
2728,338.152978
2729,338.128802
2730,338.100724
2731,338.068502
2732,338.031917
2733,337.991156
2734,337.948085
2735,337.9104
2736,337.822163
2737,337.397275
2738,337.247069
2739,337.173917
2740,337.125045
2741,337.085358
2742,337.05017
2743,337.017822
2744,336.987589
2745,336.959067
2746,336.93199
2747,336.906179
2748,336.881567
2749,336.858328
2750,336.837341
2751,336.821704
2752,340.069557
2753,340.109655
2754,340.152526
2755,340.187922
2756,340.213434
2757,340.228744
2758,340.23392
2759,340.228909
2760,340.213388
2761,340.186706
2762,340.147864
2763,340.095552
2764,340.028395
2765,339.945901
2766,339.851829
2767,339.765639
2768,339.646086
2769,338.637673
2770,338.252546
2771,338.071446
2772,337.963428
2773,337.886482
2774,337.826284
2775,337.777336
2776,337.737129
2777,337.704337
2778,337.67832
2779,337.659233
2780,337.648966
2781,337.654194
2782,337.694951
2783,337.823091
2784,338.120039
2785,338.140626
2786,338.144835
2787,338.144034
2788,338.138826
2789,338.129515
2790,338.116369
2791,338.099567
2792,338.079177
2793,338.055155
2794,338.027354
2795,337.995546
2796,337.959529
2797,337.91945
2798,337.876355
2799,337.823015
2800,337.480729
2801,337.298444
2802,337.206071
2803,337.149558
2804,337.106999
2805,337.070587
2806,337.037551
2807,337.006807
2808,336.977841
2809,336.95035
2810,336.924124
2811,336.899024
2812,336.875008
2813,336.852264
2814,336.831674
2815,336.816303
2816,340.076266
2817,340.116483
2818,340.159426
2819,340.1948
2820,340.220188
2821,340.235273
2822,340.240123
2823,340.234684
2824,340.218624
2825,340.191278
2826,340.151632
2827,340.098361
2828,340.030081
2829,339.946318
2830,339.850923
2831,339.763636
2832,339.643818
2833,338.632156
2834,338.244903
2835,338.062114
2836,337.952624
2837,337.874332
2838,337.812848
2839,337.762606
2840,337.721016
2841,337.686641
2842,337.658637
2843,337.636692
2844,337.621337
2845,337.614913
2846,337.623475
2847,337.65783
2848,337.719917
2849,337.733057
2850,337.732159
2851,337.726148
2852,337.71689
2853,337.70481
2854,337.690042
2855,337.672637
2856,337.65259
2857,337.629853
2858,337.604327
2859,337.575875
2860,337.544315
2861,337.509279
2862,337.469152
2863,337.415057
2864,337.308569
2865,337.22668
2866,337.169445
2867,337.125744
2868,337.088788
2869,337.055502
2870,337.024586
2871,336.995447
2872,336.967762
2873,336.941319
2874,336.915964
2875,336.891593
2876,336.86819
2877,336.845959
2878,336.82578
2879,336.810686
2880,340.069549
2881,340.109515
2882,340.152131
2883,340.187156
2884,340.212191
2885,340.226923
2886,340.231424
2887,340.225638
2888,340.209229
2889,340.181528
2890,340.141514
2891,340.087854
2892,340.019161
2893,339.934963
2894,339.839134
2895,339.751497
2896,339.631595
2897,338.618884
2898,338.230915
2899,338.047511
2900,337.937422
2901,337.858504
2902,337.796328
2903,337.745288
2904,337.702737
2905,337.667158
2906,337.63757
2907,337.613364
2908,337.594333
2909,337.58087
2910,337.574198
2911,337.57574
2912,337.58292
2913,337.581206
2914,337.574383
2915,337.564744
2916,337.552981
2917,337.539237
2918,337.523514
2919,337.505786
2920,337.48601
2921,337.464131
2922,337.440082
2923,337.413782
2924,337.385123
2925,337.353873
2926,337.319244
2927,337.278693
2928,337.2276
2929,337.180325
2930,337.139603
2931,337.103737
2932,337.071014
2933,337.040438
2934,337.011495
2935,336.983901
2936,336.957471
2937,336.932069
2938,336.907585
2939,336.88395
2940,336.861168
2941,336.839459
2942,336.819701
2943,336.804889
2944,340.049502
2945,340.08885
2946,340.130741
2947,340.16509
2948,340.189541
2949,340.203796
2950,340.207926
2951,340.201876
2952,340.185312
2953,340.157567
2954,340.117622
2955,340.064147
2956,339.995749
2957,339.911943
2958,339.816557
2959,339.729303
2960,339.609492
2961,338.597896
2962,338.210603
2963,338.027649
2964,337.917835
2965,337.839021
2966,337.776768
2967,337.725448
2968,337.682389
2969,337.646026
2970,337.615303
2971,337.589457
2972,337.567955
2973,337.550479
2974,337.53687
2975,337.526787
2976,337.518724
2977,337.509324
2978,337.498413
2979,337.486186
2980,337.472663
2981,337.457765
2982,337.441404
2983,337.423503
2984,337.403996
2985,337.382828
2986,337.359949
2987,337.335319
2988,337.308905
2989,337.280649
2990,337.250377
2991,337.217671
2992,337.182369
2993,337.147584
2994,337.11462
2995,337.083488
2996,337.053898
2997,337.025605
2998,336.998445
2999,336.972301
3000,336.947076
3001,336.922686
3002,336.89906
3003,336.876154
3004,336.853994
3005,336.83281
3006,336.813477
3007,336.798953
3008,340.015786
3009,340.054139
3010,340.094902
3011,340.128245
3012,340.151884
3013,340.165535
3014,340.169272
3015,340.163044
3016,340.14652
3017,340.119045
3018,340.079612
3019,340.026904
3020,339.959527
3021,339.876967
3022,339.782942
3023,339.696839
3024,339.577306
3025,338.569092
3026,338.18393
3027,338.002535
3028,337.893902
3029,337.815944
3030,337.754243
3031,337.70318
3032,337.66008
3033,337.62337
3034,337.591961
3035,337.565032
3036,337.541932
3037,337.522121
3038,337.50511
3039,337.490328
3040,337.476914
3041,337.463732
3042,337.450268
3043,337.436248
3044,337.421465
3045,337.405746
3046,337.388956
3047,337.370992
3048,337.351777
3049,337.331254
3050,337.309387
3051,337.286159
3052,337.261576
3053,337.235671
3054,337.208489
3055,337.180108
3056,337.150805
3057,337.121467
3058,337.092681
3059,337.064669
3060,337.037485
3061,337.011123
3062,336.985558
3063,336.960754
3064,336.936666
3065,336.913247
3066,336.890453
3067,336.868264
3068,336.846718
3069,336.826057
3070,336.80715
3071,336.792915
3072,339.967665
3073,340.004633
3074,340.043854
3075,340.075858
3076,340.098453
3077,340.111375
3078,340.114699
3079,340.108375
3080,340.092086
3081,340.065194
3082,340.026721
3083,339.975376
3084,339.90978
3085,339.829381
3086,339.73772
3087,339.653629
3088,339.534581
3089,338.532253
3090,338.150815
3091,337.972181
3092,337.86569
3093,337.789372
3094,337.728868
3095,337.678602
3096,337.635933
3097,337.599306
3098,337.567642
3099,337.540113
3100,337.516044
3101,337.494853
3102,337.476006
3103,337.458962
3104,337.44313
3105,337.427905
3106,337.412838
3107,337.397601
3108,337.38194
3109,337.365659
3110,337.348608
3111,337.330676
3112,337.311781
3113,337.291867
3114,337.270904
3115,337.248884
3116,337.225831
3117,337.201803
3118,337.176894
3119,337.151251
3120,337.125112
3121,337.09884
3122,337.072742
3123,337.047013
3124,337.021766
3125,336.997059
3126,336.972917
3127,336.949341
3128,336.926315
3129,336.903817
3130,336.881824
3131,336.86033
3132,336.839387
3133,336.819241
3134,336.800758
3135,336.786812
3136,339.904191
3137,339.939368
3138,339.976627
3139,340.00696
3140,340.028288
3141,340.040362
3142,340.043253
3143,340.036913
3144,340.021043
3145,339.995037
3146,339.957963
3147,339.908582
3148,339.845557
3149,339.768306
3150,339.680139
3151,339.599064
3152,339.480742
3153,338.487064
3154,338.111143
3155,337.936618
3156,337.833313
3157,337.759454
3158,337.700801
3159,337.651869
3160,337.610087
3161,337.573955
3162,337.542433
3163,337.514722
3164,337.490167
3165,337.468204
3166,337.448326
3167,337.430055
3168,337.412927
3169,337.396509
3170,337.380431
3171,337.364394
3172,337.348156
3173,337.331528
3174,337.314362
3175,337.296546
3176,337.278
3177,337.25867
3178,337.238527
3179,337.217567
3180,337.195815
3181,337.173326
3182,337.15019
3183,337.126536
3184,337.102531
3185,337.078379
3186,337.054268
3187,337.030345
3188,337.006714
3189,336.983444
3190,336.960573
3191,336.938118
3192,336.91608
3193,336.894451
3194,336.873222
3195,336.852399
3196,336.832042
3197,336.812403
3198,336.794339
3199,336.78068
3200,339.824907
3201,339.857884
3202,339.892782
3203,339.921145
3204,339.941011
3205,339.952135
3206,339.954579
3207,339.948295
3208,339.933006
3209,339.908153
3210,339.872871
3211,339.826013
3212,339.766322
3213,339.693233
3214,339.609796
3215,339.532914
3216,339.415575
3217,338.433084
3218,338.064707
3219,337.895891
3220,337.79695
3221,337.72641
3222,337.670257
3223,337.623173
3224,337.582707
3225,337.547449
3226,337.516427
3227,337.488893
3228,337.464236
3229,337.441935
3230,337.421526
3231,337.40259
3232,337.38474
3233,337.367625
3234,337.350936
3235,337.334414
3236,337.317841
3237,337.301046
3238,337.283889
3239,337.266265
3240,337.248098
3241,337.229335
3242,337.209947
3243,337.189929
3244,337.169301
3245,337.148109
3246,337.126424
3247,337.104343
3248,337.081986
3249,337.059485
3250,337.036968
3251,337.014543
3252,336.992295
3253,336.970286
3254,336.948555
3255,336.927124
3256,336.906003
3257,336.885192
3258,336.86469
3259,336.844511
3260,336.824724
3261,336.80558
3262,336.787927
3263,336.774553
3264,339.732303
3265,339.76275
3266,339.79501
3267,339.821222
3268,339.839523
3269,339.849655
3270,339.851658
3271,339.845483
3272,339.830879
3273,339.807344
3274,339.774105
3275,339.730139
3276,339.674333
3277,339.606212
3278,339.528616
3279,339.457125
3280,339.340686
3281,338.36899
3282,338.010822
3283,337.849975
3284,337.756847
3285,337.690546
3286,337.637523
3287,337.592756
3288,337.553989
3289,337.519937
3290,337.489724
3291,337.462671
3292,337.438225
3293,337.415916
3294,337.395332
3295,337.376103
3296,337.3579
3297,337.340425
3298,337.323417
3299,337.306653
3300,337.289942
3301,337.273129
3302,337.256089
3303,337.238725
3304,337.220964
3305,337.202757
3306,337.184073
3307,337.164907
3308,337.14527
3309,337.125195
3310,337.104737
3311,337.083966
3312,337.062968
3313,337.041835
3314,337.020656
3315,336.999512
3316,336.97847
3317,336.95758
3318,336.936878
3319,336.916386
3320,336.896116
3321,336.876073
3322,336.856263
3323,336.836704
3324,336.817468
3325,336.798806
3326,336.781557
3327,336.768462
3328,339.640162
3329,339.668143
3330,339.697953
3331,339.722221
3332,339.739134
3333,339.748401
3334,339.750034
3335,339.743982
3336,339.730017
3337,339.707692
3338,339.67633
3339,339.63504
3340,339.582885
3341,339.519557
3342,339.44781
3343,339.381909
3344,339.257719
3345,338.287098
3346,337.946818
3347,337.798529
3348,337.713317
3349,337.652272
3350,337.60296
3351,337.560911
3352,337.524157
3353,337.491587
3354,337.462436
3355,337.436114
3356,337.412132
3357,337.390076
3358,337.369583
3359,337.350335
3360,337.332046
3361,337.314461
3362,337.297359
3363,337.280545
3364,337.263854
3365,337.247149
3366,337.230318
3367,337.213272
3368,337.195944
3369,337.178287
3370,337.160271
3371,337.141885
3372,337.123137
3373,337.104047
3374,337.084655
3375,337.065011
3376,337.045176
3377,337.025216
3378,337.005194
3379,336.98517
3380,336.965195
3381,336.94531
3382,336.925544
3383,336.905917
3384,336.886441
3385,336.867124
3386,336.847973
3387,336.829009
3388,336.810306
3389,336.792114
3390,336.77526
3391,336.76244
3392,339.532562
3393,339.558525
3394,339.586466
3395,339.609301
3396,339.625207
3397,339.633854
3398,339.635231
3399,339.629281
3400,339.615794
3401,339.594368
3402,339.564396
3403,339.5251
3404,339.475694
3405,339.415991
3406,339.348315
3407,339.282608
3408,338.967114
3409,338.146306
3410,337.865426
3411,337.740946
3412,337.666856
3413,337.612137
3414,337.567013
3415,337.527976
3416,337.493465
3417,337.46258
3418,337.434688
3419,337.40929
3420,337.38597
3421,337.36437
3422,337.344178
3423,337.325119
3424,337.306948
3425,337.289447
3426,337.272425
3427,337.255715
3428,337.239174
3429,337.222681
3430,337.206136
3431,337.189459
3432,337.172589
3433,337.155481
3434,337.138105
3435,337.120448
3436,337.102511
3437,337.084307
3438,337.065863
3439,337.047212
3440,337.028399
3441,337.009469
3442,336.990469
3443,336.971443
3444,336.952429
3445,336.933456
3446,336.914551
3447,336.895727
3448,336.876997
3449,336.858368
3450,336.839846
3451,336.821455
3452,336.803269
3453,336.785536
3454,336.769068
3455,336.756517
3456,339.2405
3457,339.264663
3458,339.290886
3459,339.312378
3460,339.327333
3461,339.335396
3462,339.336535
3463,339.330689
3464,339.317665
3465,339.2971
3466,339.268451
3467,339.23103
3468,339.184136
3469,339.127351
3470,339.059368
3471,338.946993
3472,338.271656
3473,337.92961
3474,337.768195
3475,337.67919
3476,337.618688
3477,337.570913
3478,337.530204
3479,337.494322
3480,337.462181
3481,337.43311
3482,337.406611
3483,337.382279
3484,337.359768
3485,337.33878
3486,337.319048
3487,337.300339
3488,337.282444
3489,337.265177
3490,337.248374
3491,337.231892
3492,337.215606
3493,337.19941
3494,337.183216
3495,337.166953
3496,337.150564
3497,337.134006
3498,337.117253
3499,337.100286
3500,337.083104
3501,337.065712
3502,337.048126
3503,337.03037
3504,337.012474
3505,336.99447
3506,336.976391
3507,336.958268
3508,336.94013
3509,336.921998
3510,336.903891
3511,336.885821
3512,336.867797
3513,336.849823
3514,336.831907
3515,336.814071
3516,336.796388
3517,336.779102
3518,336.763012
3519,336.750724
3520,338.347371
3521,338.36519
3522,338.384599
3523,338.400511
3524,338.411446
3525,338.417024
3526,338.417154
3527,338.411767
3528,338.400739
3529,338.383861
3530,338.360844
3531,338.331319
3532,338.294785
3533,338.250156
3534,338.193113
3535,338.103607
3536,337.911727
3537,337.771969
3538,337.682168
3539,337.619671
3540,337.570841
3541,337.529516
3542,337.493078
3543,337.46032
3544,337.430572
3545,337.403367
3546,337.378336
3547,337.355161
3548,337.333565
3549,337.313302
3550,337.29415
3551,337.275914
3552,337.258417
3553,337.241502
3554,337.225027
3555,337.208871
3556,337.192925
3557,337.177097
3558,337.161309
3559,337.145497
3560,337.12961
3561,337.113609
3562,337.097465
3563,337.081162
3564,337.064692
3565,337.048057
3566,337.031264
3567,337.01433
3568,336.997273
3569,336.980116
3570,336.962881
3571,336.94559
3572,336.928262
3573,336.910914
3574,336.893558
3575,336.876202
3576,336.858852
3577,336.841509
3578,336.82418
3579,336.806884
3580,336.789692
3581,336.772843
3582,336.757124
3583,336.745094
3584,338.000663
3585,338.014725
3586,338.029997
3587,338.042454
3588,338.050867
3589,338.054877
3590,338.054367
3591,338.049267
3592,338.039488
3593,338.024908
3594,338.005376
3595,337.980714
3596,337.950676
3597,337.914707
3598,337.87102
3599,337.814355
3600,337.736815
3601,337.667395
3602,337.611197
3603,337.564714
3604,337.524522
3605,337.488656
3606,337.456105
3607,337.426307
3608,337.398883
3609,337.373533
3610,337.349991
3611,337.328021
3612,337.307404
3613,337.287943
3614,337.269459
3615,337.251787
3616,337.234781
3617,337.218308
3618,337.202248
3619,337.186496
3620,337.170959
3621,337.155557
3622,337.14022
3623,337.124893
3624,337.109528
3625,337.094089
3626,337.078549
3627,337.062891
3628,337.047103
3629,337.031184
3630,337.015136
3631,336.998969
3632,336.982693
3633,336.966323
3634,336.949874
3635,336.93336
3636,336.916795
3637,336.900187
3638,336.883545
3639,336.866873
3640,336.850172
3641,336.833442
3642,336.816685
3643,336.79992
3644,336.783212
3645,336.766794
3646,336.751438
3647,336.739661
3648,337.832347
3649,337.84355
3650,337.85568
3651,337.865497
3652,337.871972
3653,337.87477
3654,337.873761
3655,337.868872
3656,337.860034
3657,337.847178
3658,337.830237
3659,337.809156
3660,337.783891
3661,337.754346
3662,337.720178
3663,337.680609
3664,337.635627
3665,337.591585
3666,337.551067
3667,337.514105
3668,337.480154
3669,337.448766
3670,337.419641
3671,337.39256
3672,337.36733
3673,337.343768
3674,337.321695
3675,337.300938
3676,337.281332
3677,337.262721
3678,337.244962
3679,337.227921
3680,337.211475
3681,337.195513
3682,337.179935
3683,337.16465
3684,337.149577
3685,337.134648
3686,337.119801
3687,337.104986
3688,337.090161
3689,337.075292
3690,337.060353
3691,337.045327
3692,337.0302
3693,337.014968
3694,336.99963
3695,336.984189
3696,336.968652
3697,336.953025
3698,336.937319
3699,336.921543
3700,336.905702
3701,336.889802
3702,336.873847
3703,336.857837
3704,336.841769
3705,336.825639
3706,336.809448
3707,336.793207
3708,336.776979
3709,336.76099
3710,336.745993
3711,336.734463
3712,337.727341
3713,337.736156
3714,337.745668
3715,337.753281
3716,337.758134
3717,337.759914
3718,337.758483
3719,337.753763
3720,337.745694
3721,337.734237
3722,337.719375
3723,337.701124
3724,337.679551
3725,337.654768
3726,337.626923
3727,337.596241
3728,337.563396
3729,337.530239
3730,337.497986
3731,337.467129
3732,337.437821
3733,337.410098
3734,337.383941
3735,337.359299
3736,337.336091
3737,337.314215
3738,337.293556
3739,337.273992
3740,337.255401
3741,337.237663
3742,337.220665
3743,337.204299
3744,337.188463
3745,337.173065
3746,337.158019
3747,337.143249
3748,337.128685
3749,337.114267
3750,337.099941
3751,337.085663
3752,337.071394
3753,337.057102
3754,337.042765
3755,337.028362
3756,337.013882
3757,336.999317
3758,336.984663
3759,336.969919
3760,336.955087
3761,336.940172
3762,336.925178
3763,336.910107
3764,336.894964
3765,336.87975
3766,336.864463
3767,336.8491
3768,336.833655
3769,336.818121
3770,336.802493
3771,336.786778
3772,336.771032
3773,336.755471
3774,336.740833
3775,336.729547
3776,337.648744
3777,337.655512
3778,337.662788
3779,337.668523
3780,337.671997
3781,337.672914
3782,337.671127
3783,337.666549
3784,337.659124
3785,337.648827
3786,337.635665
3787,337.619691
3788,337.601013
3789,337.57981
3790,337.55634
3791,337.530969
3792,337.504249
3793,337.476979
3794,337.449832
3795,337.423256
3796,337.397529
3797,337.372815
3798,337.3492
3799,337.326712
3800,337.305333
3801,337.285016
3802,337.26569
3803,337.247274
3804,337.229681
3805,337.212819
3806,337.196599
3807,337.180934
3808,337.165741
3809,337.150943
3810,337.136468
3811,337.12225
3812,337.10823
3813,337.094354
3814,337.080575
3815,337.066853
3816,337.053153
3817,337.039447
3818,337.025711
3819,337.011928
3820,336.998084
3821,336.98417
3822,336.97018
3823,336.956111
3824,336.941963
3825,336.927734
3826,336.913427
3827,336.899041
3828,336.884577
3829,336.870031
3830,336.855399
3831,336.840676
3832,336.82585
3833,336.810912
3834,336.79585
3835,336.780668
3836,336.765412
3837,336.750288
3838,336.736011
3839,336.724967
3840,337.584083
3841,337.5891
3842,337.594482
3843,337.598641
3844,337.600966
3845,337.601172
3846,337.5991
3847,337.594653
3848,337.58777
3849,337.578432
3850,337.566656
3851,337.552505
3852,337.5361
3853,337.517622
3854,337.497327
3855,337.475544
3856,337.452689
3857,337.42924
3858,337.405643
3859,337.382255
3860,337.359346
3861,337.3371
3862,337.315637
3863,337.295019
3864,337.275265
3865,337.256362
3866,337.238271
3867,337.220941
3868,337.204309
3869,337.188307
3870,337.172864
3871,337.157912
3872,337.143381
3873,337.129207
3874,337.115328
3875,337.101688
3876,337.088236
3877,337.074923
3878,337.061709
3879,337.048558
3880,337.035437
3881,337.022321
3882,337.009187
3883,336.996018
3884,336.982801
3885,336.969525
3886,336.956184
3887,336.942772
3888,336.929286
3889,336.915724
3890,336.902084
3891,336.888365
3892,336.874562
3893,336.860672
3894,336.846687
3895,336.832597
3896,336.818391
3897,336.804052
3898,336.789566
3899,336.774929
3900,336.760178
3901,336.745503
3902,336.731598
3903,336.7208
3904,337.528987
3905,337.532539
3906,337.53637
3907,337.539264
3908,337.540684
3909,337.540344
3910,337.53807
3911,337.533752
3912,337.527326
3913,337.518769
3914,337.508101
3915,337.495386
3916,337.48074
3917,337.46433
3918,337.446381
3919,337.427173
3920,337.407026
3921,337.386289
3922,337.365293
3923,337.34433
3924,337.323635
3925,337.303386
3926,337.283708
3927,337.264678
3928,337.246334
3929,337.228683
3930,337.21171
3931,337.195381
3932,337.179653
3933,337.164474
3934,337.149789
3935,337.13554
3936,337.12167
3937,337.108125
3938,337.094852
3939,337.0818
3940,337.068926
3941,337.056186
3942,337.043543
3943,337.030965
3944,337.018423
3945,337.005892
3946,336.993352
3947,336.980786
3948,336.96818
3949,336.955524
3950,336.94281
3951,336.930032
3952,336.917185
3953,336.904266
3954,336.891271
3955,336.878195
3956,336.865035
3957,336.851783
3958,336.83843
3959,336.824965
3960,336.811372
3961,336.797634
3962,336.78373
3963,336.76965
3964,336.755421
3965,336.741217
3966,336.7277
3967,336.717154
3968,337.482913
3969,337.485322
3970,337.487995
3971,337.489973
3972,337.490756
3973,337.490049
3974,337.487665
3975,337.483481
3976,337.477428
3977,337.469481
3978,337.459657
3979,337.448018
3980,337.434669
3981,337.419764
3982,337.4035
3983,337.386115
3984,337.367875
3985,337.349061
3986,337.329943
3987,337.310769
3988,337.291745
3989,337.273038
3990,337.254768
3991,337.237017
3992,337.219834
3993,337.203236
3994,337.187222
3995,337.171769
3996,337.156847
3997,337.142414
3998,337.128425
3999,337.114832
4000,337.101585
4001,337.088638
4002,337.075943
4003,337.063455
4004,337.051135
4005,337.038944
4006,337.026847
4007,337.014816
4008,337.002823
4009,336.990845
4010,336.978862
4011,336.966859
4012,336.954823
4013,336.942742
4014,336.930609
4015,336.918417
4016,336.90616
4017,336.893833
4018,336.881433
4019,336.868953
4020,336.856389
4021,336.843731
4022,336.830971
4023,336.818094
4024,336.805085
4025,336.791921
4026,336.778582
4027,336.76505
4028,336.751342
4029,336.737616
4030,336.724501
4031,336.714219
4032,337.450455
4033,337.452164
4034,337.454174
4035,337.45565
4036,337.456099
4037,337.455217
4038,337.452805
4039,337.448737
4040,337.442942
4041,337.435392
4042,337.426102
4043,337.41513
4044,337.402577
4045,337.388584
4046,337.373331
4047,337.357035
4048,337.339932
4049,337.322272
4050,337.304295
4051,337.286225
4052,337.268252
4053,337.250531
4054,337.233182
4055,337.216284
4056,337.19989
4057,337.184024
4058,337.168686
4059,337.153864
4060,337.13953
4061,337.125652
4062,337.112187
4063,337.099093
4064,337.086326
4065,337.073841
4066,337.061595
4067,337.049548
4068,337.03766
4069,337.025897
4070,337.014227
4071,337.002621
4072,336.991053
4073,336.979502
4074,336.967949
4075,336.956378
4076,336.944777
4077,336.933136
4078,336.921445
4079,336.909698
4080,336.897889
4081,336.886013
4082,336.874065
4083,336.86204
4084,336.84993
4085,336.837729
4086,336.825424
4087,336.813003
4088,336.800448
4089,336.787737
4090,336.774847
4091,336.761756
4092,336.748479
4093,336.735159
4094,336.722399
4095,336.712361
4096,337.819457
4097,337.839869
4098,337.856887
4099,337.870031
4100,337.879026
4101,337.883704
4102,337.883946
4103,337.879657
4104,337.870754
4105,337.857163
4106,337.838844
4107,337.815813
4108,337.788197
4109,337.756291
4110,337.720637
4111,337.682079
4112,337.641754
4113,337.600961
4114,337.560876
4115,337.522391
4116,337.486071
4117,337.452213
4118,337.420907
4119,337.392112
4120,337.365708
4121,337.341534
4122,337.319414
4123,337.299177
4124,337.280667
4125,337.263747
4126,337.248307
4127,337.234262
4128,337.221562
4129,337.210186
4130,337.20015
4131,337.191509
4132,337.184365
4133,337.178872
4134,337.175246
4135,337.173777
4136,337.174842
4137,337.1789
4138,337.18644
4139,337.195114
4140,337.199504
4141,337.200444
4142,337.19849
4143,337.194032
4144,337.187348
4145,337.178621
4146,337.16796
4147,337.155402
4148,337.140916
4149,337.124404
4150,337.105691
4151,337.084514
4152,337.060489
4153,337.033042
4154,337.001198
4155,336.966855
4156,336.935827
4157,336.907549
4158,336.881391
4159,336.856702
4160,337.887491
4161,337.910468
4162,337.929332
4163,337.943792
4164,337.953663
4165,337.958822
4166,337.959174
4167,337.954631
4168,337.945098
4169,337.930482
4170,337.910706
4171,337.885739
4172,337.855652
4173,337.82069
4174,337.781383
4175,337.738652
4176,337.69387
4177,337.648718
4178,337.604643
4179,337.562641
4180,337.52328
4181,337.486804
4182,337.453243
4183,337.422492
4184,337.39438
4185,337.368701
4186,337.345249
4187,337.323822
4188,337.304244
4189,337.286361
4190,337.270049
4191,337.255216
4192,337.241803
4193,337.229785
4194,337.219177
4195,337.210033
4196,337.202458
4197,337.19661
4198,337.192711
4199,337.191059
4200,337.192032
4201,337.196085
4202,337.203663
4203,337.212363
4204,337.216744
4205,337.217582
4206,337.215421
4207,337.210656
4208,337.203569
4209,337.194351
4210,337.183112
4211,337.169891
4212,337.154657
4213,337.137309
4214,337.117667
4215,337.09546
4216,337.070298
4217,337.041601
4218,337.008409
4219,336.972668
4220,336.940298
4221,336.910802
4222,336.883603
4223,336.858169
4224,337.972008
4225,337.998528
4226,338.019987
4227,338.036289
4228,338.047382
4229,338.053229
4230,338.053783
4231,338.048969
4232,338.038679
4233,338.022778
4234,338.001117
4235,337.973562
4236,337.940052
4237,337.900685
4238,337.855878
4239,337.806598
4240,337.754653
4241,337.702675
4242,337.65264
4243,337.60566
4244,337.562213
4245,337.522391
4246,337.486072
4247,337.453026
4248,337.422978
4249,337.395649
4250,337.370769
4251,337.348095
4252,337.327415
4253,337.308552
4254,337.291361
4255,337.275735
4256,337.261605
4257,337.248939
4258,337.237745
4259,337.228078
4260,337.22004
4261,337.213789
4262,337.20955
4263,337.207619
4264,337.208373
4265,337.212251
4266,337.219667
4267,337.228194
4268,337.232394
4269,337.233001
4270,337.230543
4271,337.225411
4272,337.217886
4273,337.208161
4274,337.19635
4275,337.182492
4276,337.166557
4277,337.148441
4278,337.127963
4279,337.104852
4280,337.078719
4281,337.04899
4282,337.014722
4283,336.977892
4284,336.944481
4285,336.914054
4286,336.886099
4287,336.860171
4288,338.075816
4289,338.106723
4290,338.131395
4291,338.149968
4292,338.16257
4293,338.169281
4294,338.170115
4295,338.165017
4296,338.153859
4297,338.136446
4298,338.112521
4299,338.081787
4300,338.043951
4301,337.998811
4302,337.946449
4303,337.88764
4304,337.824711
4305,337.762751
4306,337.70452
4307,337.651056
4308,337.602524
4309,337.558692
4310,337.519176
4311,337.483543
4312,337.451372
4313,337.422271
4314,337.395891
4315,337.371929
4316,337.350127
4317,337.330274
4318,337.312202
4319,337.295785
4320,337.280938
4321,337.267619
4322,337.255831
4323,337.245622
4324,337.237091
4325,337.230394
4326,337.225754
4327,337.223464
4328,337.223895
4329,337.227475
4330,337.234598
4331,337.242828
4332,337.246725
4333,337.247
4334,337.244168
4335,337.238613
4336,337.230616
4337,337.22037
4338,337.20799
4339,337.193517
4340,337.17692
4341,337.158098
4342,337.136869
4343,337.112964
4344,337.086
4345,337.055412
4346,337.02027
4347,336.982571
4348,336.948344
4349,336.917203
4350,336.88868
4351,336.862385
4352,338.20225
4353,338.238274
4354,338.266614
4355,338.287762
4356,338.302078
4357,338.309777
4358,338.310951
4359,338.305564
4360,338.293463
4361,338.274374
4362,338.247902
4363,338.213533
4364,338.170641
4365,338.118523
4366,338.056517
4367,337.984421
4368,337.904156
4369,337.828115
4370,337.759336
4371,337.698029
4372,337.643594
4373,337.595246
4374,337.552213
4375,337.513792
4376,337.479373
4377,337.448427
4378,337.420507
4379,337.395238
4380,337.372311
4381,337.351475
4382,337.33253
4383,337.31533
4384,337.299773
4385,337.285805
4386,337.273417
4387,337.262651
4388,337.253601
4389,337.24642
4390,337.241326
4391,337.238609
4392,337.238633
4393,337.241818
4394,337.248549
4395,337.256387
4396,337.259888
4397,337.259748
4398,337.256475
4399,337.250448
4400,337.241947
4401,337.231166
4402,337.218219
4403,337.203149
4404,337.185928
4405,337.166454
4406,337.14455
4407,337.11995
4408,337.092275
4409,337.060971
4410,337.025116
4411,336.986719
4412,336.95185
4413,336.920153
4414,336.891193
4415,336.864608
4416,338.35465
4417,338.39618
4418,338.428368
4419,338.452221
4420,338.468347
4421,338.477105
4422,338.478658
4423,338.472989
4424,338.459915
4425,338.439076
4426,338.409922
4427,338.371692
4428,338.323367
4429,338.263595
4430,338.190521
4431,338.101326
4432,337.990731
4433,337.896274
4434,337.815247
4435,337.745306
4436,337.684547
4437,337.631441
4438,337.584748
4439,337.543459
4440,337.50675
4441,337.473944
4442,337.444487
4443,337.417927
4444,337.393895
4445,337.372097
4446,337.352303
4447,337.334339
4448,337.318087
4449,337.303477
4450,337.290489
4451,337.279157
4452,337.269569
4453,337.261871
4454,337.256277
4455,337.253072
4456,337.252618
4457,337.255328
4458,337.261582
4459,337.268945
4460,337.271972
4461,337.271347
4462,337.267573
4463,337.261028
4464,337.251993
4465,337.24066
4466,337.227147
4467,337.211499
4468,337.193687
4469,337.173614
4470,337.151104
4471,337.125896
4472,337.097616
4473,337.065715
4474,337.029279
4475,336.990325
4476,336.954952
4477,336.922822
4478,336.893522
4479,336.866704
4480,338.49359
4481,338.540371
4482,338.576285
4483,338.602776
4484,338.620682
4485,338.630495
4486,338.632441
4487,338.626525
4488,338.612529
4489,338.59001
4490,338.558273
4491,338.516321
4492,338.462771
4493,338.39569
4494,338.312231
4495,338.20771
4496,338.072938
4497,337.962094
4498,337.869554
4499,337.791284
4500,337.724355
4501,337.666582
4502,337.616296
4503,337.572196
4504,337.533251
4505,337.498639
4506,337.467697
4507,337.439893
4508,337.414803
4509,337.392086
4510,337.37148
4511,337.352785
4512,337.335861
4513,337.320625
4514,337.307045
4515,337.295143
4516,337.285
4517,337.276756
4518,337.270621
4519,337.266876
4520,337.265879
4521,337.26804
4522,337.273741
4523,337.280551
4524,337.283029
4525,337.281853
4526,337.277522
4527,337.270415
4528,337.260814
4529,337.248914
4530,337.234834
4531,337.21862
4532,337.200249
4533,337.179623
4534,337.156571
4535,337.130834
4536,337.102043
4537,337.069653
4538,337.032752
4539,336.993362
4540,336.957599
4541,336.925138
4542,336.895576
4543,336.868574
4544,338.604631
4545,338.656027
4546,338.695345
4547,338.72429
4548,338.743876
4549,338.7547
4550,338.757047
4551,338.750932
4552,338.73611
4553,338.712067
4554,338.67798
4555,338.632663
4556,338.574456
4557,338.50104
4558,338.409055
4559,338.293287
4560,338.144707
4561,338.02195
4562,337.920016
4563,337.834519
4564,337.762044
4565,337.699995
4566,337.64638
4567,337.59966
4568,337.558628
4569,337.522327
4570,337.49
4571,337.461039
4572,337.434964
4573,337.411392
4574,337.390028
4575,337.370646
4576,337.353087
4577,337.337249
4578,337.323089
4579,337.310619
4580,337.29991
4581,337.291097
4582,337.284382
4583,337.280045
4584,337.278441
4585,337.279982
4586,337.28505
4587,337.29123
4588,337.293085
4589,337.291288
4590,337.286341
4591,337.278625
4592,337.268425
4593,337.255938
4594,337.241287
4595,337.22452
4596,337.205616
4597,337.184481
4598,337.160946
4599,337.134755
4600,337.10554
4601,337.07276
4602,337.035501
4603,336.995784
4604,336.959735
4605,336.927033
4606,336.897279
4607,336.870138
4608,338.693479
4609,338.748744
4610,338.791017
4611,338.822149
4612,338.843261
4613,338.855026
4614,338.85777
4615,338.851517
4616,338.835999
4617,338.810642
4618,338.77453
4619,338.726338
4620,338.66423
4621,338.585675
4622,338.487125
4623,338.363337
4624,338.205717
4625,338.074489
4626,337.965348
4627,337.873992
4628,337.796851
4629,337.731112
4630,337.674579
4631,337.62554
4632,337.582648
4633,337.54484
4634,337.511272
4635,337.481275
4636,337.454316
4637,337.429975
4638,337.407923
4639,337.387913
4640,337.369764
4641,337.353359
4642,337.33864
4643,337.325609
4644,337.314327
4645,337.304921
4646,337.29759
4647,337.292607
4648,337.290329
4649,337.291172
4650,337.295522
4651,337.300985
4652,337.302135
4653,337.299642
4654,337.294013
4655,337.285636
4656,337.274797
4657,337.261699
4658,337.246468
4659,337.229155
4660,337.209742
4661,337.188139
4662,337.164177
4663,337.137604
4664,337.108053
4665,337.074981
4666,337.037469
4667,336.997533
4668,336.9613
4669,336.928445
4670,336.898568
4671,336.871332
4672,338.763722
4673,338.82213
4674,338.86687
4675,338.89987
4676,338.922316
4677,338.934929
4678,338.938061
4679,338.931741
4680,338.915684
4681,338.889272
4682,338.851523
4683,338.801025
4684,338.735837
4685,338.653336
4686,338.549934
4687,338.420473
4688,338.256649
4689,338.119432
4690,338.004961
4691,337.909095
4692,337.828246
4693,337.759504
4694,337.700557
4695,337.649576
4696,337.605116
4697,337.56603
4698,337.531409
4699,337.500527
4700,337.472811
4701,337.447805
4702,337.425154
4703,337.404587
4704,337.385906
4705,337.368977
4706,337.353728
4707,337.340149
4708,337.328291
4709,337.318272
4710,337.310283
4711,337.304598
4712,337.301571
4713,337.301624
4714,337.305157
4715,337.3098
4716,337.310147
4717,337.306869
4718,337.300483
4719,337.291381
4720,337.279857
4721,337.266118
4722,337.250293
4723,337.232437
4724,337.212535
4725,337.1905
4726,337.166168
4727,337.139287
4728,337.109489
4729,337.076227
4730,337.038576
4731,336.998537
4732,336.962227
4733,336.929312
4734,336.899385
4735,336.872103
4736,338.817818
4737,338.878692
4738,338.92541
4739,338.959942
4740,338.983511
4741,338.996864
4742,339.000371
4743,338.994064
4744,338.977643
4745,338.950463
4746,338.911499
4747,338.859287
4748,338.791834
4749,338.706484
4750,338.599659
4751,338.466295
4752,338.298246
4753,338.1569
4754,338.038658
4755,337.93951
4756,337.855896
4757,337.784872
4758,337.724063
4759,337.67157
4760,337.625878
4761,337.585784
4762,337.550327
4763,337.51874
4764,337.490415
4765,337.464869
4766,337.441724
4767,337.420687
4768,337.401544
4769,337.384144
4770,337.368402
4771,337.354294
4772,337.34186
4773,337.331207
4774,337.32252
4775,337.316065
4776,337.312199
4777,337.311352
4778,337.313943
4779,337.317638
4780,337.317059
4781,337.312888
4782,337.30565
4783,337.295749
4784,337.283483
4785,337.269064
4786,337.252624
4787,337.234222
4788,337.213847
4789,337.191417
4790,337.166771
4791,337.139658
4792,337.109712
4793,337.076378
4794,337.038716
4795,336.998709
4796,336.962447
4797,336.929579
4798,336.899682
4799,336.872409
4800,338.857474
4801,338.920185
4802,338.968407
4803,339.004132
4804,339.028603
4805,339.042583
4806,339.04645
4807,339.040239
4808,339.02364
4809,338.995993
4810,338.956247
4811,338.902911
4812,338.833969
4813,338.746756
4814,338.637719
4815,338.501859
4816,338.331118
4817,338.187122
4818,338.066422
4819,337.965095
4820,337.879615
4821,337.807029
4822,337.744931
4823,337.691382
4824,337.644827
4825,337.604022
4826,337.567972
4827,337.535882
4828,337.507118
4829,337.481174
4830,337.457654
4831,337.436248
4832,337.416724
4833,337.398918
4834,337.38273
4835,337.368121
4836,337.355116
4837,337.34381
4838,337.334377
4839,337.327074
4840,337.322259
4841,337.320372
4842,337.321856
4843,337.324435
4844,337.322774
4845,337.317571
4846,337.309367
4847,337.298574
4848,337.285497
4849,337.270349
4850,337.253265
4851,337.234308
4852,337.213471
4853,337.190679
4854,337.165776
4855,337.138518
4856,337.108535
4857,337.075267
4858,337.037754
4859,336.997945
4860,336.961886
4861,336.929192
4862,336.899422
4863,336.872218
4864,338.883813
4865,338.947767
4866,338.997035
4867,339.033618
4868,339.05877
4869,339.07326
4870,339.077474
4871,339.071443
4872,339.054858
4873,339.027048
4874,338.986952
4875,338.933068
4876,338.86337
4877,338.775195
4878,338.665009
4879,338.527848
4880,338.355698
4881,338.210307
4882,338.088299
4883,337.9858
4884,337.899307
4885,337.825867
4886,337.763061
4887,337.70893
4888,337.661899
4889,337.620701
4890,337.584321
4891,337.551948
4892,337.52293
4893,337.496747
4894,337.472986
4895,337.451325
4896,337.431517
4897,337.413383
4898,337.396806
4899,337.381731
4900,337.368168
4901,337.356193
4902,337.345963
4903,337.337722
4904,337.33182
4905,337.328709
4906,337.328867
4907,337.330098
4908,337.327146
4909,337.320736
4910,337.311424
4911,337.29963
4912,337.285658
4913,337.269721
4914,337.251955
4915,337.232425
4916,337.211131
4917,337.188005
4918,337.162903
4919,337.13559
4920,337.105704
4921,337.072674
4922,337.035518
4923,336.996129
4924,336.960474
4925,336.928115
4926,336.898587
4927,336.871522
4928,338.897454
4929,338.962082
4930,339.011947
4931,339.049058
4932,339.074668
4933,339.089552
4934,339.094095
4935,339.088332
4936,339.071952
4937,339.044285
4938,339.004268
4939,338.950398
4940,338.880651
4941,338.792364
4942,338.682009
4943,338.544634
4944,338.372235
4945,338.226589
4946,338.104338
4947,338.00162
4948,337.914938
4949,337.841341
4950,337.778409
4951,337.724179
4952,337.67707
4953,337.63581
4954,337.599379
4955,337.566957
4956,337.537885
4957,337.511636
4958,337.487785
4959,337.465999
4960,337.446017
4961,337.427646
4962,337.410752
4963,337.395261
4964,337.381163
4965,337.36851
4966,337.357432
4967,337.34815
4968,337.340995
4969,337.336415
4970,337.334935
4971,337.334491
4972,337.329964
4973,337.322121
4974,337.311531
4975,337.298608
4976,337.283645
4977,337.266848
4978,337.24835
4979,337.228219
4980,337.206462
4981,337.183024
4982,337.157777
4983,337.130507
4984,337.100868
4985,337.0683
4986,337.031787
4987,336.993133
4988,336.958154
4989,336.926335
4990,336.897185
4991,336.870338
4992,338.898557
4993,338.963292
4994,339.013311
4995,339.050617
4996,339.076465
4997,339.091623
4998,339.096478
4999,339.091067
5000,339.075083
5001,339.047863
5002,339.008354
5003,338.955059
5004,338.88596
5005,338.798398
5006,338.688836
5007,338.552308
5008,338.380794
5009,338.236009
5010,338.114558
5011,338.012561
5012,337.926509
5013,337.853453
5014,337.79098
5015,337.737139
5016,337.690358
5017,337.649376
5018,337.613181
5019,337.580956
5020,337.552045
5021,337.525915
5022,337.50214
5023,337.480375
5024,337.460347
5025,337.441848
5026,337.424726
5027,337.408886
5028,337.39429
5029,337.380963
5030,337.368998
5031,337.358572
5032,337.349968
5033,337.343601
5034,337.340026
5035,337.337403
5036,337.330909
5037,337.321357
5038,337.309295
5039,337.295098
5040,337.279036
5041,337.261297
5042,337.242005
5043,337.221231
5044,337.198991
5045,337.175246
5046,337.149895
5047,337.122758
5048,337.093537
5049,337.061713
5050,337.026269
5051,336.988838
5052,336.954916
5053,336.923888
5054,336.895269
5055,336.86872
5056,338.886826
5057,338.951091
5058,339.000811
5059,339.03798
5060,339.063839
5061,339.079152
5062,339.084301
5063,339.079324
5064,339.063925
5065,339.037456
5066,338.998881
5067,338.946726
5068,338.878991
5069,338.793017
5070,338.685253
5071,338.550688
5072,338.381255
5073,338.238504
5074,338.118946
5075,338.01864
5076,337.934056
5077,337.862249
5078,337.800825
5079,337.747863
5080,337.701819
5081,337.661459
5082,337.625793
5083,337.59402
5084,337.565493
5085,337.539685
5086,337.516167
5087,337.494587
5088,337.474661
5089,337.456164
5090,337.438924
5091,337.422823
5092,337.407793
5093,337.393822
5094,337.380955
5095,337.369302
5096,337.359055
5097,337.350511
5098,337.344135
5099,337.338471
5100,337.329483
5101,337.317907
5102,337.304165
5103,337.288546
5104,337.271265
5105,337.252485
5106,337.232319
5107,337.210839
5108,337.188073
5109,337.164003
5110,337.138562
5111,337.111623
5112,337.082973
5113,337.05223
5114,337.01853
5115,336.983192
5116,336.950849
5117,336.920893
5118,336.892949
5119,336.866768
5120,338.86149
5121,338.924682
5122,338.973638
5123,339.010329
5124,339.035974
5125,339.05132
5126,339.05674
5127,339.052276
5128,339.037646
5129,339.012226
5130,338.975016
5131,338.924581
5132,338.858955
5133,338.775499
5134,338.670642
5135,338.539303
5136,338.373313
5137,338.233922
5138,338.117464
5139,338.019896
5140,337.937658
5141,337.867824
5142,337.808045
5143,337.756449
5144,337.711548
5145,337.672153
5146,337.63731
5147,337.606248
5148,337.57834
5149,337.55307
5150,337.530008
5151,337.5088
5152,337.489148
5153,337.470809
5154,337.453589
5155,337.437343
5156,337.421973
5157,337.407424
5158,337.393687
5159,337.380791
5160,337.36879
5161,337.357715
5162,337.347405
5163,337.336926
5164,337.324846
5165,337.310959
5166,337.295343
5167,337.278143
5168,337.259503
5169,337.239554
5170,337.218401
5171,337.196119
5172,337.172748
5173,337.148295
5174,337.122732
5175,337.095991
5176,337.067976
5177,337.038577
5178,337.007796
5179,336.976459
5180,336.946273
5181,336.91759
5182,336.890403
5183,336.864625
5184,338.821256
5185,338.88273
5186,338.930439
5187,338.966307
5188,338.991511
5189,339.006767
5190,339.012434
5191,339.008555
5192,338.994868
5193,338.970787
5194,338.935369
5195,338.887243
5196,338.824518
5197,338.744607
5198,338.643942
5199,338.517351
5200,338.356477
5201,338.22205
5202,338.110093
5203,338.016421
5204,337.937461
5205,337.870341
5206,337.812797
5207,337.763046
5208,337.719681
5209,337.681583
5210,337.647854
5211,337.617767
5212,337.590722
5213,337.56622
5214,337.543838
5215,337.523214
5216,337.504038
5217,337.486044
5218,337.469015
5219,337.452775
5220,337.437192
5221,337.422176
5222,337.407665
5223,337.393621
5224,337.380002
5225,337.366712
5226,337.353499
5227,337.339825
5228,337.325056
5229,337.308928
5230,337.291401
5231,337.272533
5232,337.252428
5233,337.231196
5234,337.208942
5235,337.185749
5236,337.161675
5237,337.136752
5238,337.110984
5239,337.084362
5240,337.056877
5241,337.02856
5242,336.999585
5243,336.970455
5244,336.941918
5245,336.914343
5246,336.887853
5247,336.862458
5248,338.764202
5249,338.823264
5250,338.869229
5251,338.903932
5252,338.928476
5253,338.943525
5254,338.949412
5255,338.94618
5256,338.933594
5257,338.911122
5258,338.877901
5259,338.832672
5260,338.773671
5261,338.698444
5262,338.603505
5263,338.483615
5264,338.330086
5265,338.202682
5266,338.096905
5267,338.008423
5268,337.933716
5269,337.870049
5270,337.815308
5271,337.767852
5272,337.726391
5273,337.689906
5274,337.657573
5275,337.628722
5276,337.602793
5277,337.579311
5278,337.557858
5279,337.538066
5280,337.519605
5281,337.502185
5282,337.485554
5283,337.469508
5284,337.453882
5285,337.43855
5286,337.423414
5287,337.40839
5288,337.393386
5289,337.378271
5290,337.362827
5291,337.346735
5292,337.329666
5293,337.311436
5294,337.291994
5295,337.271381
5296,337.24969
5297,337.227038
5298,337.20354
5299,337.179297
5300,337.154388
5301,337.128865
5302,337.102764
5303,337.076108
5304,337.048933
5305,337.021317
5306,336.993432
5307,336.965584
5308,336.938158
5309,336.911414
5310,336.885484
5311,336.860413
5312,338.687574
5313,338.743485
5314,338.787219
5315,338.820438
5316,338.844124
5317,338.85886
5318,338.864939
5319,338.862404
5320,338.851051
5321,338.830419
5322,338.799758
5323,338.75797
5324,338.703508
5325,338.634186
5326,338.546798
5327,338.436242
5328,338.293378
5329,338.17579
5330,338.078213
5331,337.996318
5332,337.926835
5333,337.867312
5334,337.815886
5335,337.771122
5336,337.731893
5337,337.697304
5338,337.666631
5339,337.639276
5340,337.614728
5341,337.592539
5342,337.572302
5343,337.553634
5344,337.53618
5345,337.51961
5346,337.503635
5347,337.488013
5348,337.472549
5349,337.457089
5350,337.441508
5351,337.425698
5352,337.40955
5353,337.392932
5354,337.375676
5355,337.357582
5356,337.338468
5357,337.318226
5358,337.296839
5359,337.274369
5360,337.250933
5361,337.226677
5362,337.201748
5363,337.176275
5364,337.150361
5365,337.124077
5366,337.097475
5367,337.070596
5368,337.043489
5369,337.01623
5370,336.98895
5371,336.961838
5372,336.935109
5373,336.908932
5374,336.883412
5375,336.858591
5376,338.587314
5377,338.639341
5378,338.680421
5379,338.7119
5380,338.734568
5381,338.748904
5382,338.755151
5383,338.753346
5384,338.743325
5385,338.724711
5386,338.696897
5387,338.658999
5388,338.609785
5389,338.547536
5390,338.469721
5391,338.37211
5392,338.245817
5393,338.141914
5394,338.05481
5395,337.980854
5396,337.91744
5397,337.862625
5398,337.81492
5399,337.773162
5400,337.736429
5401,337.70398
5402,337.675207
5403,337.649599
5404,337.626706
5405,337.606116
5406,337.587428
5407,337.57024
5408,337.554153
5409,337.538779
5410,337.523775
5411,337.508857
5412,337.493798
5413,337.478423
5414,337.462595
5415,337.446196
5416,337.429115
5417,337.411233
5418,337.392421
5419,337.37255
5420,337.351513
5421,337.329263
5422,337.30583
5423,337.281321
5424,337.255906
5425,337.229792
5426,337.203183
5427,337.176251
5428,337.149122
5429,337.121885
5430,337.094595
5431,337.067294
5432,337.040022
5433,337.012837
5434,336.985821
5435,336.959087
5436,336.932757
5437,336.906934
5438,336.881686
5439,336.857046
5440,338.456798
5441,338.504426
5442,338.5426
5443,338.572176
5444,338.593721
5445,338.607596
5446,338.61399
5447,338.612937
5448,338.604315
5449,338.587844
5450,338.563076
5451,338.529378
5452,338.485905
5453,338.431572
5454,338.365007
5455,338.284546
5456,338.188572
5457,338.103018
5458,338.028298
5459,337.963209
5460,337.906387
5461,337.856615
5462,337.812871
5463,337.774316
5464,337.740261
5465,337.710139
5466,337.683473
5467,337.659854
5468,337.638905
5469,337.620257
5470,337.603518
5471,337.588256
5472,337.573995
5473,337.560255
5474,337.546614
5475,337.532733
5476,337.518359
5477,337.503306
5478,337.487435
5479,337.470632
5480,337.452794
5481,337.433817
5482,337.4136
5483,337.392049
5484,337.369102
5485,337.344751
5486,337.319071
5487,337.292232
5488,337.264493
5489,337.236165
5490,337.207544
5491,337.178859
5492,337.150265
5493,337.121855
5494,337.093679
5495,337.065761
5496,337.038118
5497,337.010777
5498,336.983777
5499,336.957174
5500,336.931028
5501,336.905394
5502,336.880309
5503,336.855787
5504,338.3335
5505,338.376687
5506,338.411882
5507,338.439499
5508,338.459881
5509,338.473267
5510,338.47979
5511,338.479477
5512,338.472252
5513,338.457929
5514,338.436222
5515,338.406746
5516,338.369043
5517,338.322634
5518,338.267182
5519,338.20293
5520,338.132062
5521,338.063801
5522,338.001221
5523,337.944937
5524,337.894697
5525,337.849982
5526,337.810237
5527,337.774944
5528,337.743653
5529,337.715976
5530,337.691584
5531,337.670178
5532,337.651474
5533,337.635161
5534,337.620863
5535,337.6081
5536,337.596276
5537,337.584742
5538,337.57295
5539,337.560502
5540,337.547128
5541,337.532649
5542,337.51694
5543,337.499904
5544,337.481453
5545,337.461498
5546,337.439951
5547,337.416733
5548,337.391795
5549,337.365147
5550,337.336898
5551,337.307288
5552,337.27671
5553,337.245664
5554,337.214587
5555,337.183784
5556,337.153432
5557,337.123613
5558,337.094348
5559,337.065629
5560,337.037437
5561,337.009759
5562,336.98259
5563,336.95594
5564,336.929822
5565,336.904254
5566,336.879245
5567,336.854792
5568,338.234649
5569,338.273867
5570,338.306286
5571,338.332049
5572,338.351319
5573,338.36423
5574,338.370863
5575,338.371242
5576,338.365327
5577,338.35302
5578,338.334175
5579,338.308621
5580,338.276202
5581,338.23687
5582,338.19086
5583,338.139036
5584,338.083512
5585,338.028338
5586,337.975982
5587,337.927548
5588,337.88337
5589,337.843416
5590,337.8075
5591,337.775385
5592,337.74684
5593,337.721656
5594,337.699652
5595,337.68066
5596,337.664507
5597,337.650974
5598,337.639726
5599,337.630234
5600,337.621699
5601,337.61313
5602,337.603794
5603,337.593239
5604,337.581208
5605,337.567561
5606,337.552211
5607,337.535096
5608,337.516148
5609,337.495293
5610,337.472443
5611,337.447512
5612,337.420433
5613,337.391198
5614,337.359912
5615,337.326879
5616,337.29269
5617,337.258202
5618,337.224084
5619,337.190722
5620,337.158285
5621,337.126809
5622,337.096261
5623,337.066577
5624,337.037688
5625,337.00953
5626,336.982056
5627,336.95523
5628,336.92903
5629,336.903438
5630,336.87844
5631,336.854019
5632,338.157166
5633,338.193096
5634,338.223129
5635,338.247262
5636,338.265541
5637,338.278024
5638,338.284754
5639,338.28575
5640,338.281006
5641,338.270495
5642,338.254181
5643,338.23205
5644,338.204155
5645,338.170694
5646,338.132137
5647,338.089416
5648,338.044116
5649,337.998429
5650,337.954089
5651,337.912166
5652,337.873222
5653,337.837503
5654,337.805076
5655,337.775928
5656,337.750014
5657,337.727291
5658,337.707728
5659,337.691306
5660,337.677997
5661,337.667727
5662,337.660276
5663,337.655115
5664,337.651141
5665,337.646571
5666,337.640429
5667,337.632274
5668,337.621936
5669,337.609367
5670,337.594558
5671,337.577495
5672,337.558146
5673,337.536444
5674,337.512293
5675,337.485574
5676,337.456164
5677,337.423977
5678,337.38904
5679,337.351645
5680,337.312623
5681,337.273657
5682,337.235753
5683,337.199327
5684,337.164465
5685,337.131098
5686,337.099096
5687,337.068312
5688,337.038608
5689,337.009867
5690,336.981989
5691,336.954899
5692,336.928537
5693,336.902859
5694,336.877827
5695,336.85341
5696,338.098022
5697,338.131364
5698,338.159468
5699,338.182258
5700,338.199712
5701,338.211837
5702,338.218651
5703,338.220172
5704,338.216421
5705,338.207423
5706,338.193223
5707,338.173914
5708,338.149671
5709,338.120814
5710,338.087881
5711,338.051709
5712,338.013475
5713,337.974582
5714,337.936276
5715,337.899485
5716,337.864825
5717,337.832681
5718,337.803287
5719,337.776792
5720,337.753304
5721,337.73293
5722,337.715786
5723,337.702016
5724,337.691782
5725,337.685236
5726,337.682426
5727,337.683041
5728,337.685742
5729,337.686554
5730,337.684429
5731,337.67917
5732,337.670839
5733,337.659558
5734,337.645435
5735,337.628533
5736,337.608858
5737,337.586354
5738,337.560903
5739,337.532329
5740,337.500408
5741,337.464898
5742,337.425599
5743,337.382548
5744,337.336599
5745,337.291702
5746,337.249145
5747,337.209151
5748,337.171565
5749,337.136119
5750,337.102534
5751,337.070554
5752,337.039959
5753,337.010563
5754,336.982219
5755,336.954806
5756,336.928233
5757,336.902428
5758,336.877332
5759,336.852901
5760,338.054767
5761,338.086181
5762,338.112823
5763,338.134581
5764,338.151396
5765,338.163245
5766,338.17013
5767,338.172072
5768,338.16911
5769,338.161305
5770,338.148758
5771,338.131625
5772,338.110152
5773,338.084709
5774,338.055832
5775,338.024251
5776,337.990885
5777,337.956753
5778,337.922816
5779,337.889871
5780,337.85853
5781,337.829246
5782,337.802354
5783,337.778119
5784,337.756774
5785,337.738552
5786,337.723712
5787,337.712568
5788,337.7055
5789,337.702973
5790,337.705518
5791,337.713607
5792,337.727059
5793,337.734862
5794,337.737466
5795,337.735458
5796,337.729335
5797,337.719473
5798,337.706133
5799,337.689468
5800,337.66953
5801,337.64627
5802,337.619541
5803,337.589096
5804,337.554575
5805,337.5155
5806,337.471251
5807,337.421046
5808,337.364037
5809,337.311471
5810,337.263508
5811,337.219593
5812,337.179104
5813,337.14148
5814,337.106253
5815,337.073034
5816,337.041511
5817,337.011429
5818,336.982586
5819,336.954821
5820,336.92801
5821,336.902055
5822,336.87688
5823,336.852426
5824,338.025585
5825,338.055686
5826,338.081321
5827,338.102363
5828,338.118732
5829,338.130391
5830,338.137334
5831,338.139582
5832,338.137188
5833,338.130237
5834,338.118862
5835,338.103259
5836,338.083706
5837,338.060592
5838,338.034433
5839,338.00588
5840,337.975702
5841,337.944725
5842,337.913748
5843,337.883484
5844,337.854528
5845,337.827368
5846,337.802402
5847,337.77998
5848,337.760426
5849,337.744079
5850,337.731327
5851,337.722637
5852,337.718606
5853,337.720014
5854,337.727924
5855,337.743846
5856,337.770149
5857,337.785318
5858,337.79269
5859,337.793918
5860,337.78999
5861,337.781549
5862,337.769011
5863,337.752619
5864,337.73247
5865,337.708522
5866,337.680598
5867,337.648373
5868,337.611351
5869,337.568808
5870,337.519648
5871,337.461987
5872,337.391749
5873,337.331134
5874,337.27772
5875,337.229909
5876,337.186549
5877,337.146779
5878,337.109933
5879,337.075493
5880,337.043051
5881,337.012285
5882,336.982942
5883,336.95482
5884,336.927764
5885,336.901653
5886,336.876395
5887,336.851917
5888,338.009256
5889,338.038618
5890,338.063685
5891,338.084321
5892,338.10044
5893,338.111996
5894,338.11898
5895,338.121414
5896,338.11936
5897,338.112915
5898,338.102229
5899,338.087517
5900,338.069074
5901,338.047293
5902,338.022675
5903,337.995829
5904,337.967449
5905,337.938272
5906,337.909022
5907,337.880368
5908,337.8529
5909,337.827124
5910,337.803484
5911,337.782381
5912,337.764211
5913,337.749394
5914,337.738416
5915,337.73187
5916,337.730517
5917,337.735356
5918,337.747732
5919,337.769441
5920,337.802708
5921,337.823326
5922,337.834674
5923,337.838743
5924,337.836794
5925,337.829657
5926,337.81787
5927,337.801752
5928,337.781435
5929,337.756884
5930,337.727892
5931,337.694073
5932,337.654817
5933,337.60922
5934,337.555909
5935,337.492631
5936,337.41519
5937,337.348606
5938,337.290621
5939,337.239356
5940,337.193383
5941,337.151629
5942,337.113274
5943,337.077689
5944,337.044382
5945,337.01297
5946,336.983151
5947,336.954689
5948,336.927401
5949,336.901143
5950,336.875807
5951,336.851311
5952,338.0051
5953,338.034275
5954,338.059199
5955,338.079736
5956,338.095799
5957,338.107338
5958,338.114344
5959,338.116842
5960,338.114895
5961,338.108604
5962,338.098124
5963,338.083676
5964,338.065559
5965,338.044169
5966,338.020006
5967,337.99367
5968,337.96584
5969,337.937237
5970,337.908574
5971,337.880515
5972,337.853658
5973,337.828527
5974,337.805589
5975,337.785284
5976,337.768048
5977,337.754358
5978,337.744767
5979,337.739955
5980,337.740785
5981,337.748375
5982,337.764169
5983,337.789962
5984,337.827647
5985,337.852117
5986,337.866533
5987,337.872921
5988,337.872645
5989,337.866636
5990,337.855513
5991,337.839645
5992,337.819194
5993,337.794125
5994,337.764214
5995,337.729025
5996,337.687877
5997,337.639765
5998,337.583208
5999,337.515901
6000,337.433848
6001,337.363011
6002,337.301475
6003,337.247373
6004,337.199176
6005,337.155696
6006,337.116011
6007,337.079407
6008,337.045328
6009,337.013337
6010,336.983093
6011,336.954327
6012,336.926832
6013,336.900447
6014,336.87505
6015,336.850546
6016,338.012941
6017,338.042475
6018,338.067679
6019,338.088423
6020,338.104621
6021,338.116229
6022,338.123239
6023,338.125678
6024,338.123603
6025,338.117114
6026,338.106357
6027,338.091547
6028,338.07298
6029,338.051053
6030,338.026278
6031,337.999283
6032,337.970787
6033,337.941561
6034,337.912363
6035,337.883894
6036,337.856771
6037,337.831534
6038,337.808664
6039,337.788611
6040,337.771832
6041,337.75883
6042,337.750196
6043,337.746655
6044,337.749125
6045,337.758769
6046,337.777046
6047,337.805678
6048,337.846333
6049,337.873498
6050,337.890176
6051,337.89835
6052,337.899405
6053,337.894316
6054,337.883742
6055,337.868085
6056,337.847525
6057,337.82203
6058,337.791361
6059,337.755054
6060,337.712387
6061,337.662311
6062,337.603321
6063,337.533147
6064,337.447943
6065,337.37409
6066,337.309907
6067,337.253595
6068,337.203613
6069,337.158717
6070,337.117926
6071,337.080468
6072,337.045738
6073,337.01326
6074,336.982659
6075,336.953643
6076,336.925982
6077,336.8995
6078,336.874064
6079,336.849571
6080,338.033106
6081,338.063555
6082,338.089469
6083,338.110727
6084,338.127253
6085,338.139015
6086,338.146012
6087,338.148268
6088,338.145833
6089,338.138791
6090,338.127273
6091,338.111468
6092,338.091657
6093,338.068234
6094,338.041736
6095,338.01285
6096,337.982403
6097,337.95129
6098,337.920384
6099,337.890459
6100,337.862169
6101,337.836061
6102,337.812609
6103,337.792251
6104,337.775437
6105,337.762668
6106,337.754541
6107,337.751797
6108,337.755366
6109,337.766418
6110,337.786392
6111,337.816937
6112,337.859578
6113,337.88858
6114,337.906852
6115,337.916324
6116,337.918372
6117,337.91398
6118,337.903828
6119,337.888335
6120,337.867688
6121,337.84186
6122,337.8106
6123,337.773432
6124,337.729613
6125,337.678082
6126,337.617339
6127,337.545163
6128,337.457792
6129,337.381837
6130,337.315753
6131,337.257812
6132,337.206481
6133,337.160498
6134,337.118847
6135,337.080723
6136,337.045487
6137,337.012632
6138,336.981761
6139,336.95256
6140,336.924784
6141,336.898244
6142,336.872797
6143,336.848336
6144,338.066435
6145,338.098385
6146,338.125452
6147,338.147534
6148,338.164583
6149,338.176585
6150,338.183551
6151,338.185503
6152,338.182479
6153,338.174537
6154,338.161769
6155,338.144324
6156,338.12244
6157,338.096493
6158,338.067041
6159,338.034871
6160,338.000997
6161,337.966563
6162,337.932647
6163,337.900141
6164,337.869738
6165,337.841974
6166,337.817283
6167,337.796061
6168,337.77872
6169,337.765728
6170,337.757662
6171,337.755248
6172,337.759404
6173,337.771285
6174,337.792294
6175,337.824023
6176,337.867909
6177,337.898082
6178,337.917394
6179,337.927732
6180,337.930454
6181,337.926543
6182,337.916683
6183,337.901301
6184,337.880589
6185,337.854518
6186,337.822835
6187,337.785055
6188,337.740429
6189,337.687896
6190,337.62597
6191,337.552464
6192,337.463668
6193,337.386321
6194,337.318962
6195,337.259908
6196,337.207644
6197,337.160901
6198,337.11865
6199,337.080062
6200,337.044476
6201,337.011369
6202,336.980324
6203,336.951013
6204,336.923181
6205,336.896629
6206,336.871207
6207,336.846802
6208,338.114328
6209,338.148406
6210,338.177084
6211,338.200306
6212,338.218068
6213,338.230395
6214,338.237313
6215,338.238847
6216,338.235015
6217,338.225833
6218,338.211335
6219,338.191592
6220,338.166766
6221,338.137164
6222,338.103341
6223,338.066202
6224,338.027072
6225,337.987573
6226,337.949134
6227,337.912804
6228,337.879291
6229,337.849068
6230,337.822488
6231,337.799858
6232,337.781512
6233,337.767858
6234,337.759423
6235,337.756896
6236,337.761164
6237,337.773351
6238,337.794827
6239,337.827138
6240,337.871664
6241,337.90246
6242,337.922338
6243,337.933158
6244,337.936261
6245,337.932624
6246,337.922929
6247,337.907606
6248,337.886847
6249,337.860622
6250,337.828678
6251,337.790525
6252,337.745414
6253,337.692284
6254,337.629663
6255,337.555386
6256,337.465768
6257,337.38762
6258,337.319523
6259,337.259823
6260,337.207017
6261,337.159837
6262,337.117244
6263,337.0784
6264,337.042633
6265,337.009406
6266,336.978292
6267,336.948955
6268,336.921131
6269,336.894617
6270,336.869258
6271,336.844937
6272,338.178807
6273,338.215688
6274,338.246445
6275,338.271111
6276,338.289766
6277,338.302492
6278,338.309348
6279,338.310359
6280,338.305517
6281,338.294781
6282,338.278094
6283,338.255411
6284,338.226743
6285,338.192249
6286,338.152382
6287,338.108127
6288,338.061284
6289,338.014478
6290,337.969712
6291,337.928182
6292,337.890522
6293,337.857054
6294,337.827963
6295,337.803414
6296,337.78362
6297,337.768893
6298,337.759687
6299,337.756631
6300,337.76057
6301,337.772589
6302,337.794024
6303,337.826388
6304,337.871029
6305,337.901965
6306,337.921988
6307,337.93294
6308,337.93615
6309,337.932588
6310,337.922935
6311,337.907619
6312,337.886831
6313,337.86054
6314,337.828492
6315,337.790195
6316,337.7449
6317,337.69155
6318,337.628675
6319,337.55412
6320,337.464211
6321,337.385783
6322,337.317435
6323,337.257523
6324,337.204549
6325,337.157245
6326,337.114571
6327,337.075683
6328,337.039906
6329,337.006696
6330,336.975623
6331,336.946347
6332,336.918602
6333,336.892179
6334,336.866924
6335,336.842717
6336,338.26257
6337,338.302961
6338,338.336239
6339,338.36262
6340,338.382318
6341,338.395505
6342,338.402282
6343,338.40268
6344,338.396655
6345,338.384094
6346,338.364817
6347,338.338605
6348,338.305232
6349,338.264557
6350,338.21671
6351,338.162508
6352,338.104306
6353,338.047185
6354,337.993957
6355,337.945772
6356,337.90296
6357,337.86552
6358,337.833369
6359,337.806453
6360,337.784819
6361,337.768653
6362,337.758309
6363,337.754344
6364,337.757542
6365,337.768947
6366,337.789865
6367,337.821788
6368,337.866053
6369,337.89668
6370,337.916449
6371,337.927196
6372,337.930248
6373,337.926569
6374,337.916838
6375,337.901477
6376,337.880678
6377,337.854407
6378,337.822409
6379,337.784194
6380,337.73901
6381,337.6858
6382,337.623093
6383,337.548729
6384,337.459031
6385,337.38082
6386,337.312688
6387,337.252984
6388,337.200208
6389,337.153092
6390,337.110596
6391,337.071878
6392,337.036264
6393,337.003212
6394,336.972293
6395,336.943169
6396,336.915572
6397,336.889297
6398,336.864187
6399,336.840126
6400,338.368936
6401,338.413491
6402,338.449638
6403,338.477922
6404,338.498763
6405,338.512443
6406,338.519122
6407,338.518835
6408,338.511499
6409,338.49691
6410,338.474742
6411,338.444546
6412,338.405761
6413,338.357746
6414,338.299902
6415,338.232096
6416,338.156316
6417,338.084878
6418,338.020896
6419,337.964713
6420,337.915907
6421,337.873925
6422,337.838285
6423,337.808651
6424,337.784861
6425,337.766946
6426,337.755142
6427,337.749915
6428,337.751984
6429,337.762344
6430,337.782276
6431,337.813265
6432,337.85666
6433,337.886521
6434,337.905633
6435,337.915839
6436,337.918466
6437,337.914478
6438,337.904547
6439,337.889092
6440,337.868299
6441,337.842134
6442,337.810342
6443,337.772434
6444,337.727659
6445,337.674957
6446,337.612848
6447,337.539155
6448,337.450183
6449,337.372698
6450,337.305257
6451,337.246188
6452,337.19398
6453,337.147366
6454,337.105308
6455,337.066975
6456,337.031697
6457,336.998943
6458,336.968292
6459,336.939409
6460,336.912033
6461,336.885961
6462,336.861041
6463,336.837156
6464,338.501297
6465,338.550343
6466,338.589464
6467,338.619702
6468,338.641705
6469,338.655877
6470,338.662434
6471,338.661415
6472,338.652694
6473,338.635971
6474,338.610755
6475,338.576344
6476,338.531779
6477,338.47577
6478,338.406537
6479,338.321359
6480,338.21515
6481,338.125108
6482,338.048686
6483,337.983703
6484,337.928445
6485,337.881607
6486,337.842231
6487,337.809655
6488,337.783486
6489,337.763579
6490,337.750041
6491,337.743233
6492,337.743797
6493,337.752677
6494,337.771131
6495,337.800656
6496,337.842641
6497,337.87124
6498,337.88926
6499,337.898567
6500,337.900492
6501,337.895997
6502,337.885745
6503,337.870145
6504,337.849377
6505,337.823406
6506,337.791978
6507,337.754609
6508,337.710554
6509,337.658751
6510,337.597706
6511,337.525212
6512,337.437538
6513,337.361337
6514,337.295103
6515,337.237122
6516,337.185869
6517,337.140076
6518,337.09872
6519,337.060983
6520,337.026214
6521,336.993898
6522,336.963624
6523,336.935071
6524,336.907986
6525,336.882173
6526,336.857484
6527,336.833807
6528,338.620558
6529,338.673851
6530,338.715809
6531,338.747902
6532,338.770997
6533,338.785616
6534,338.792026
6535,338.790275
6536,338.780192
6537,338.761384
6538,338.733207
6539,338.694717
6540,338.644585
6541,338.580938
6542,338.500999
6543,338.400183
6544,338.269483
6545,338.162797
6546,338.074638
6547,338.00113
6548,337.939521
6549,337.887846
6550,337.844698
6551,337.809103
6552,337.780434
6553,337.75837
6554,337.742875
6555,337.734198
6556,337.732891
6557,337.739836
6558,337.756268
6559,337.783712
6560,337.823649
6561,337.850402
6562,337.866835
6563,337.874846
6564,337.875774
6565,337.870568
6566,337.85987
6567,337.844074
6568,337.823351
6569,337.797661
6570,337.766759
6571,337.730172
6572,337.687169
6573,337.636696
6574,337.577248
6575,337.506577
6576,337.420879
6577,337.346624
6578,337.282186
6579,337.225793
6580,337.175902
6581,337.13126
6582,337.090868
6583,337.053937
6584,337.019845
6585,336.988098
6586,336.958309
6587,336.930171
6588,336.903444
6589,336.877943
6590,336.853526
6591,336.830087
6592,338.712076
6593,338.768996
6594,338.813463
6595,338.847209
6596,338.871267
6597,338.886257
6598,338.892494
6599,338.890028
6600,338.878654
6601,338.857896
6602,338.826977
6603,338.784757
6604,338.729624
6605,338.65931
6606,338.570521
6607,338.458123
6608,338.313224
6609,338.194321
6610,338.09651
6611,338.015538
6612,337.948155
6613,337.891961
6614,337.845209
6615,337.806659
6616,337.775476
6617,337.751167
6618,337.733551
6619,337.722752
6620,337.719213
6621,337.723733
6622,337.737506
6623,337.762101
6624,337.799169
6625,337.823341
6626,337.837593
6627,337.843865
6628,337.84348
6629,337.83735
6630,337.826084
6631,337.810044
6632,337.789385
6633,337.764066
6634,337.733853
6635,337.698297
6636,337.656699
6637,337.608038
6638,337.550819
6639,337.482754
6640,337.399912
6641,337.328432
6642,337.266491
6643,337.212242
6644,337.164147
6645,337.12099
6646,337.08182
6647,337.045896
6648,337.012637
6649,336.981585
6650,336.952379
6651,336.924734
6652,336.898428
6653,336.873288
6654,336.849181
6655,336.826008
6656,338.781381
6657,338.841179
6658,338.887697
6659,338.922809
6660,338.947651
6661,338.962913
6662,338.968944
6663,338.965798
6664,338.953236
6665,338.930719
6666,338.897367
6667,338.851896
6668,338.792509
6669,338.716722
6670,338.621042
6671,338.500292
6672,338.345993
6673,338.218307
6674,338.113008
6675,338.025908
6676,337.953581
6677,337.89339
6678,337.843359
6679,337.802043
6680,337.768428
6681,337.741865
6682,337.722027
6683,337.708898
6684,337.702785
6685,337.704356
6686,337.714709
6687,337.735431
6688,337.76845
6689,337.789053
6690,337.800407
6691,337.804446
6692,337.802422
6693,337.795164
6694,337.783214
6695,337.766887
6696,337.746314
6697,337.721452
6698,337.692085
6699,337.657805
6700,337.617977
6701,337.571657
6702,337.517427
6703,337.453004
6704,337.374273
6705,337.306674
6706,337.248075
6707,337.196588
6708,337.150734
6709,337.109385
6710,337.071679
6711,337.036946
6712,337.004662
6713,336.974416
6714,336.94588
6715,336.918799
6716,336.89297
6717,336.868235
6718,336.844473
6719,336.821593
6720,338.832002
6721,338.893946
6722,338.942016
6723,338.978158
6724,339.003571
6725,339.018989
6726,339.024782
6727,339.021003
6728,339.00739
6729,338.983355
6730,338.947944
6731,338.899779
6732,338.836954
6733,338.756884
6734,338.656026
6735,338.529282
6736,338.368446
6737,338.234462
6738,338.123539
6739,338.03163
6740,337.955276
6741,337.89172
6742,337.838841
6743,337.795042
6744,337.759166
6745,337.73042
6746,337.708333
6747,337.692736
6748,337.683756
6749,337.681857
6750,337.687909
6751,337.703331
6752,337.730306
6753,337.745964
6754,337.753579
6755,337.75488
6756,337.750911
6757,337.742346
6758,337.729616
6759,337.712971
6760,337.692508
6761,337.66818
6762,337.639798
6763,337.607018
6764,337.569304
6765,337.525866
6766,337.475496
6767,337.416136
6768,337.343614
6769,337.281428
6770,337.227162
6771,337.179069
6772,337.135874
6773,337.096624
6774,337.060589
6775,337.0272
6776,336.996009
6777,336.966661
6778,336.938871
6779,336.912413
6780,336.887108
6781,336.862816
6782,336.83943
6783,336.816867
6784,338.866368
6785,338.929774
6786,338.978896
6787,339.015717
6788,339.041472
6789,339.056919
6790,339.062443
6791,339.058092
6792,339.043588
6793,339.018307
6794,338.981248
6795,338.930974
6796,338.865521
6797,338.782262
6798,338.677659
6799,338.546697
6800,338.381319
6801,338.2429
6802,338.127899
6803,338.032391
6804,337.952922
6805,337.88668
6806,337.831448
6807,337.785523
6808,337.747631
6809,337.716853
6810,337.69258
6811,337.674477
6812,337.662458
6813,337.656688
6814,337.657587
6815,337.665849
6816,337.682418
6817,337.691345
6818,337.694392
6819,337.692528
6820,337.686379
6821,337.676376
6822,337.662803
6823,337.645825
6824,337.625497
6825,337.601771
6826,337.574491
6827,337.543389
6828,337.508068
6829,337.467967
6830,337.42229
6831,337.369781
6832,337.308007
6833,337.253226
6834,337.204268
6835,337.160101
6836,337.119885
6837,337.082943
6838,337.048728
6839,337.016796
6840,336.986786
6841,336.958406
6842,336.931417
6843,336.905629
6844,336.880887
6845,336.857071
6846,336.834086
6847,336.81186
6848,338.886157
6849,338.950386
6850,339.000074
6851,339.037223
6852,339.063087
6853,339.078435
6854,339.08366
6855,339.078808
6856,339.063586
6857,339.03735
6858,338.999068
6859,338.947269
6860,338.879959
6861,338.794498
6862,338.687363
6863,338.553597
6864,338.385218
6865,338.243844
6866,338.126073
6867,338.028053
6868,337.946347
6869,337.878108
6870,337.82106
6871,337.773421
6872,337.733822
6873,337.701242
6874,337.674946
6875,337.654437
6876,337.639413
6877,337.629706
6878,337.625181
6879,337.625446
6880,337.628992
6881,337.630385
6882,337.628545
6883,337.623357
6884,337.614942
6885,337.603456
6886,337.589024
6887,337.57172
6888,337.551559
6889,337.528487
6890,337.502385
6891,337.473067
6892,337.440283
6893,337.403731
6894,337.363106
6895,337.318276
6896,337.269992
6897,337.223578
6898,337.180321
6899,337.14028
6900,337.103169
6901,337.068627
6902,337.036304
6903,337.005888
6904,336.97711
6905,336.949742
6906,336.923593
6907,336.898507
6908,336.874357
6909,336.851041
6910,336.828478
6911,336.806605
6912,338.892454
6913,338.956903
6914,339.006688
6915,339.043819
6916,339.069557
6917,339.084679
6918,339.089578
6919,339.0843
6920,339.068543
6921,339.04165
6922,339.002574
6923,338.949823
6924,338.881391
6925,338.794631
6926,338.68603
6927,338.550661
6928,338.380571
6929,338.237498
6930,338.118105
6931,338.018576
6932,337.935473
6933,337.86593
6934,337.807626
6935,337.758724
6936,337.717786
6937,337.683706
6938,337.655647
6939,337.632978
6940,337.615222
6941,337.60197
6942,337.592761
6943,337.586852
6944,337.582843
6945,337.578383
6946,337.572294
6947,337.564078
6948,337.553557
6949,337.540686
6950,337.52546
6951,337.507876
6952,337.487909
6953,337.465506
6954,337.440579
6955,337.413014
6956,337.382685
6957,337.349488
6958,337.313423
6959,337.274769
6960,337.234463
6961,337.194641
6962,337.156443
6963,337.120272
6964,337.086158
6965,337.053973
6966,337.023531
6967,336.994636
6968,336.967103
6969,336.940764
6970,336.915474
6971,336.89111
6972,336.86757
6973,336.844771
6974,336.822645
6975,336.80114
6976,338.885834
6977,338.94992
6978,338.999343
6979,339.036114
6980,339.061494
6981,339.076262
6982,339.080813
6983,339.075188
6984,339.059083
6985,339.031837
6986,338.992394
6987,338.939258
6988,338.870412
6989,338.783207
6990,338.674128
6991,338.538248
6992,338.367614
6993,338.223989
6994,338.104042
6995,338.003955
6996,337.920279
6997,337.850127
6998,337.791148
6999,337.741468
7000,337.699599
7001,337.664379
7002,337.634893
7003,337.610421
7004,337.590367
7005,337.574188
7006,337.561293
7007,337.550923
7008,337.542019
7009,337.533294
7010,337.523831
7011,337.513083
7012,337.500752
7013,337.486678
7014,337.470771
7015,337.452973
7016,337.433232
7017,337.411492
7018,337.38769
7019,337.361767
7020,337.333679
7021,337.303437
7022,337.271169
7023,337.237221
7024,337.202286
7025,337.167416
7026,337.133383
7027,337.1006
7028,337.069219
7029,337.039245
7030,337.010605
7031,336.983189
7032,336.956881
7033,336.931565
7034,336.907136
7035,336.883501
7036,336.860579
7037,336.838306
7038,336.816627
7039,336.7955
7040,338.866401
7041,338.929544
7042,338.978148
7043,339.014216
7044,339.039006
7045,339.053295
7046,339.057473
7047,339.051583
7048,339.035322
7049,339.008028
7050,338.968651
7051,338.915694
7052,338.847142
7053,338.760338
7054,338.651752
7055,338.516432
7056,338.346397
7057,338.203344
7058,338.083897
7059,337.984199
7060,337.900778
7061,337.830723
7062,337.771668
7063,337.721716
7064,337.679357
7065,337.643394
7066,337.612869
7067,337.587008
7068,337.565153
7069,337.546704
7070,337.531049
7071,337.517499
7072,337.505253
7073,337.493466
7074,337.481445
7075,337.4687
7076,337.454904
7077,337.439851
7078,337.423406
7079,337.405476
7080,337.385991
7081,337.364896
7082,337.342144
7083,337.317709
7084,337.291594
7085,337.263861
7086,337.234669
7087,337.20432
7088,337.17329
7089,337.142181
7090,337.111501
7091,337.081587
7092,337.052617
7093,337.024654
7094,336.997691
7095,336.971679
7096,336.946551
7097,336.922232
7098,336.89865
7099,336.875738
7100,336.853435
7101,336.831692
7102,336.810466
7103,336.789723
7104,338.833792
7105,338.8954
7106,338.942718
7107,338.977737
7108,339.001704
7109,339.015387
7110,339.019172
7111,339.0131
7112,338.996874
7113,338.969842
7114,338.930967
7115,338.878766
7116,338.811234
7117,338.725708
7118,338.618634
7119,338.485004
7120,338.316777
7121,338.175483
7122,338.057641
7123,337.95932
7124,337.877008
7125,337.807777
7126,337.74926
7127,337.69956
7128,337.657168
7129,337.620877
7130,337.58972
7131,337.562899
7132,337.539739
7133,337.519631
7134,337.501984
7135,337.486194
7136,337.471628
7137,337.457664
7138,337.443765
7139,337.429511
7140,337.414594
7141,337.398796
7142,337.381964
7143,337.363988
7144,337.344791
7145,337.324316
7146,337.302529
7147,337.279418
7148,337.255009
7149,337.229377
7150,337.20267
7151,337.175125
7152,337.147069
7153,337.118881
7154,337.090905
7155,337.063395
7156,337.036514
7157,337.010346
7158,336.984915
7159,336.960211
7160,336.9362
7161,336.91284
7162,336.890082
7163,336.867879
7164,336.846189
7165,336.824973
7166,336.804202
7167,336.783846
7168,338.787163
7169,338.846611
7170,338.892162
7171,338.925779
7172,338.948687
7173,338.961638
7174,338.965006
7175,338.958835
7176,338.942835
7177,338.916375
7178,338.878447
7179,338.827599
7180,338.761853
7181,338.678554
7182,338.574119
7183,338.443459
7184,338.278417
7185,338.140227
7186,338.025217
7187,337.929344
7188,337.849044
7189,337.781392
7190,337.724039
7191,337.67512
7192,337.633153
7193,337.596953
7194,337.565564
7195,337.5382
7196,337.514195
7197,337.492958
7198,337.473941
7199,337.456611
7200,337.44045
7201,337.424968
7202,337.409733
7203,337.39439
7204,337.378662
7205,337.36234
7206,337.345268
7207,337.327333
7208,337.308454
7209,337.288577
7210,337.267671
7211,337.245732
7212,337.22279
7213,337.198916
7214,337.174233
7215,337.14892
7216,337.123205
7217,337.097342
7218,337.071567
7219,337.046072
7220,337.020993
7221,336.99641
7222,336.972365
7223,336.948866
7224,336.925904
7225,336.903454
7226,336.881488
7227,336.859975
7228,336.838885
7229,336.818192
7230,336.797872
7231,336.777906
7232,338.72513
7233,338.781749
7234,338.825029
7235,338.856883
7236,338.878497
7237,338.890589
7238,338.893519
7239,338.887326
7240,338.87174
7241,338.84616
7242,338.809625
7243,338.760745
7244,338.697602
7245,338.617585
7246,338.5171
7247,338.390954
7248,338.230786
7249,338.097325
7250,337.986578
7251,337.894342
7252,337.81702
7253,337.751722
7254,337.696164
7255,337.648548
7256,337.607453
7257,337.571743
7258,337.540504
7259,337.512983
7260,337.488542
7261,337.466627
7262,337.446735
7263,337.428399
7264,337.411183
7265,337.394682
7266,337.378541
7267,337.362457
7268,337.346187
7269,337.329537
7270,337.312362
7271,337.294549
7272,337.276019
7273,337.256719
7274,337.23662
7275,337.21572
7276,337.194044
7277,337.171653
7278,337.148642
7279,337.125145
7280,337.101322
7281,337.07735
7282,337.053397
7283,337.029603
7284,337.006078
7285,336.982895
7286,336.960097
7287,336.937704
7288,336.915717
7289,336.894127
7290,336.872918
7291,336.852071
7292,336.831567
7293,336.811386
7294,336.791514
7295,336.771936
7296,338.64566
7297,338.698725
7298,338.739212
7299,338.768945
7300,338.789033
7301,338.800147
7302,338.802616
7303,338.796477
7304,338.781479
7305,338.757071
7306,338.722366
7307,338.676073
7308,338.616394
7309,338.540836
7310,338.445869
7311,338.326217
7312,338.173166
7313,338.046523
7314,337.941756
7315,337.854492
7316,337.781168
7317,337.719007
7318,337.665856
7319,337.620038
7320,337.580231
7321,337.545382
7322,337.51464
7323,337.487303
7324,337.46278
7325,337.440562
7326,337.420196
7327,337.401269
7328,337.383409
7329,337.366274
7330,337.349565
7331,337.333025
7332,337.316439
7333,337.299635
7334,337.282477
7335,337.26486
7336,337.246708
7337,337.22797
7338,337.208617
7339,337.188646
7340,337.168075
7341,337.146951
7342,337.125346
7343,337.103357
7344,337.081101
7345,337.058701
7346,337.036277
7347,337.013936
7348,336.991763
7349,336.969819
7350,336.948145
7351,336.926763
7352,336.905683
7353,336.884903
7354,336.864415
7355,336.844209
7356,336.824273
7357,336.804594
7358,336.785163
7359,336.765969
7360,338.545854
7361,338.594584
7362,338.631758
7363,338.659027
7364,338.677381
7365,338.687406
7366,338.689394
7367,338.683373
7368,338.669119
7369,338.646146
7370,338.613671
7371,338.570554
7372,338.515201
7373,338.445373
7374,338.357803
7375,338.247319
7376,338.104716
7377,337.987724
7378,337.891011
7379,337.810173
7380,337.741872
7381,337.683591
7382,337.633409
7383,337.589831
7384,337.551682
7385,337.518019
7386,337.488074
7387,337.461217
7388,337.436911
7389,337.4147
7390,337.394178
7391,337.374987
7392,337.356802
7393,337.339334
7394,337.322327
7395,337.30556
7396,337.288847
7397,337.272034
7398,337.254998
7399,337.237643
7400,337.219897
7401,337.201712
7402,337.183058
7403,337.163927
7404,337.144334
7405,337.12431
7406,337.10391
7407,337.083202
7408,337.06227
7409,337.041204
7410,337.02009
7411,336.999007
7412,336.97802
7413,336.957181
7414,336.936523
7415,336.916071
7416,336.895834
7417,336.875816
7418,336.856015
7419,336.836425
7420,336.817039
7421,336.79785
7422,336.778852
7423,336.760038
7424,338.421409
7425,338.465013
7426,338.498402
7427,338.522918
7428,338.539361
7429,338.548208
7430,338.549697
7431,338.543846
7432,338.530464
7433,338.509143
7434,338.47923
7435,338.439792
7436,338.389539
7437,338.326683
7438,338.24861
7439,338.150984
7440,338.024767
7441,337.921376
7442,337.835071
7443,337.762088
7444,337.699726
7445,337.645952
7446,337.599197
7447,337.558221
7448,337.52203
7449,337.489818
7450,337.460921
7451,337.434786
7452,337.410943
7453,337.388988
7454,337.368567
7455,337.349368
7456,337.33111
7457,337.313546
7458,337.296455
7459,337.279648
7460,337.262962
7461,337.246263
7462,337.229439
7463,337.212403
7464,337.19509
7465,337.177452
7466,337.15946
7467,337.141104
7468,337.12239
7469,337.10334
7470,337.083991
7471,337.064394
7472,337.044608
7473,337.024696
7474,337.004722
7475,336.984744
7476,336.964813
7477,336.944967
7478,336.925237
7479,336.905642
7480,336.886193
7481,336.866895
7482,336.847748
7483,336.828751
7484,336.809898
7485,336.791186
7486,336.772612
7487,336.754172
7488,338.265176
7489,338.303034
7490,338.332308
7491,338.353857
7492,338.368251
7493,338.375846
7494,338.376819
7495,338.371178
7496,338.358767
7497,338.339265
7498,338.31217
7499,338.276788
7500,338.232206
7501,338.177256
7502,338.110473
7503,338.030076
7504,337.934292
7505,337.849332
7506,337.775467
7507,337.711368
7508,337.655551
7509,337.606693
7510,337.56367
7511,337.525541
7512,337.491523
7513,337.460961
7514,337.433303
7515,337.408081
7516,337.384894
7517,337.363395
7518,337.343277
7519,337.324272
7520,337.306138
7521,337.288664
7522,337.27166
7523,337.254963
7524,337.238432
7525,337.221948
7526,337.205412
7527,337.188747
7528,337.171891
7529,337.154799
7530,337.137444
7531,337.119811
7532,337.101902
7533,337.083729
7534,337.065318
7535,337.046704
7536,337.027928
7537,337.009036
7538,336.990073
7539,336.971083
7540,336.952102
7541,336.933161
7542,336.914284
7543,336.895486
7544,336.876777
7545,336.858162
7546,336.839642
7547,336.821216
7548,336.80288
7549,336.784633
7550,336.766474
7551,336.748401
7552,338.114366
7553,338.146362
7554,338.171391
7555,338.189876
7556,338.202159
7557,338.208469
7558,338.208919
7559,338.203504
7560,338.192102
7561,338.174479
7562,338.150285
7563,338.119064
7564,338.080276
7565,338.033351
7566,337.977852
7567,337.91391
7568,337.843612
7569,337.77621
7570,337.714681
7571,337.659517
7572,337.610339
7573,337.566499
7574,337.527317
7575,337.49215
7576,337.460425
7577,337.431638
7578,337.40535
7579,337.38118
7580,337.358796
7581,337.337904
7582,337.318246
7583,337.299592
7584,337.281737
7585,337.2645
7586,337.247719
7587,337.231253
7588,337.21498
7589,337.198796
7590,337.182613
7591,337.166361
7592,337.149985
7593,337.133443
7594,337.116707
7595,337.099761
7596,337.082601
7597,337.065234
7598,337.047674
7599,337.029947
7600,337.01208
7601,336.994105
7602,336.976055
7603,336.957961
7604,336.939849
7605,336.921742
7606,336.903658
7607,336.885609
7608,336.867601
7609,336.849639
7610,336.831721
7611,336.813848
7612,336.796016
7613,336.778224
7614,336.76047
7615,336.742756
7616,337.986256
7617,338.012808
7618,338.033757
7619,338.04926
7620,338.059478
7621,338.064528
7622,338.064464
7623,338.059269
7624,338.04885
7625,338.033047
7626,338.011641
7627,337.984378
7628,337.95101
7629,337.911385
7630,337.865626
7631,337.814481
7632,337.759959
7633,337.706033
7634,337.655059
7635,337.608004
7636,337.565061
7637,337.526047
7638,337.490623
7639,337.458402
7640,337.428994
7641,337.402035
7642,337.377192
7643,337.354165
7644,337.332686
7645,337.312513
7646,337.293433
7647,337.275251
7648,337.257795
7649,337.240911
7650,337.224461
7651,337.208323
7652,337.192392
7653,337.176576
7654,337.1608
7655,337.145
7656,337.129126
7657,337.113138
7658,337.09701
7659,337.080724
7660,337.064272
7661,337.047657
7662,337.030886
7663,337.013974
7664,336.99694
7665,336.979806
7666,336.962594
7667,336.945325
7668,336.928019
7669,336.910691
7670,336.893354
7671,336.876014
7672,336.858676
7673,336.841342
7674,336.824009
7675,336.806674
7676,336.789334
7677,336.771987
7678,336.754632
7679,336.737269
7680,337.877493
7681,337.899206
7682,337.916417
7683,337.929136
7684,337.937407
7685,337.941263
7686,337.940709
7687,337.935714
7688,337.92621
7689,337.912094
7690,337.893249
7691,337.869564
7692,337.840984
7693,337.80759
7694,337.769726
7695,337.728191
7696,337.684436
7697,337.640523
7698,337.598042
7699,337.557904
7700,337.520505
7701,337.485913
7702,337.454017
7703,337.424616
7704,337.39747
7705,337.37233
7706,337.348955
7707,337.327118
7708,337.306607
7709,337.287231
7710,337.268813
7711,337.251194
7712,337.234229
7713,337.217787
7714,337.201752
7715,337.18602
7716,337.170499
7717,337.15511
7718,337.139786
7719,337.12447
7720,337.109117
7721,337.093691
7722,337.078164
7723,337.06252
7724,337.046748
7725,337.030845
7726,337.014815
7727,336.998665
7728,336.982408
7729,336.966057
7730,336.949626
7731,336.933131
7732,336.916582
7733,336.899991
7734,336.883363
7735,336.866704
7736,336.850013
7737,336.833289
7738,336.816527
7739,336.799721
7740,336.782867
7741,336.765958
7742,336.748993
7743,336.731972
7744,337.784657
7745,337.802136
7746,337.816005
7747,337.826201
7748,337.83269
7749,337.835445
7750,337.834435
7751,337.829616
7752,337.820934
7753,337.808328
7754,337.791748
7755,337.771176
7756,337.746667
7757,337.718405
7758,337.686779
7759,337.652471
7760,337.616491
7761,337.580072
7762,337.54428
7763,337.509853
7764,337.477212
7765,337.446535
7766,337.417845
7767,337.391063
7768,337.36606
7769,337.342679
7770,337.320752
7771,337.300114
7772,337.280604
7773,337.262072
7774,337.244375
7775,337.227384
7776,337.210977
7777,337.195047
7778,337.179494
7779,337.164228
7780,337.149172
7781,337.134257
7782,337.119423
7783,337.104619
7784,337.089805
7785,337.074948
7786,337.060021
7787,337.045007
7788,337.029893
7789,337.014675
7790,336.999352
7791,336.983925
7792,336.968403
7793,336.952792
7794,336.937101
7795,336.921338
7796,336.905512
7797,336.889625
7798,336.873682
7799,336.857682
7800,336.841623
7801,336.825497
7802,336.809299
7803,336.793018
7804,336.776645
7805,336.760171
7806,336.743592
7807,336.726904
7808,337.704799
7809,337.718591
7810,337.729519
7811,337.737474
7812,337.742372
7813,337.744141
7814,337.74272
7815,337.738052
7816,337.730089
7817,337.718797
7818,337.704165
7819,337.686228
7820,337.665091
7821,337.64097
7822,337.614227
7823,337.585406
7824,337.555222
7825,337.524486
7826,337.493938
7827,337.46415
7828,337.435502
7829,337.408208
7830,337.382358
7831,337.357951
7832,337.334932
7833,337.313211
7834,337.29268
7835,337.273223
7836,337.254719
7837,337.237054
7838,337.220114
7839,337.203795
7840,337.187997
7841,337.172629
7842,337.157609
7843,337.142859
7844,337.128312
7845,337.113909
7846,337.099596
7847,337.085329
7848,337.071071
7849,337.05679
7850,337.042464
7851,337.028073
7852,337.013604
7853,336.999051
7854,336.984409
7855,336.969678
7856,336.95486
7857,336.939957
7858,336.924975
7859,336.909917
7860,336.894786
7861,336.879583
7862,336.864306
7863,336.848953
7864,336.833515
7865,336.817984
7866,336.802348
7867,336.786593
7868,336.770704
7869,336.754666
7870,336.73847
7871,336.722108
7872,337.635492
7873,337.646079
7874,337.654447
7875,337.660451
7876,337.663965
7877,337.664878
7878,337.663102
7879,337.658567
7880,337.651224
7881,337.641051
7882,337.628057
7883,337.612302
7884,337.593909
7885,337.573088
7886,337.550153
7887,337.525531
7888,337.499746
7889,337.473366
7890,337.446929
7891,337.420874
7892,337.39553
7893,337.371108
7894,337.347726
7895,337.32543
7896,337.304213
7897,337.284032
7898,337.264821
7899,337.246502
7900,337.22899
7901,337.212195
7902,337.196031
7903,337.180412
7904,337.165257
7905,337.15049
7906,337.136041
7907,337.121845
7908,337.107843
7909,337.093982
7910,337.080218
7911,337.066508
7912,337.052821
7913,337.039126
7914,337.025402
7915,337.011631
7916,336.997799
7917,336.983897
7918,336.96992
7919,336.955863
7920,336.941727
7921,336.927511
7922,336.913216
7923,336.898843
7924,336.884389
7925,336.869855
7926,336.855234
7927,336.840519
7928,336.825701
7929,336.810767
7930,336.795699
7931,336.780478
7932,336.765082
7933,336.749489
7934,336.733679
7935,336.717636
7936,337.574751
7937,337.582563
7938,337.588739
7939,337.593091
7940,337.595442
7941,337.595645
7942,337.593584
7943,337.589173
7944,337.58236
7945,337.573124
7946,337.561484
7947,337.547505
7948,337.531311
7949,337.513093
7950,337.493114
7951,337.471716
7952,337.449294
7953,337.426272
7954,337.403051
7955,337.379981
7956,337.357338
7957,337.335319
7958,337.31405
7959,337.293601
7960,337.273994
7961,337.255217
7962,337.237236
7963,337.22
7964,337.203448
7965,337.187514
7966,337.172129
7967,337.157226
7968,337.142737
7969,337.128598
7970,337.11475
7971,337.101137
7972,337.087708
7973,337.074417
7974,337.061222
7975,337.048089
7976,337.034985
7977,337.021885
7978,337.008768
7979,336.995615
7980,336.982414
7981,336.969155
7982,336.95583
7983,336.942435
7984,336.928965
7985,336.91542
7986,336.901797
7987,336.888094
7988,336.874307
7989,336.860432
7990,336.846462
7991,336.832387
7992,336.818193
7993,336.803863
7994,336.789376
7995,336.774706
7996,336.759823
7997,336.744693
7998,336.72928
7999,336.713555
8000,337.52094
8001,337.526379
8002,337.53074
8003,337.533753
8004,337.535183
8005,337.53484
8006,337.532578
8007,337.528299
8008,337.52194
8009,337.513481
8010,337.502941
8011,337.490383
8012,337.475923
8013,337.45973
8014,337.442027
8015,337.423092
8016,337.403237
8017,337.382791
8018,337.362073
8019,337.341366
8020,337.320904
8021,337.300867
8022,337.281381
8023,337.262523
8024,337.244333
8025,337.226821
8026,337.20997
8027,337.19375
8028,337.178118
8029,337.163024
8030,337.148414
8031,337.134232
8032,337.120423
8033,337.106931
8034,337.093707
8035,337.0807
8036,337.067867
8037,337.055166
8038,337.042561
8039,337.030018
8040,337.017511
8041,337.005015
8042,336.992508
8043,336.979976
8044,336.967404
8045,336.954781
8046,336.942101
8047,336.929357
8048,336.916544
8049,336.903659
8050,336.890698
8051,336.877656
8052,336.86453
8053,336.851311
8054,336.837992
8055,336.824559
8056,336.810998
8057,336.797288
8058,336.783403
8059,336.769311
8060,336.754972
8061,336.740337
8062,336.72535
8063,336.709951
8064,337.472657
8065,337.476156
8066,337.479125
8067,337.481157
8068,337.481936
8069,337.481228
8070,337.478867
8071,337.474739
8072,337.468776
8073,337.460954
8074,337.45129
8075,337.439843
8076,337.426719
8077,337.412067
8078,337.396082
8079,337.378996
8080,337.36107
8081,337.342573
8082,337.32377
8083,337.304901
8084,337.286169
8085,337.267738
8086,337.249728
8087,337.232221
8088,337.215263
8089,337.198874
8090,337.183052
8091,337.167777
8092,337.153019
8093,337.138738
8094,337.12489
8095,337.111429
8096,337.098306
8097,337.085475
8098,337.07289
8099,337.060509
8100,337.04829
8101,337.036198
8102,337.024198
8103,337.012261
8104,337.000362
8105,336.988476
8106,336.976586
8107,336.964676
8108,336.952732
8109,336.940744
8110,336.928703
8111,336.916604
8112,336.904441
8113,336.892208
8114,336.879902
8115,336.867518
8116,336.855048
8117,336.842486
8118,336.829821
8119,336.81704
8120,336.804126
8121,336.791056
8122,336.777801
8123,336.764324
8124,336.750576
8125,336.736492
8126,336.721987
8127,336.70695
8128,337.428588
8129,337.430751
8130,337.432871
8131,337.43434
8132,337.434771
8133,337.433902
8134,337.431554
8135,337.427608
8136,337.421994
8137,337.414688
8138,337.405703
8139,337.395095
8140,337.38296
8141,337.369434
8142,337.354691
8143,337.338939
8144,337.322406
8145,337.305329
8146,337.287941
8147,337.270454
8148,337.253054
8149,337.23589
8150,337.219077
8151,337.202693
8152,337.186789
8153,337.171388
8154,337.156493
8155,337.142091
8156,337.128157
8157,337.114659
8158,337.101557
8159,337.088812
8160,337.076379
8161,337.064218
8162,337.052286
8163,337.040545
8164,337.028957
8165,337.017489
8166,337.006109
8167,336.994791
8168,336.983509
8169,336.972243
8170,336.960975
8171,336.94969
8172,336.938374
8173,336.927019
8174,336.915615
8175,336.904157
8176,336.892638
8177,336.881054
8178,336.869399
8179,336.857669
8180,336.845856
8181,336.833953
8182,336.821949
8183,336.809831
8184,336.79758
8185,336.785175
8186,336.772584
8187,336.759769
8188,336.746675
8189,336.733227
8190,336.719313
8191,336.704747
8192,337.486338
8193,337.492055
8194,337.497316
8195,337.501661
8196,337.504798
8197,337.506534
8198,337.506738
8199,337.505331
8200,337.50227
8201,337.497549
8202,337.491192
8203,337.483255
8204,337.473823
8205,337.463012
8206,337.450966
8207,337.437858
8208,337.423876
8209,337.409218
8210,337.394081
8211,337.378644
8212,337.363068
8213,337.347489
8214,337.33202
8215,337.316751
8216,337.30175
8217,337.287071
8218,337.272749
8219,337.25881
8220,337.245267
8221,337.232127
8222,337.219389
8223,337.207048
8224,337.195092
8225,337.183508
8226,337.172277
8227,337.161379
8228,337.150789
8229,337.140479
8230,337.130416
8231,337.12056
8232,337.110864
8233,337.101271
8234,337.09171
8235,337.082094
8236,337.072329
8237,337.062343
8238,337.052077
8239,337.041483
8240,337.030521
8241,337.019158
8242,337.007366
8243,336.995118
8244,336.982393
8245,336.96917
8246,336.955429
8247,336.941153
8248,336.926326
8249,336.910933
8250,336.894961
8251,336.878398
8252,336.86122
8253,336.843347
8254,336.824623
8255,336.804761
8256,337.520302
8257,337.527072
8258,337.533027
8259,337.537861
8260,337.541337
8261,337.543283
8262,337.54358
8263,337.54215
8264,337.538956
8265,337.533993
8266,337.527287
8267,337.518899
8268,337.508918
8269,337.497467
8270,337.484701
8271,337.470803
8272,337.455977
8273,337.440442
8274,337.424407
8275,337.408067
8276,337.391593
8277,337.375127
8278,337.358788
8279,337.342667
8280,337.326838
8281,337.311352
8282,337.296248
8283,337.281549
8284,337.267272
8285,337.25342
8286,337.239992
8287,337.226983
8288,337.214379
8289,337.202166
8290,337.190324
8291,337.178832
8292,337.167664
8293,337.156788
8294,337.146171
8295,337.135771
8296,337.125538
8297,337.115411
8298,337.105317
8299,337.095165
8300,337.084858
8301,337.074319
8302,337.063486
8303,337.052311
8304,337.04075
8305,337.028769
8306,337.01634
8307,337.003434
8308,336.99003
8309,336.976105
8310,336.961642
8311,336.946623
8312,336.931032
8313,336.914856
8314,336.898086
8315,336.880716
8316,336.862732
8317,336.844073
8318,336.824628
8319,336.804235
8320,337.552948
8321,337.561018
8322,337.567908
8323,337.573419
8324,337.577374
8325,337.579634
8326,337.580098
8327,337.5787
8328,337.57541
8329,337.570226
8330,337.56318
8331,337.554335
8332,337.543785
8333,337.53166
8334,337.518125
8335,337.503377
8336,337.487645
8337,337.471171
8338,337.454187
8339,337.436906
8340,337.419506
8341,337.402138
8342,337.384923
8343,337.367954
8344,337.351305
8345,337.335027
8346,337.319158
8347,337.303721
8348,337.288729
8349,337.274187
8350,337.260092
8351,337.246435
8352,337.233203
8353,337.220379
8354,337.207943
8355,337.19587
8356,337.184135
8357,337.172703
8358,337.161539
8359,337.150599
8360,337.139832
8361,337.129174
8362,337.118548
8363,337.107861
8364,337.097013
8365,337.085924
8366,337.074532
8367,337.062783
8368,337.050635
8369,337.038053
8370,337.025006
8371,337.011467
8372,336.997413
8373,336.982825
8374,336.967683
8375,336.951971
8376,336.935678
8377,336.918794
8378,336.901315
8379,336.883246
8380,336.864589
8381,336.84531
8382,336.825348
8383,336.804624
8384,337.584531
8385,337.593984
8386,337.601934
8387,337.608243
8388,337.612779
8389,337.615436
8390,337.616132
8391,337.614816
8392,337.611465
8393,337.606085
8394,337.59871
8395,337.589407
8396,337.578276
8397,337.565451
8398,337.551107
8399,337.53546
8400,337.518763
8401,337.501297
8402,337.483323
8403,337.46507
8404,337.446728
8405,337.428452
8406,337.410363
8407,337.392556
8408,337.375102
8409,337.358052
8410,337.34144
8411,337.325289
8412,337.309608
8413,337.2944
8414,337.279661
8415,337.265379
8416,337.251541
8417,337.238126
8418,337.225112
8419,337.212475
8420,337.200185
8421,337.188208
8422,337.176505
8423,337.165032
8424,337.153735
8425,337.142548
8426,337.131392
8427,337.120172
8428,337.108786
8429,337.097152
8430,337.085205
8431,337.072892
8432,337.060169
8433,337.047001
8434,337.033357
8435,337.019209
8436,337.004537
8437,336.98932
8438,336.973542
8439,336.957189
8440,336.940253
8441,336.92273
8442,336.904623
8443,336.885948
8444,336.866725
8445,336.846946
8446,336.826586
8447,336.805613
8448,337.615057
8449,337.625908
8450,337.634973
8451,337.642147
8452,337.647332
8453,337.650445
8454,337.651424
8455,337.650232
8456,337.646855
8457,337.641304
8458,337.633618
8459,337.623868
8460,337.612156
8461,337.598622
8462,337.583447
8463,337.566865
8464,337.549161
8465,337.530667
8466,337.511679
8467,337.492444
8468,337.473159
8469,337.453982
8470,337.435035
8471,337.416409
8472,337.398175
8473,337.380378
8474,337.363052
8475,337.346215
8476,337.329875
8477,337.31403
8478,337.298674
8479,337.283794
8480,337.269372
8481,337.255388
8482,337.241817
8483,337.228632
8484,337.215801
8485,337.20329
8486,337.191058
8487,337.179059
8488,337.167236
8489,337.155524
8490,337.143842
8491,337.132091
8492,337.12017
8493,337.107995
8494,337.0955
8495,337.082632
8496,337.069347
8497,337.055609
8498,337.041387
8499,337.026655
8500,337.011394
8501,336.995583
8502,336.97921
8503,336.962263
8504,336.944739
8505,336.926639
8506,336.907974
8507,336.888773
8508,336.869068
8509,336.848872
8510,336.828185
8511,336.807002
8512,337.644342
8513,337.656565
8514,337.666754
8515,337.67482
8516,337.680689
8517,337.684296
8518,337.685597
8519,337.684564
8520,337.681192
8521,337.6755
8522,337.66753
8523,337.657356
8524,337.645082
8525,337.630851
8526,337.614854
8527,337.597334
8528,337.578607
8529,337.559082
8530,337.539089
8531,337.518888
8532,337.498682
8533,337.478631
8534,337.458855
8535,337.439444
8536,337.420463
8537,337.401956
8538,337.383951
8539,337.366463
8540,337.349496
8541,337.333048
8542,337.317106
8543,337.301656
8544,337.286678
8545,337.272149
8546,337.258042
8547,337.244327
8548,337.230972
8549,337.21794
8550,337.20519
8551,337.192672
8552,337.180331
8553,337.168098
8554,337.155892
8555,337.143615
8556,337.131162
8557,337.118452
8558,337.105416
8559,337.092002
8560,337.078166
8561,337.063872
8562,337.049092
8563,337.033799
8564,337.017976
8565,337.001605
8566,336.984674
8567,336.967178
8568,336.949115
8569,336.930494
8570,336.911332
8571,336.891667
8572,336.871545
8573,336.850993
8574,336.830025
8575,336.808652
8576,337.672016
8577,337.685557
8578,337.696844
8579,337.7058
8580,337.712363
8581,337.716484
8582,337.71813
8583,337.717285
8584,337.713951
8585,337.708151
8586,337.699933
8587,337.689372
8588,337.676576
8589,337.661692
8590,337.644918
8591,337.626512
8592,337.606819
8593,337.586317
8594,337.565369
8595,337.54425
8596,337.523172
8597,337.502294
8598,337.481737
8599,337.461587
8600,337.441905
8601,337.422732
8602,337.404091
8603,337.385995
8604,337.368442
8605,337.351427
8606,337.334935
8607,337.318948
8608,337.303444
8609,337.288396
8610,337.273776
8611,337.259552
8612,337.245691
8613,337.232153
8614,337.218895
8615,337.205869
8616,337.193016
8617,337.180268
8618,337.167543
8619,337.154742
8620,337.141763
8621,337.128521
8622,337.114951
8623,337.100999
8624,337.086623
8625,337.071789
8626,337.056467
8627,337.040636
8628,337.024276
8629,337.007375
8630,336.989923
8631,336.971917
8632,336.95336
8633,336.934265
8634,336.914658
8635,336.894582
8636,336.874093
8637,336.853229
8638,336.832013
8639,336.810463
8640,337.697735
8641,337.712518
8642,337.724853
8643,337.734671
8644,337.741919
8645,337.746559
8646,337.748565
8647,337.747932
8648,337.744666
8649,337.738797
8650,337.730375
8651,337.719479
8652,337.706221
8653,337.690753
8654,337.673282
8655,337.654084
8656,337.633532
8657,337.612153
8658,337.590337
8659,337.568381
8660,337.546504
8661,337.524869
8662,337.503594
8663,337.482766
8664,337.462441
8665,337.442656
8666,337.423432
8667,337.404775
8668,337.386682
8669,337.369143
8670,337.35214
8671,337.335653
8672,337.319654
8673,337.304118
8674,337.289011
8675,337.274302
8676,337.259953
8677,337.245925
8678,337.232173
8679,337.218648
8680,337.205291
8681,337.192034
8682,337.178795
8683,337.165475
8684,337.151972
8685,337.138204
8686,337.124105
8687,337.109624
8688,337.094719
8689,337.079356
8690,337.06351
8691,337.04716
8692,337.030289
8693,337.012886
8694,336.994944
8695,336.976464
8696,336.957452
8697,336.937926
8698,336.917916
8699,336.897473
8700,336.876658
8701,336.855515
8702,336.834075
8703,336.812361
8704,337.721258
8705,337.737187
8706,337.750503
8707,337.761139
8708,337.769048
8709,337.774198
8710,337.776572
8711,337.776169
8712,337.773002
8713,337.767105
8714,337.758532
8715,337.747365
8716,337.73372
8717,337.717758
8718,337.699693
8719,337.679821
8720,337.658538
8721,337.636404
8722,337.613836
8723,337.591146
8724,337.568565
8725,337.546258
8726,337.524347
8727,337.502914
8728,337.482015
8729,337.461683
8730,337.441934
8731,337.422772
8732,337.404191
8733,337.386175
8734,337.368705
8735,337.351757
8736,337.335301
8737,337.319308
8738,337.303744
8739,337.288573
8740,337.273758
8741,337.259258
8742,337.245026
8743,337.231014
8744,337.217161
8745,337.203401
8746,337.189652
8747,337.175817
8748,337.161795
8749,337.147505
8750,337.132882
8751,337.117878
8752,337.102453
8753,337.086575
8754,337.070219
8755,337.053368
8756,337.036006
8757,337.018126
8758,336.999724
8759,336.980801
8760,336.96137
8761,336.94145
8762,336.921075
8763,336.900301
8764,336.879193
8765,336.8578
8766,336.836157
8767,336.814286
8768,337.742414
8769,337.759384
8770,337.773601
8771,337.784998
8772,337.793532
8773,337.799175
8774,337.801917
8775,337.80176
8776,337.798722
8777,337.792841
8778,337.784174
8779,337.772809
8780,337.758866
8781,337.74251
8782,337.72397
8783,337.703553
8784,337.681678
8785,337.658925
8786,337.635734
8787,337.612431
8788,337.589255
8789,337.566379
8790,337.543923
8791,337.521971
8792,337.500577
8793,337.47977
8794,337.459564
8795,337.439959
8796,337.420945
8797,337.402506
8798,337.384617
8799,337.367251
8800,337.350377
8801,337.333963
8802,337.317972
8803,337.302367
8804,337.287109
8805,337.272156
8806,337.25746
8807,337.242972
8808,337.228633
8809,337.214377
8810,337.200123
8811,337.185777
8812,337.171238
8813,337.156428
8814,337.141287
8815,337.125766
8816,337.109828
8817,337.093444
8818,337.076593
8819,337.059256
8820,337.041424
8821,337.023089
8822,337.004252
8823,336.984916
8824,336.965095
8825,336.944813
8826,336.924107
8827,336.903033
8828,336.881662
8829,336.860042
8830,336.838212
8831,336.816196
8832,337.761092
8833,337.778988
8834,337.794016
8835,337.806109
8836,337.815224
8837,337.821337
8838,337.824441
8839,337.824542
8840,337.821663
8841,337.815844
8842,337.807147
8843,337.795662
8844,337.781514
8845,337.764876
8846,337.745985
8847,337.725159
8848,337.702834
8849,337.679606
8850,337.65593
8851,337.632145
8852,337.608497
8853,337.585163
8854,337.562266
8855,337.53989
8856,337.518087
8857,337.496884
8858,337.476294
8859,337.456314
8860,337.43693
8861,337.418123
8862,337.399866
8863,337.38213
8864,337.364881
8865,337.348083
8866,337.331699
8867,337.31569
8868,337.300014
8869,337.284628
8870,337.269485
8871,337.254534
8872,337.239719
8873,337.224973
8874,337.210219
8875,337.195363
8876,337.180311
8877,337.164985
8878,337.149328
8879,337.133294
8880,337.11685
8881,337.099969
8882,337.082632
8883,337.064825
8884,337.046538
8885,337.027769
8886,337.008519
8887,336.988795
8888,336.968613
8889,336.947997
8890,336.926988
8891,336.905643
8892,336.884033
8893,336.862209
8894,336.840207
8895,336.818054
8896,337.777222
8897,337.795928
8898,337.811672
8899,337.824388
8900,337.834033
8901,337.840588
8902,337.844045
8903,337.844416
8904,337.841724
8905,337.836014
8906,337.827351
8907,337.815827
8908,337.801573
8909,337.784767
8910,337.765653
8911,337.744558
8912,337.721929
8913,337.698373
8914,337.674355
8915,337.650224
8916,337.626232
8917,337.60256
8918,337.579333
8919,337.556634
8920,337.534514
8921,337.513002
8922,337.492106
8923,337.471821
8924,337.452133
8925,337.433019
8926,337.41445
8927,337.396394
8928,337.378814
8929,337.361674
8930,337.344933
8931,337.32855
8932,337.312483
8933,337.296686
8934,337.281114
8935,337.265715
8936,337.250433
8937,337.235204
8938,337.219954
8939,337.204592
8940,337.189026
8941,337.173185
8942,337.157014
8943,337.140472
8944,337.123527
8945,337.106156
8946,337.088342
8947,337.070075
8948,337.05135
8949,337.032163
8950,337.01252
8951,336.992431
8952,336.971911
8953,336.950988
8954,336.929701
8955,336.90811
8956,336.886284
8957,336.864274
8958,336.842117
8959,336.819837
8960,337.790777
8961,337.81017
8962,337.826532
8963,337.839794
8964,337.849918
8965,337.856881
8966,337.86068
8967,337.861328
8968,337.858851
8969,337.853297
8970,337.844732
8971,337.833253
8972,337.818993
8973,337.802135
8974,337.782927
8975,337.761703
8976,337.738915
8977,337.715178
8978,337.690966
8979,337.666629
8980,337.642426
8981,337.618539
8982,337.595095
8983,337.572179
8984,337.549841
8985,337.528108
8986,337.506988
8987,337.486474
8988,337.466551
8989,337.447192
8990,337.428369
8991,337.410045
8992,337.392183
8993,337.374743
8994,337.357683
8995,337.34096
8996,337.324531
8997,337.308348
8998,337.292366
8999,337.276533
9000,337.260796
9001,337.245091
9002,337.229347
9003,337.213481
9004,337.197403
9005,337.181048
9006,337.164364
9007,337.147314
9008,337.129871
9009,337.112014
9010,337.093732
9011,337.075015
9012,337.055862
9013,337.036273
9014,337.016254
9015,336.995818
9016,336.974982
9017,336.953775
9018,336.932235
9019,336.910421
9020,336.8884
9021,336.866223
9022,336.843924
9023,336.821526
9024,337.801758
9025,337.821716
9026,337.838596
9027,337.852328
9028,337.862872
9029,337.870209
9030,337.874336
9031,337.875267
9032,337.873032
9033,337.867679
9034,337.859277
9035,337.847925
9036,337.833759
9037,337.816965
9038,337.797791
9039,337.776577
9040,337.753776
9041,337.730007
9042,337.705744
9043,337.681343
9044,337.657062
9045,337.633087
9046,337.609544
9047,337.586518
9048,337.56406
9049,337.542198
9050,337.520937
9051,337.500272
9052,337.480184
9053,337.460647
9054,337.441628
9055,337.423092
9056,337.404998
9057,337.387303
9058,337.369965
9059,337.352938
9060,337.336176
9061,337.319634
9062,337.303263
9063,337.287013
9064,337.27083
9065,337.254657
9066,337.238424
9067,337.222054
9068,337.205464
9069,337.188593
9070,337.171396
9071,337.15384
9072,337.135901
9073,337.117563
9074,337.098816
9075,337.079657
9076,337.060085
9077,337.040105
9078,337.019725
9079,336.998958
9080,336.977826
9081,336.956355
9082,336.934583
9083,336.912567
9084,336.890372
9085,336.868044
9086,336.845616
9087,336.823111
9088,337.810198
9089,337.8306
9090,337.847898
9091,337.862021
9092,337.872929
9093,337.880603
9094,337.885043
9095,337.886262
9096,337.884292
9097,337.879184
9098,337.871007
9099,337.859864
9100,337.84589
9101,337.829272
9102,337.810261
9103,337.789193
9104,337.766523
9105,337.742867
9106,337.7187
9107,337.694374
9108,337.670149
9109,337.646209
9110,337.622683
9111,337.599655
9112,337.577177
9113,337.555276
9114,337.53396
9115,337.513221
9116,337.49304
9117,337.47339
9118,337.454239
9119,337.435546
9120,337.417271
9121,337.399369
9122,337.381795
9123,337.364501
9124,337.347441
9125,337.330567
9126,337.31383
9127,337.29718
9128,337.280567
9129,337.263932
9130,337.247214
9131,337.230342
9132,337.213239
9133,337.195852
9134,337.178141
9135,337.160078
9136,337.141644
9137,337.122825
9138,337.103618
9139,337.084021
9140,337.064038
9141,337.043675
9142,337.022944
9143,337.001862
9144,336.980448
9145,336.95873
9146,336.936747
9147,336.914548
9148,336.892196
9149,336.869733
9150,336.84719
9151,336.824586
9152,337.816159
9153,337.836888
9154,337.854505
9155,337.868942
9156,337.880157
9157,337.888132
9158,337.892867
9159,337.894376
9160,337.892694
9161,337.887871
9162,337.87998
9163,337.869122
9164,337.855435
9165,337.839105
9166,337.820379
9167,337.799593
9168,337.777194
9169,337.753796
9170,337.729865
9171,337.705752
9172,337.681713
9173,337.657931
9174,337.634535
9175,337.61161
9176,337.589209
9177,337.56736
9178,337.54607
9179,337.525334
9180,337.505132
9181,337.485437
9182,337.466214
9183,337.447423
9184,337.42902
9185,337.41096
9186,337.393193
9187,337.375673
9188,337.358349
9189,337.341173
9190,337.324095
9191,337.307067
9192,337.290037
9193,337.272952
9194,337.255754
9195,337.23838
9196,337.220765
9197,337.202862
9198,337.184637
9199,337.166067
9200,337.147137
9201,337.127839
9202,337.108172
9203,337.088139
9204,337.067748
9205,337.047009
9206,337.025936
9207,337.004546
9208,336.982863
9209,336.960914
9210,336.938735
9211,336.916371
9212,336.893878
9213,336.871293
9214,336.848644
9215,336.82595
9216,337.819739
9217,337.84068
9218,337.858523
9219,337.873198
9220,337.884664
9221,337.892903
9222,337.897914
9223,337.899715
9224,337.898339
9225,337.893838
9226,337.886287
9227,337.875788
9228,337.862478
9229,337.846541
9230,337.828222
9231,337.807847
9232,337.785858
9233,337.762855
9234,337.739299
9235,337.71553
9236,337.691802
9237,337.668295
9238,337.645137
9239,337.622416
9240,337.600184
9241,337.578472
9242,337.55729
9243,337.536631
9244,337.516478
9245,337.496803
9246,337.47757
9247,337.458738
9248,337.440262
9249,337.422093
9250,337.404181
9251,337.386475
9252,337.368925
9253,337.35148
9254,337.33409
9255,337.316706
9256,337.299279
9257,337.281757
9258,337.264088
9259,337.246217
9260,337.228093
9261,337.209676
9262,337.190937
9263,337.171859
9264,337.152431
9265,337.132653
9266,337.112526
9267,337.092058
9268,337.07126
9269,337.050147
9270,337.028736
9271,337.007046
9272,336.985101
9273,336.96293
9274,336.940566
9275,336.918051
9276,336.895427
9277,336.872729
9278,336.849983
9279,336.827206
9280,337.82107
9281,337.842117
9282,337.860095
9283,337.874937
9284,337.886601
9285,337.895068
9286,337.900338
9287,337.902428
9288,337.901373
9289,337.897226
9290,337.890064
9291,337.87999
9292,337.86714
9293,337.851696
9294,337.833896
9295,337.814059
9296,337.792611
9297,337.770139
9298,337.747086
9299,337.723787
9300,337.700486
9301,337.677362
9302,337.654543
9303,337.632117
9304,337.61014
9305,337.588646
9306,337.567646
9307,337.547136
9308,337.527099
9309,337.507507
9310,337.488326
9311,337.469511
9312,337.451016
9313,337.432789
9314,337.414778
9315,337.39693
9316,337.379193
9317,337.361513
9318,337.343842
9319,337.32613
9320,337.308328
9321,337.290389
9322,337.272265
9323,337.253912
9324,337.235288
9325,337.216362
9326,337.197111
9327,337.177525
9328,337.157599
9329,337.137337
9330,337.116748
9331,337.095842
9332,337.074638
9333,337.053151
9334,337.031401
9335,337.009413
9336,336.987209
9337,336.964818
9338,336.942273
9339,336.919607
9340,336.896856
9341,336.874051
9342,336.851214
9343,336.828359
9344,337.820335
9345,337.841388
9346,337.859421
9347,337.874364
9348,337.886176
9349,337.894836
9350,337.900345
9351,337.902719
9352,337.901996
9353,337.89823
9354,337.891498
9355,337.881906
9356,337.869589
9357,337.854726
9358,337.83755
9359,337.818367
9360,337.797585
9361,337.775768
9362,337.753341
9363,337.730623
9364,337.707854
9365,337.685209
9366,337.662817
9367,337.640769
9368,337.619125
9369,337.597921
9370,337.577171
9371,337.556876
9372,337.537018
9373,337.517572
9374,337.4985
9375,337.479759
9376,337.461299
9377,337.443066
9378,337.425004
9379,337.407059
9380,337.389174
9381,337.371298
9382,337.353378
9383,337.335366
9384,337.317216
9385,337.298883
9386,337.280326
9387,337.261508
9388,337.242396
9389,337.222967
9390,337.203208
9391,337.183113
9392,337.162687
9393,337.141938
9394,337.120882
9395,337.099536
9396,337.07792
9397,337.056057
9398,337.033968
9399,337.011679
9400,336.989215
9401,336.966604
9402,336.943873
9403,336.921055
9404,336.898177
9405,336.875266
9406,336.85234
9407,336.829413
9408,337.817774
9409,337.838745
9410,337.85676
9411,337.871746
9412,337.883661
9413,337.892482
9414,337.89821
9415,337.900862
9416,337.900475
9417,337.897107
9418,337.890837
9419,337.881771
9420,337.870046
9421,337.855839
9422,337.839377
9423,337.820953
9424,337.800951
9425,337.779901
9426,337.758204
9427,337.736165
9428,337.714015
9429,337.69193
9430,337.67004
9431,337.648439
9432,337.627193
9433,337.606341
9434,337.585902
9435,337.56588
9436,337.546259
9437,337.527015
9438,337.50811
9439,337.489497
9440,337.471125
9441,337.452937
9442,337.434873
9443,337.416876
9444,337.398886
9445,337.380851
9446,337.362717
9447,337.344437
9448,337.325967
9449,337.307265
9450,337.288296
9451,337.26903
9452,337.249442
9453,337.229519
9454,337.209254
9455,337.188651
9456,337.16772
9457,337.14648
9458,337.124952
9459,337.103159
9460,337.081127
9461,337.058883
9462,337.036452
9463,337.013859
9464,336.991131
9465,336.968295
9466,336.945376
9467,336.922401
9468,336.899394
9469,336.876376
9470,336.853364
9471,336.830368
9472,337.8137
9473,337.834519
9474,337.852456
9475,337.867436
9476,337.879414
9477,337.888368
9478,337.894295
9479,337.897214
9480,337.897163
9481,337.894201
9482,337.88841
9483,337.8799
9484,337.868808
9485,337.855311
9486,337.839632
9487,337.82205
9488,337.802924
9489,337.782733
9490,337.761849
9491,337.740561
9492,337.719097
9493,337.697631
9494,337.676299
9495,337.655199
9496,337.634401
9497,337.613952
9498,337.593875
9499,337.574176
9500,337.554844
9501,337.535854
9502,337.517167
9503,337.498736
9504,337.480505
9505,337.462412
9506,337.444394
9507,337.42639
9508,337.408337
9509,337.390181
9510,337.371868
9511,337.353352
9512,337.33459
9513,337.315545
9514,337.296186
9515,337.276489
9516,337.256439
9517,337.236028
9518,337.21526
9519,337.194146
9520,337.172707
9521,337.150969
9522,337.128961
9523,337.106715
9524,337.084261
9525,337.061631
9526,337.038852
9527,337.015952
9528,336.992956
9529,336.969891
9530,336.946779
9531,336.923644
9532,336.900506
9533,336.877382
9534,336.854285
9535,336.831223
9536,337.808531
9537,337.829145
9538,337.846959
9539,337.861895
9540,337.873905
9541,337.882965
9542,337.889071
9543,337.892243
9544,337.892519
9545,337.889961
9546,337.884654
9547,337.876709
9548,337.866268
9549,337.853509
9550,337.838649
9551,337.82196
9552,337.803774
9553,337.784498
9554,337.764473
9555,337.743978
9556,337.723237
9557,337.702428
9558,337.681688
9559,337.661123
9560,337.64081
9561,337.6208
9562,337.601123
9563,337.581789
9564,337.562789
9565,337.544099
9566,337.52568
9567,337.50748
9568,337.489439
9569,337.471491
9570,337.453566
9571,337.435599
9572,337.417524
9573,337.399285
9574,337.380829
9575,337.362108
9576,337.343082
9577,337.323718
9578,337.30399
9579,337.28388
9580,337.263378
9581,337.242486
9582,337.221216
9583,337.199589
9584,337.177636
9585,337.155392
9586,337.132897
9587,337.11019
9588,337.087309
9589,337.064287
9590,337.041156
9591,337.017944
9592,336.994677
9593,336.97138
9594,336.948073
9595,336.924776
9596,336.901505
9597,336.878275
9598,336.855096
9599,336.831974
9600,337.80282
9601,337.823201
9602,337.840864
9603,337.85573
9604,337.867748
9605,337.876892
9606,337.883158
9607,337.886564
9608,337.887152
9609,337.884984
9610,337.880149
9611,337.872759
9612,337.862961
9613,337.85093
9614,337.836882
9615,337.821079
9616,337.803823
9617,337.785457
9618,337.766292
9619,337.746594
9620,337.726583
9621,337.706438
9622,337.686302
9623,337.666288
9624,337.646477
9625,337.626929
9626,337.607678
9627,337.588738
9628,337.570105
9629,337.551753
9630,337.533644
9631,337.515721
9632,337.497918
9633,337.480161
9634,337.462375
9635,337.444487
9636,337.426431
9637,337.408145
9638,337.389578
9639,337.370682
9640,337.351421
9641,337.331763
9642,337.311686
9643,337.291178
9644,337.270236
9645,337.24887
9646,337.227098
9647,337.204954
9648,337.18248
9649,337.159722
9650,337.136732
9651,337.113558
9652,337.090242
9653,337.066825
9654,337.043339
9655,337.019814
9656,336.996275
9657,336.972744
9658,336.949241
9659,336.925782
9660,336.90238
9661,336.879046
9662,336.855788
9663,336.832609
9664,337.797084
9665,337.817225
9666,337.834726
9667,337.849508
9668,337.861519
9669,337.870729
9670,337.877134
9671,337.880754
9672,337.881629
9673,337.879826
9674,337.875433
9675,337.868568
9676,337.859376
9677,337.848033
9678,337.83475
9679,337.819773
9680,337.803379
9681,337.785867
9682,337.767517
9683,337.748581
9684,337.729274
9685,337.709776
9686,337.690233
9687,337.670764
9688,337.651456
9689,337.632375
9690,337.613562
9691,337.595035
9692,337.576792
9693,337.558809
9694,337.541046
9695,337.52344
9696,337.505918
9697,337.488396
9698,337.47079
9699,337.453021
9700,337.435019
9701,337.416721
9702,337.398074
9703,337.379033
9704,337.359561
9705,337.339632
9706,337.319227
9707,337.298338
9708,337.276968
9709,337.255132
9710,337.232861
9711,337.210196
9712,337.187193
9713,337.163914
9714,337.140422
9715,337.116775
9716,337.093023
9717,337.069209
9718,337.045368
9719,337.021531
9720,336.997721
9721,336.973959
9722,336.950262
9723,336.926643
9724,336.903113
9725,336.879679
9726,336.856347
9727,336.833118
9728,337.791718
9729,337.811629
9730,337.828974
9731,337.843669
9732,337.855663
9733,337.864924
9734,337.87145
9735,337.875257
9736,337.87639
9737,337.874914
9738,337.870922
9739,337.864531
9740,337.855887
9741,337.845164
9742,337.832566
9743,337.818325
9744,337.802697
9745,337.785948
9746,337.768335
9747,337.750096
9748,337.73144
9749,337.712546
9750,337.693563
9751,337.674613
9752,337.655791
9753,337.637168
9754,337.61879
9755,337.60068
9756,337.582839
9757,337.565246
9758,337.547855
9759,337.5306
9760,337.513397
9761,337.496148
9762,337.478758
9763,337.461142
9764,337.443225
9765,337.424944
9766,337.406246
9767,337.387086
9768,337.36743
9769,337.347253
9770,337.326539
9771,337.305286
9772,337.283501
9773,337.261205
9774,337.238436
9775,337.215248
9776,337.191711
9777,337.167905
9778,337.143908
9779,337.119787
9780,337.0956
9781,337.071392
9782,337.047202
9783,337.023057
9784,336.998981
9785,336.974994
9786,336.951108
9787,336.927335
9788,336.903683
9789,336.880156
9790,336.856757
9791,336.833485
9792,337.787018
9793,337.806728
9794,337.82393
9795,337.838546
9796,337.85052
9797,337.859821
9798,337.866446
9799,337.870414
9800,337.871767
9801,337.870574
9802,337.866927
9803,337.860944
9804,337.852772
9805,337.842581
9806,337.830568
9807,337.816953
9808,337.801975
9809,337.785878
9810,337.768902
9811,337.751272
9812,337.733191
9813,337.714836
9814,337.696359
9815,337.677886
9816,337.659516
9817,337.641326
9818,337.623365
9819,337.605663
9820,337.588223
9821,337.571025
9822,337.554022
9823,337.537143
9824,337.520288
9825,337.503342
9826,337.486196
9827,337.468759
9828,337.450954
9829,337.432714
9830,337.413988
9831,337.394732
9832,337.374915
9833,337.354512
9834,337.333513
9835,337.311915
9836,337.289731
9837,337.266989
9838,337.243731
9839,337.220022
9840,337.195949
9841,337.171615
9842,337.147115
9843,337.122527
9844,337.097913
9845,337.073322
9846,337.048791
9847,337.024349
9848,337.000019
9849,336.975815
9850,336.951751
9851,336.927833
9852,336.904067
9853,336.880455
9854,336.856997
9855,336.833691
9856,337.783203
9857,337.802748
9858,337.819834
9859,337.834383
9860,337.846338
9861,337.855671
9862,337.862376
9863,337.866472
9864,337.868004
9865,337.86704
9866,337.863673
9867,337.858023
9868,337.850232
9869,337.840471
9870,337.828929
9871,337.815819
9872,337.801364
9873,337.785795
9874,337.769339
9875,337.752213
9876,337.734614
9877,337.716717
9878,337.698677
9879,337.680621
9880,337.662653
9881,337.644854
9882,337.62728
9883,337.609962
9884,337.592907
9885,337.576096
9886,337.559481
9887,337.542985
9888,337.526496
9889,337.509869
9890,337.492984
9891,337.475742
9892,337.458063
9893,337.439883
9894,337.421148
9895,337.401818
9896,337.38186
9897,337.361256
9898,337.339993
9899,337.318075
9900,337.295516
9901,337.272346
9902,337.248617
9903,337.2244
9904,337.199798
9905,337.174947
9906,337.149958
9907,337.124919
9908,337.099895
9909,337.074937
9910,337.050084
9911,337.025362
9912,337.000792
9913,336.976387
9914,336.952157
9915,336.928107
9916,336.90424
9917,336.880554
9918,336.857049
9919,336.833719
9920,337.780427
9921,337.799851
9922,337.816852
9923,337.831352
9924,337.843295
9925,337.852651
9926,337.859415
9927,337.863608
9928,337.865272
9929,337.864478
9930,337.86132
9931,337.855916
9932,337.848409
9933,337.838966
9934,337.827773
9935,337.815036
9936,337.800969
9937,337.785796
9938,337.769734
9939,337.752995
9940,337.735771
9941,337.718238
9942,337.700551
9943,337.682839
9944,337.665211
9945,337.64775
9946,337.630515
9947,337.613543
9948,337.596841
9949,337.580391
9950,337.564145
9951,337.54802
9952,337.531889
9953,337.515577
9954,337.49895
9955,337.481905
9956,337.46436
9957,337.446249
9958,337.42752
9959,337.408132
9960,337.388056
9961,337.367272
9962,337.345773
9963,337.323562
9964,337.300657
9965,337.277092
9966,337.252922
9967,337.228228
9968,337.203126
9969,337.177788
9970,337.152341
9971,337.126879
9972,337.101474
9973,337.076176
9974,337.051025
9975,337.026046
9976,337.001258
9977,336.976672
9978,336.952295
9979,336.928129
9980,336.904175
9981,336.88043
9982,336.85689
9983,336.833548
9984,337.778788
9985,337.798142
9986,337.815094
9987,337.829567
9988,337.841504
9989,337.850877
9990,337.85768
9991,337.861934
9992,337.863683
9993,337.862997
9994,337.85997
9995,337.854721
9996,337.847393
9997,337.838151
9998,337.827179
9999,337.814678
10000,337.800861
10001,337.785945
10002,337.770143
10003,337.753665
10004,337.736701
10005,337.719427
10006,337.701998
10007,337.684548
10008,337.667185
10009,337.649996
10010,337.633044
10011,337.616366
10012,337.599971
10013,337.58384
10014,337.567923
10015,337.552129
10016,337.536319
10017,337.520293
10018,337.503906
10019,337.487048
10020,337.469633
10021,337.451593
10022,337.432878
10023,337.413447
10024,337.393271
10025,337.372333
10026,337.350626
10027,337.328156
10028,337.304943
10029,337.281024
10030,337.25646
10031,337.231341
10032,337.205797
10033,337.180024
10034,337.154165
10035,337.128325
10036,337.102577
10037,337.076977
10038,337.051561
10039,337.026355
10040,337.001376
10041,336.976633
10042,336.952131
10043,336.92787
10044,336.903847
10045,336.880059
10046,336.856499
10047,336.833159
10048,337.778343
10049,337.797678
10050,337.814619
10051,337.829087
10052,337.841028
10053,337.850411
10054,337.857232
10055,337.861512
10056,337.863296
10057,337.862652
10058,337.859677
10059,337.854489
10060,337.847231
10061,337.838069
10062,337.827186
10063,337.814783
10064,337.801073
10065,337.786271
10066,337.770592
10067,337.754243
10068,337.737417
10069,337.720291
10070,337.70302
10071,337.685739
10072,337.668559
10073,337.651569
10074,337.634832
10075,337.618385
10076,337.602239
10077,337.586373
10078,337.570731
10079,337.555215
10080,337.539675
10081,337.523894
10082,337.507716
10083,337.491023
10084,337.473726
10085,337.455756
10086,337.437058
10087,337.417595
10088,337.397339
10089,337.376271
10090,337.354388
10091,337.331696
10092,337.308219
10093,337.283997
10094,337.259096
10095,337.233614
10096,337.207696
10097,337.181554
10098,337.155344
10099,337.129178
10100,337.103138
10101,337.077279
10102,337.051638
10103,337.026242
10104,337.001105
10105,336.976235
10106,336.951634
10107,336.927301
10108,336.903231
10109,336.879419
10110,336.855856
10111,336.832532
10112,337.779102
10113,337.798472
10114,337.815441
10115,337.829928
10116,337.84188
10117,337.851267
10118,337.858086
10119,337.862356
10120,337.864122
10121,337.863456
10122,337.860452
10123,337.855229
10124,337.847931
10125,337.838726
10126,337.827799
10127,337.815354
10128,337.801606
10129,337.786774
10130,337.771077
10131,337.754724
10132,337.737911
10133,337.720816
10134,337.703597
10135,337.68639
10136,337.669306
10137,337.652434
10138,337.635837
10139,337.619553
10140,337.60359
10141,337.587924
10142,337.572496
10143,337.557199
10144,337.541871
10145,337.526288
10146,337.510281
10147,337.493726
10148,337.476529
10149,337.458619
10150,337.439941
10151,337.420455
10152,337.400135
10153,337.378964
10154,337.356938
10155,337.334066
10156,337.310372
10157,337.285903
10158,337.260728
10159,337.234953
10160,337.208734
10161,337.182293
10162,337.1558
10163,337.129372
10164,337.103095
10165,337.077029
10166,337.05121
10167,337.025665
10168,337.000408
10169,336.975444
10170,336.950775
10171,336.926397
10172,336.902304
10173,336.878489
10174,336.854941
10175,336.83165
10176,337.781038
10177,337.800495
10178,337.817527
10179,337.832056
10180,337.844027
10181,337.853412
10182,337.860206
10183,337.86443
10184,337.86613
10185,337.865375
10186,337.862261
10187,337.856908
10188,337.849462
10189,337.840092
10190,337.828989
10191,337.81636
10192,337.802429
10193,337.787423
10194,337.771566
10195,337.755075
10196,337.73815
10197,337.720971
10198,337.703697
10199,337.686465
10200,337.669387
10201,337.652549
10202,337.636015
10203,337.61982
10204,337.60397
10205,337.588437
10206,337.573156
10207,337.558014
10208,337.542842
10209,337.527404
10210,337.511526
10211,337.495077
10212,337.477959
10213,337.460097
10214,337.441437
10215,337.421937
10216,337.401571
10217,337.380322
10218,337.358188
10219,337.335179
10220,337.311321
10221,337.286663
10222,337.261281
10223,337.235286
10224,337.20884
10225,337.182177
10226,337.155471
10227,337.128848
10228,337.102398
10229,337.07618
10230,337.050236
10231,337.024588
10232,336.999252
10233,336.974232
10234,336.949528
10235,336.925135
10236,336.901045
10237,336.87725
10238,336.853738
10239,336.830497
10240,337.784079
10241,337.80367
10242,337.8208
10243,337.83539
10244,337.847387
10245,337.856762
10246,337.86351
10247,337.867653
10248,337.869235
10249,337.868329
10250,337.865027
10251,337.859453
10252,337.851753
10253,337.842099
10254,337.830688
10255,337.817738
10256,337.80348
10257,337.788156
10258,337.772001
10259,337.75524
10260,337.738079
10261,337.720703
10262,337.70327
10263,337.685917
10264,337.668755
10265,337.651869
10266,337.63532
10267,337.619139
10268,337.603329
10269,337.58786
10270,337.572659
10271,337.557609
10272,337.542533
10273,337.527189
10274,337.511396
10275,337.495019
10276,337.477956
10277,337.46013
10278,337.441484
10279,337.421978
10280,337.401582
10281,337.380283
10282,337.358076
10283,337.334974
10284,337.311006
10285,337.286222
10286,337.2607
10287,337.234558
10288,337.207962
10289,337.181153
10290,337.154309
10291,337.127562
10292,337.101004
10293,337.074696
10294,337.04868
10295,337.022981
10296,336.997611
10297,336.972576
10298,336.947872
10299,336.923496
10300,336.899437
10301,336.875687
10302,336.852232
10303,336.82906
10304,337.788106
10305,337.807873
10306,337.82513
10307,337.839798
10308,337.851823
10309,337.861177
10310,337.867858
10311,337.871885
10312,337.873304
10313,337.872186
10314,337.868625
10315,337.862742
10316,337.854687
10317,337.844636
10318,337.832792
10319,337.819384
10320,337.804661
10321,337.78888
10322,337.772293
10323,337.755136
10324,337.737623
10325,337.719941
10326,337.70225
10327,337.684686
10328,337.667355
10329,337.650342
10330,337.633701
10331,337.617461
10332,337.601622
10333,337.586147
10334,337.570961
10335,337.55594
10336,337.540902
10337,337.525601
10338,337.50985
10339,337.493511
10340,337.476479
10341,337.458674
10342,337.440039
10343,337.420532
10344,337.400125
10345,337.378801
10346,337.356559
10347,337.333411
10348,337.309386
10349,337.284538
10350,337.258947
10351,337.232731
10352,337.206063
10353,337.179184
10354,337.152279
10355,337.12548
10356,337.098882
10357,337.072547
10358,337.046519
10359,337.02082
10360,336.995464
10361,336.970455
10362,336.945791
10363,336.921464
10364,336.897467
10365,336.873787
10366,336.850412
10367,336.827329
10368,337.792944
10369,337.81292
10370,337.830325
10371,337.84508
10372,337.857132
10373,337.866455
10374,337.873046
10375,337.876925
10376,337.878138
10377,337.876754
10378,337.872867
10379,337.866598
10380,337.858097
10381,337.847544
10382,337.835151
10383,337.821158
10384,337.805837
10385,337.789467
10386,337.772323
10387,337.754655
10388,337.736683
10389,337.718599
10390,337.700561
10391,337.682702
10392,337.665126
10393,337.647911
10394,337.631108
10395,337.614742
10396,337.598806
10397,337.583261
10398,337.568026
10399,337.552973
10400,337.537918
10401,337.52261
10402,337.506859
10403,337.490524
10404,337.473499
10405,337.455702
10406,337.437074
10407,337.417574
10408,337.397171
10409,337.37585
10410,337.35361
10411,337.330462
10412,337.306437
10413,337.281587
10414,337.255995
10415,337.229781
10416,337.203117
10417,337.176247
10418,337.149357
10419,337.12258
10420,337.096012
10421,337.069715
10422,337.043733
10423,337.018089
10424,336.992796
10425,336.967858
10426,336.943272
10427,336.91903
10428,336.895124
10429,336.871541
10430,336.84827
10431,336.825295
10432,337.798348
10433,337.818555
10434,337.836119
10435,337.850963
10436,337.863037
10437,337.872313
10438,337.878791
10439,337.882492
10440,337.88346
10441,337.881764
10442,337.877495
10443,337.870774
10444,337.861751
10445,337.850607
10446,337.837561
10447,337.822869
10448,337.806827
10449,337.789751
10450,337.77194
10451,337.753661
10452,337.735142
10453,337.716573
10454,337.698113
10455,337.679889
10456,337.662001
10457,337.64452
10458,337.627493
10459,337.610938
10460,337.594844
10461,337.579168
10462,337.563825
10463,337.548684
10464,337.533559
10465,337.518196
10466,337.502405
10467,337.486042
10468,337.469001
10469,337.451198
10470,337.432575
10471,337.413088
10472,337.392708
10473,337.371418
10474,337.349217
10475,337.326116
10476,337.302145
10477,337.277357
10478,337.251834
10479,337.225696
10480,337.199113
10481,337.17233
10482,337.145532
10483,337.118851
10484,337.092383
10485,337.06619
10486,337.040314
10487,337.01478
10488,336.9896
10489,336.964777
10490,336.940309
10491,336.916188
10492,336.892404
10493,336.868946
10494,336.845801
10495,336.822955
10496,337.803991
10497,337.824433
10498,337.842155
10499,337.857081
10500,337.869161
10501,337.878373
10502,337.884716
10503,337.888211
10504,337.888903
10505,337.886856
10506,337.882162
10507,337.874939
10508,337.865334
10509,337.853531
10510,337.839753
10511,337.82427
10512,337.807405
10513,337.789526
10514,337.770964
10515,337.751998
10516,337.732863
10517,337.713748
10518,337.694808
10519,337.676165
10520,337.657911
10521,337.640112
10522,337.622807
10523,337.60601
10524,337.589705
10525,337.573843
10526,337.558338
10527,337.543057
10528,337.527812
10529,337.51235
10530,337.496481
10531,337.48006
10532,337.462981
10533,337.445161
10534,337.426541
10535,337.407075
10536,337.386735
10537,337.365505
10538,337.34338
10539,337.320372
10540,337.296512
10541,337.271849
10542,337.246464
10543,337.220476
10544,337.194052
10545,337.167434
10546,337.140804
10547,337.114294
10548,337.087995
10549,337.061971
10550,337.036262
10551,337.010893
10552,336.985875
10553,336.961212
10554,336.936902
10555,336.912936
10556,336.889307
10557,336.866001
10558,336.843006
10559,336.820309
10560,337.809437
10561,337.8301
10562,337.847962
10563,337.862949
10564,337.875015
10565,337.884141
10566,337.890326
10567,337.893591
10568,337.89398
10569,337.891557
10570,337.886409
10571,337.878652
10572,337.868432
10573,337.855931
10574,337.841375
10575,337.825045
10576,337.807289
10577,337.788549
10578,337.769185
10579,337.749491
10580,337.7297
10581,337.710002
10582,337.690545
10583,337.671445
10584,337.652788
10585,337.634631
10586,337.617008
10587,337.599926
10588,337.583364
10589,337.567269
10590,337.551554
10591,337.536085
10592,337.520676
10593,337.505074
10594,337.489091
10595,337.472585
10596,337.455449
10597,337.437602
10598,337.418983
10599,337.399549
10600,337.379268
10601,337.358124
10602,337.336114
10603,337.313247
10604,337.289551
10605,337.265076
10606,337.239899
10607,337.214134
10608,337.187946
10609,337.161571
10610,337.135186
10611,337.108919
10612,337.08286
10613,337.057069
10614,337.031586
10615,337.006435
10616,336.981628
10617,336.957169
10618,336.933055
10619,336.909281
10620,336.885835
10621,336.862708
10622,336.839887
10623,336.817359
10624,337.814123
10625,337.834968
10626,337.852934
10627,337.86795
10628,337.879974
10629,337.888987
10630,337.89499
10631,337.898005
10632,337.898074
10633,337.895258
10634,337.889644
10635,337.881343
10636,337.8705
10637,337.857296
10638,337.841962
10639,337.824787
10640,337.806147
10641,337.786549
10642,337.766384
10643,337.745955
10644,337.725501
10645,337.705208
10646,337.685221
10647,337.665648
10648,337.646567
10649,337.628029
10650,337.61006
10651,337.59266
10652,337.575805
10653,337.55944
10654,337.543473
10655,337.527775
10656,337.51216
10657,337.49638
10658,337.480252
10659,337.463637
10660,337.446428
10661,337.428547
10662,337.409931
10663,337.390538
10664,337.370336
10665,337.349308
10666,337.327449
10667,337.304768
10668,337.281292
10669,337.257067
10670,337.232166
10671,337.206699
10672,337.180823
10673,337.154767
10674,337.128703
10675,337.102751
10676,337.076997
10677,337.051502
10678,337.026302
10679,337.001422
10680,336.976873
10681,336.95266
10682,336.928781
10683,336.90523
10684,336.881999
10685,336.859077
10686,336.836452
10687,336.814112
10688,337.817544
10689,337.83851
10690,337.856528
10691,337.87153
10692,337.883474
10693,337.892344
10694,337.898142
10695,337.900889
10696,337.900626
10697,337.897414
10698,337.891336
10699,337.882502
10700,337.871054
10701,337.857175
10702,337.8411
10703,337.823132
10704,337.803672
10705,337.78327
10706,337.762344
10707,337.741212
10708,337.720118
10709,337.699248
10710,337.67874
10711,337.658696
10712,337.639189
10713,337.620262
10714,337.601933
10715,337.584198
10716,337.567026
10717,337.55036
10718,337.534109
10719,337.518145
10720,337.502289
10721,337.4863
10722,337.47
10723,337.453255
10724,337.435962
10725,337.418041
10726,337.399433
10727,337.380093
10728,337.35999
10729,337.339106
10730,337.317435
10731,337.294985
10732,337.271781
10733,337.247865
10734,337.223308
10735,337.198211
10736,337.172723
10737,337.147063
10738,337.121391
10739,337.095823
10740,337.07044
10741,337.045299
10742,337.020436
10743,336.995876
10744,336.971629
10745,336.947702
10746,336.924093
10747,336.900799
10748,336.87781
10749,336.855118
10750,336.832711
10751,336.810578
10752,337.81932
10753,337.840329
10754,337.858333
10755,337.873265
10756,337.885086
10757,337.893778
10758,337.899347
10759,337.901813
10760,337.901215
10761,337.897613
10762,337.891087
10763,337.881747
10764,337.869734
10765,337.855232
10766,337.838483
10767,337.819802
10768,337.799612
10769,337.77849
10770,337.756877
10771,337.735104
10772,337.71342
10773,337.692011
10774,337.671013
10775,337.650524
10776,337.630606
10777,337.611298
10778,337.592611
10779,337.574534
10780,337.557034
10781,337.540049
10782,337.52349
10783,337.507233
10784,337.491106
10785,337.474881
10786,337.458388
10787,337.441499
10788,337.424114
10789,337.406154
10790,337.38756
10791,337.368288
10792,337.348305
10793,337.327594
10794,337.306146
10795,337.28397
10796,337.261087
10797,337.237539
10798,337.213389
10799,337.188731
10800,337.163705
10801,337.138512
10802,337.113303
10803,337.088184
10804,337.063231
10805,337.038499
10806,337.014023
10807,336.989827
10808,336.965923
10809,336.942319
10810,336.919014
10811,336.896005
10812,336.873285
10813,336.850847
10814,336.828679
10815,336.806771
10816,337.819164
10817,337.840123
10818,337.858035
10819,337.872833
10820,337.88448
10821,337.892959
10822,337.898275
10823,337.900448
10824,337.899517
10825,337.89554
10826,337.888596
10827,337.878792
10828,337.86627
10829,337.851217
10830,337.83388
10831,337.814584
10832,337.793768
10833,337.772029
10834,337.749823
10835,337.727493
10836,337.705292
10837,337.683406
10838,337.66197
10839,337.641075
10840,337.62078
10841,337.601115
10842,337.582087
10843,337.563679
10844,337.545852
10845,337.528543
10846,337.511665
10847,337.495095
10848,337.478677
10849,337.462197
10850,337.445499
10851,337.428459
10852,337.41098
10853,337.392986
10854,337.374418
10855,337.355229
10856,337.335389
10857,337.314877
10858,337.293687
10859,337.271823
10860,337.249308
10861,337.226178
10862,337.202494
10863,337.178342
10864,337.153846
10865,337.129189
10866,337.104505
10867,337.079892
10868,337.055422
10869,337.031147
10870,337.007102
10871,336.983311
10872,336.959788
10873,336.936539
10874,336.913568
10875,336.890872
10876,336.868446
10877,336.846282
10878,336.824372
10879,336.802705
10880,337.816858
10881,337.837663
10882,337.855396
10883,337.869991
10884,337.881409
10885,337.889636
10886,337.894676
10887,337.896548
10888,337.895291
10889,337.890961
10890,337.883636
10891,337.873422
10892,337.860461
10893,337.844942
10894,337.827115
10895,337.807315
10896,337.78599
10897,337.763749
10898,337.741059
10899,337.718271
10900,337.695643
10901,337.67336
10902,337.651553
10903,337.630311
10904,337.609687
10905,337.589706
10906,337.570368
10907,337.551653
10908,337.533517
10909,337.515895
10910,337.498699
10911,337.481815
10912,337.465094
10913,337.448354
10914,337.431449
10915,337.414262
10916,337.396697
10917,337.378681
10918,337.360153
10919,337.341068
10920,337.321393
10921,337.301108
10922,337.280204
10923,337.258689
10924,337.236579
10925,337.213912
10926,337.190744
10927,337.167152
10928,337.143248
10929,337.119184
10930,337.095077
10931,337.071018
10932,337.047075
10933,337.023298
10934,336.999721
10935,336.97637
10936,336.953258
10937,336.930396
10938,336.907785
10939,336.885426
10940,336.863314
10941,336.841445
10942,336.81981
10943,336.7984
10944,337.81224
10945,337.83278
10946,337.850241
10947,337.864556
10948,337.875688
10949,337.883623
10950,337.888363
10951,337.889929
10952,337.888357
10953,337.883702
10954,337.876041
10955,337.86548
10956,337.852159
10957,337.836267
10958,337.818059
10959,337.797873
10960,337.776162
10961,337.753544
10962,337.730492
10963,337.707359
10964,337.684407
10965,337.661819
10966,337.639724
10967,337.618207
10968,337.597317
10969,337.577074
10970,337.557473
10971,337.53849
10972,337.520078
10973,337.502171
10974,337.484682
10975,337.4675
10976,337.450492
10977,337.433506
10978,337.416409
10979,337.399091
10980,337.381459
10981,337.363439
10982,337.344971
10983,337.326011
10984,337.306524
10985,337.286491
10986,337.265903
10987,337.244764
10988,337.223092
10989,337.200921
10990,337.178303
10991,337.15531
10992,337.132038
10993,337.108604
10994,337.085112
10995,337.061642
10996,337.038259
10997,337.015011
10998,336.991932
10999,336.969049
11000,336.946375
11001,336.923923
11002,336.901696
11003,336.879695
11004,336.857918
11005,336.83636
11006,336.815015
11007,336.793876
11008,337.805193
11009,337.825352
11010,337.842442
11011,337.856399
11012,337.867185
11013,337.874786
11014,337.879204
11015,337.880459
11016,337.878587
11017,337.87364
11018,337.865695
11019,337.854855
11020,337.841259
11021,337.825097
11022,337.806622
11023,337.786174
11024,337.764208
11025,337.741344
11026,337.718058
11027,337.694703
11028,337.671539
11029,337.64875
11030,337.626462
11031,337.604755
11032,337.583673
11033,337.563235
11034,337.543431
11035,337.524234
11036,337.505595
11037,337.487448
11038,337.469709
11039,337.452275
11040,337.435025
11041,337.417833
11042,337.400579
11043,337.38316
11044,337.365487
11045,337.347489
11046,337.329106
11047,337.310295
11048,337.291021
11049,337.271264
11050,337.251015
11051,337.230276
11052,337.209065
11053,337.187411
11054,337.165363
11055,337.142983
11056,337.120353
11057,337.097565
11058,337.074705
11059,337.051845
11060,337.029044
11061,337.006347
11062,336.983789
11063,336.961395
11064,336.939182
11065,336.91716
11066,336.895335
11067,336.87371
11068,336.852283
11069,336.831052
11070,336.810012
11071,336.789156
11072,337.79564
11073,337.815296
11074,337.831915
11075,337.845432
11076,337.855811
11077,337.863036
11078,337.867111
11079,337.868053
11080,337.865898
11081,337.860696
11082,337.852522
11083,337.841476
11084,337.827696
11085,337.811369
11086,337.792747
11087,337.772166
11088,337.75008
11089,337.727108
11090,337.703722
11091,337.680275
11092,337.657022
11093,337.634144
11094,337.611764
11095,337.58996
11096,337.568772
11097,337.548215
11098,337.528279
11099,337.508933
11100,337.490129
11101,337.471803
11102,337.453874
11103,337.436247
11104,337.418816
11105,337.401472
11106,337.384107
11107,337.366627
11108,337.34895
11109,337.331006
11110,337.312738
11111,337.294102
11112,337.275066
11113,337.255608
11114,337.235717
11115,337.215397
11116,337.194661
11117,337.173537
11118,337.152066
11119,337.130302
11120,337.108313
11121,337.086171
11122,337.063948
11123,337.041706
11124,337.019499
11125,336.997368
11126,336.975347
11127,336.953458
11128,336.93172
11129,336.910145
11130,336.888738
11131,336.867503
11132,336.846442
11133,336.82555
11134,336.804826
11135,336.784264
11136,337.783534
11137,337.802566
11138,337.818611
11139,337.831606
11140,337.841516
11141,337.848325
11142,337.852035
11143,337.852664
11144,337.850245
11145,337.844827
11146,337.836481
11147,337.825306
11148,337.811437
11149,337.795055
11150,337.776408
11151,337.755828
11152,337.733763
11153,337.710823
11154,337.687477
11155,337.664071
11156,337.640856
11157,337.618008
11158,337.595646
11159,337.573844
11160,337.552642
11161,337.532052
11162,337.512061
11163,337.49264
11164,337.473743
11165,337.455306
11166,337.437256
11167,337.419506
11168,337.401962
11169,337.384526
11170,337.367106
11171,337.349614
11172,337.331974
11173,337.31412
11174,337.296
11175,337.277568
11176,337.258794
11177,337.239656
11178,337.220143
11179,337.200255
11180,337.180005
11181,337.159416
11182,337.138522
11183,337.117369
11184,337.096012
11185,337.07451
11186,337.052921
11187,337.0313
11188,337.009691
11189,336.988134
11190,336.966657
11191,336.945286
11192,336.924035
11193,336.902918
11194,336.881941
11195,336.861109
11196,336.840423
11197,336.819882
11198,336.799484
11199,336.779224
11200,337.768865
11201,337.787148
11202,337.802517
11203,337.814909
11204,337.824289
11205,337.830642
11206,337.833968
11207,337.834285
11208,337.831622
11209,337.826027
11210,337.81757
11211,337.806345
11212,337.792481
11213,337.776157
11214,337.757612
11215,337.737169
11216,337.715266
11217,337.692505
11218,337.669342
11219,337.646114
11220,337.623067
11221,337.60037
11222,337.578139
11223,337.556444
11224,337.535324
11225,337.514789
11226,337.494828
11227,337.475413
11228,337.456498
11229,337.438026
11230,337.419929
11231,337.402128
11232,337.38454
11233,337.367079
11234,337.349661
11235,337.332209
11236,337.314652
11237,337.29693
11238,337.27899
11239,337.260793
11240,337.242305
11241,337.223508
11242,337.204388
11243,337.184945
11244,337.165187
11245,337.145134
11246,337.124814
11247,337.104264
11248,337.08353
11249,337.062658
11250,337.041696
11251,337.020691
11252,336.99968
11253,336.978698
11254,336.957772
11255,336.936923
11256,336.916168
11257,336.895518
11258,336.87498
11259,336.85456
11260,336.834258
11261,336.814077
11262,336.794012
11263,336.774063
11264,337.751654
11265,337.769068
11266,337.78366
11267,337.795369
11268,337.80416
11269,337.810018
11270,337.812942
11271,337.812947
11272,337.810062
11273,337.804332
11274,337.795823
11275,337.784626
11276,337.770866
11277,337.754712
11278,337.736395
11279,337.716227
11280,337.694633
11281,337.672196
11282,337.64936
11283,337.626451
11284,337.603702
11285,337.581278
11286,337.559291
11287,337.537809
11288,337.516868
11289,337.49648
11290,337.476635
11291,337.457306
11292,337.438453
11293,337.420023
11294,337.401954
11295,337.384176
11296,337.366615
11297,337.349194
11298,337.33184
11299,337.314481
11300,337.297055
11301,337.279504
11302,337.261782
11303,337.243848
11304,337.225673
11305,337.207235
11306,337.188523
11307,337.169534
11308,337.150273
11309,337.130756
11310,337.111005
11311,337.09105
11312,337.070927
11313,337.050675
11314,337.030332
11315,337.009935
11316,336.989519
11317,336.969111
11318,336.948737
11319,336.928415
11320,336.90816
11321,336.887982
11322,336.867891
11323,336.847889
11324,336.82798
11325,336.808164
11326,336.78844
11327,336.768807
11328,337.731963
11329,337.748389
11330,337.762107
11331,337.773057
11332,337.781203
11333,337.786529
11334,337.789035
11335,337.788731
11336,337.785645
11337,337.77982
11338,337.771318
11339,337.760226
11340,337.746663
11341,337.730792
11342,337.712831
11343,337.693077
11344,337.671936
11345,337.649971
11346,337.627606
11347,337.605151
11348,337.58283
11349,337.5608
11350,337.539167
11351,337.518
11352,337.497335
11353,337.477184
11354,337.45754
11355,337.43838
11356,337.419668
11357,337.401356
11358,337.38339
11359,337.365707
11360,337.348241
11361,337.330925
11362,337.313693
11363,337.296482
11364,337.279233
11365,337.261896
11366,337.244426
11367,337.226786
11368,337.208948
11369,337.19089
11370,337.1726
11371,337.154074
11372,337.135314
11373,337.116331
11374,337.097144
11375,337.077776
11376,337.058255
11377,337.038612
11378,337.018877
11379,336.999082
11380,336.979255
11381,336.959419
11382,336.939595
11383,336.919801
11384,336.900049
11385,336.880349
11386,336.860708
11387,336.84113
11388,336.821618
11389,336.802173
11390,336.782794
11391,336.763481
11392,337.709896
11393,337.725224
11394,337.737976
11395,337.748094
11396,337.755544
11397,337.760306
11398,337.762378
11399,337.761769
11400,337.758503
11401,337.752621
11402,337.744181
11403,337.733268
11404,337.719993
11405,337.704511
11406,337.68703
11407,337.667826
11408,337.647283
11409,337.625936
11410,337.604182
11411,337.582313
11412,337.560542
11413,337.539019
11414,337.517847
11415,337.497093
11416,337.476794
11417,337.456967
11418,337.437606
11419,337.418694
11420,337.400199
11421,337.382079
11422,337.364287
11423,337.346768
11424,337.329464
11425,337.312315
11426,337.295262
11427,337.27825
11428,337.261226
11429,337.244144
11430,337.226962
11431,337.209645
11432,337.192168
11433,337.174508
11434,337.156654
11435,337.138599
11436,337.120344
11437,337.101897
11438,337.083269
11439,337.064481
11440,337.045552
11441,337.026508
11442,337.007374
11443,336.988173
11444,336.968928
11445,336.94966
11446,336.930386
11447,336.91112
11448,336.891873
11449,336.872653
11450,336.853466
11451,336.834316
11452,336.815205
11453,336.796135
11454,336.777105
11455,336.758115
11456,337.685617
11457,337.699742
11458,337.711445
11459,337.720668
11460,337.727375
11461,337.731544
11462,337.73317
11463,337.73226
11464,337.728834
11465,337.72293
11466,337.714604
11467,337.703935
11468,337.691032
11469,337.676039
11470,337.659152
11471,337.64063
11472,337.620825
11473,337.600232
11474,337.57922
11475,337.55806
11476,337.536951
11477,337.516038
11478,337.495423
11479,337.475171
11480,337.455324
11481,337.435901
11482,337.4169
11483,337.398309
11484,337.380102
11485,337.362245
11486,337.344695
11487,337.327405
11488,337.310324
11489,337.2934
11490,337.276582
11491,337.259819
11492,337.243064
11493,337.226276
11494,337.209415
11495,337.192452
11496,337.175358
11497,337.158116
11498,337.140711
11499,337.123137
11500,337.105391
11501,337.087479
11502,337.069408
11503,337.051193
11504,337.03285
11505,337.014398
11506,336.995855
11507,336.977242
11508,336.958575
11509,336.939872
11510,336.921145
11511,336.902407
11512,336.883665
11513,336.864927
11514,336.846197
11515,336.827478
11516,336.808771
11517,336.790078
11518,336.771399
11519,336.752734
11520,337.659362
11521,337.672193
11522,337.682774
11523,337.691046
11524,337.696971
11525,337.700525
11526,337.701696
11527,337.700489
11528,337.696922
11529,337.691027
11530,337.682858
11531,337.672491
11532,337.660029
11533,337.64561
11534,337.629419
11535,337.611695
11536,337.592756
11537,337.573043
11538,337.552887
11539,337.532539
11540,337.512188
11541,337.491975
11542,337.471999
11543,337.452329
11544,337.433009
11545,337.41406
11546,337.395489
11547,337.377287
11548,337.359435
11549,337.341903
11550,337.324657
11551,337.307657
11552,337.290857
11553,337.274214
11554,337.257681
11555,337.241213
11556,337.22477
11557,337.208313
11558,337.191807
11559,337.175224
11560,337.158538
11561,337.141731
11562,337.12479
11563,337.107705
11564,337.090474
11565,337.073097
11566,337.055582
11567,337.037937
11568,337.020174
11569,337.002307
11570,336.984351
11571,336.966319
11572,336.948226
11573,336.930084
11574,336.911903
11575,336.893692
11576,336.875458
11577,336.857203
11578,336.838933
11579,336.820647
11580,336.802347
11581,336.784034
11582,336.765707
11583,336.747367
11584,337.63146
11585,337.642923
11586,337.652324
11587,337.659602
11588,337.664716
11589,337.667637
11590,337.668349
11591,337.666851
11592,337.663158
11593,337.657299
11594,337.649322
11595,337.6393
11596,337.627333
11597,337.613553
11598,337.598133
11599,337.581296
11600,337.563328
11601,337.54459
11602,337.525376
11603,337.505919
11604,337.486401
11605,337.466958
11606,337.447689
11607,337.428666
11608,337.409935
11609,337.391524
11610,337.373444
11611,337.355691
11612,337.338252
11613,337.321104
11614,337.304219
11615,337.287563
11616,337.271097
11617,337.254784
11618,337.238583
11619,337.222455
11620,337.206363
11621,337.190273
11622,337.174153
11623,337.157976
11624,337.14172
11625,337.125366
11626,337.108901
11627,337.092315
11628,337.075605
11629,337.058768
11630,337.041808
11631,337.024731
11632,337.007545
11633,336.990259
11634,336.972884
11635,336.95543
11636,336.937908
11637,336.920326
11638,336.90269
11639,336.885007
11640,336.867281
11641,336.849513
11642,336.831704
11643,336.813855
11644,336.795965
11645,336.778032
11646,336.760058
11647,336.742042
11648,337.602381
11649,337.612422
11650,337.6206
11651,337.626855
11652,337.631138
11653,337.633417
11654,337.63367
11655,337.63189
11656,337.628085
11657,337.622281
11658,337.614522
11659,337.604876
11660,337.593438
11661,337.580332
11662,337.565721
11663,337.54981
11664,337.53285
11665,337.515127
11666,337.496901
11667,337.478383
11668,337.459746
11669,337.441121
11670,337.42261
11671,337.404284
11672,337.386194
11673,337.368372
11674,337.350834
11675,337.333581
11676,337.316607
11677,337.299894
11678,337.28342
11679,337.267158
11680,337.251074
11681,337.235137
11682,337.219311
11683,337.203562
11684,337.187858
11685,337.172167
11686,337.156462
11687,337.140718
11688,337.124912
11689,337.109029
11690,337.093054
11691,337.076978
11692,337.060794
11693,337.044501
11694,337.028098
11695,337.011588
11696,336.994977
11697,336.97827
11698,336.961474
11699,336.944597
11700,336.927644
11701,336.910621
11702,336.893531
11703,336.876378
11704,336.859163
11705,336.841885
11706,336.824542
11707,336.807133
11708,336.789654
11709,336.772105
11710,336.754483
11711,336.736789
11712,337.572546
11713,337.581131
11714,337.588063
11715,337.593278
11716,337.596725
11717,337.598362
11718,337.598161
11719,337.596109
11720,337.592207
11721,337.586473
11722,337.578948
11723,337.569694
11724,337.558797
11725,337.546375
11726,337.532577
11727,337.517587
11728,337.501619
11729,337.484907
11730,337.467675
11731,337.450112
11732,337.432379
11733,337.414601
11734,337.396879
11735,337.379286
11736,337.361876
11737,337.344683
11738,337.327727
11739,337.311018
11740,337.294552
11741,337.278319
11742,337.262301
11743,337.246475
11744,337.230816
11745,337.215296
11746,337.199884
11747,337.184551
11748,337.169268
11749,337.154008
11750,337.138745
11751,337.123456
11752,337.108122
11753,337.092726
11754,337.077255
11755,337.061698
11756,337.04605
11757,337.030304
11758,337.014461
11759,336.99852
11760,336.982484
11761,336.966356
11762,336.950139
11763,336.933837
11764,336.917454
11765,336.900991
11766,336.884451
11767,336.867831
11768,336.851131
11769,336.834347
11770,336.817476
11771,336.800511
11772,336.783448
11773,336.766284
11774,336.749014
11775,336.73164
11776,337.54225
11777,337.549363
11778,337.55504
11779,337.559216
11780,337.561831
11781,337.562838
11782,337.562197
11783,337.559887
11784,337.555901
11785,337.55025
11786,337.542968
11787,337.534108
11788,337.523752
11789,337.512004
11790,337.498998
11791,337.484896
11792,337.469882
11793,337.454151
11794,337.437892
11795,337.421275
11796,337.404447
11797,337.387526
11798,337.37061
11799,337.353771
11800,337.337065
11801,337.32053
11802,337.304191
11803,337.28806
11804,337.272138
11805,337.256422
11806,337.240897
11807,337.225547
11808,337.21035
11809,337.195283
11810,337.18032
11811,337.165436
11812,337.150605
11813,337.135803
11814,337.121008
11815,337.106197
11816,337.091354
11817,337.076461
11818,337.061507
11819,337.046481
11820,337.031375
11821,337.016184
11822,337.000904
11823,336.985535
11824,336.970076
11825,336.954527
11826,336.938891
11827,336.923167
11828,336.907356
11829,336.891457
11830,336.875469
11831,336.859388
11832,336.84321
11833,336.826928
11834,336.810535
11835,336.794022
11836,336.77738
11837,336.760604
11838,336.743687
11839,336.726629
11840,337.51168
11841,337.517316
11842,337.521745
11843,337.524897
11844,337.526702
11845,337.5271
11846,337.526042
11847,337.523495
11848,337.51944
11849,337.513883
11850,337.506848
11851,337.49838
11852,337.48855
11853,337.477452
11854,337.465204
11855,337.451947
11856,337.437837
11857,337.42304
11858,337.407719
11859,337.392023
11860,337.376084
11861,337.360014
11862,337.343905
11863,337.327829
11864,337.311843
11865,337.295986
11866,337.280286
11867,337.264759
11868,337.249412
11869,337.234243
11870,337.219243
11871,337.204401
11872,337.189699
11873,337.175118
11874,337.160635
11875,337.14623
11876,337.131879
11877,337.117561
11878,337.103256
11879,337.088945
11880,337.07461
11881,337.060237
11882,337.045813
11883,337.031328
11884,337.016773
11885,337.002143
11886,336.987433
11887,336.972639
11888,336.957761
11889,336.942795
11890,336.927741
11891,336.912598
11892,336.897364
11893,336.882034
11894,336.866606
11895,336.851072
11896,336.835424
11897,336.819653
11898,336.803748
11899,336.787697
11900,336.771485
11901,336.755103
11902,336.73854
11903,336.721794
11904,337.480925
11905,337.485092
11906,337.488297
11907,337.490457
11908,337.491489
11909,337.491317
11910,337.489875
11911,337.487117
11912,337.483015
11913,337.477563
11914,337.470776
11915,337.462691
11916,337.453369
11917,337.44289
11918,337.431359
11919,337.418896
11920,337.405636
11921,337.391722
11922,337.377292
11923,337.36248
11924,337.347404
11925,337.332168
11926,337.316857
11927,337.301544
11928,337.286282
11929,337.271114
11930,337.256069
11931,337.241167
11932,337.226416
11933,337.211819
11934,337.197372
11935,337.183066
11936,337.168887
11937,337.154819
11938,337.140844
11939,337.126944
11940,337.113098
11941,337.099288
11942,337.085495
11943,337.071702
11944,337.057894
11945,337.044055
11946,337.030174
11947,337.016241
11948,337.002247
11949,336.988186
11950,336.974051
11951,336.959838
11952,336.945544
11953,336.931166
11954,336.9167
11955,336.902143
11956,336.887491
11957,336.872738
11958,336.857878
11959,336.842901
11960,336.827795
11961,336.812549
11962,336.797147
11963,336.78157
11964,336.765801
11965,336.749821
11966,336.733617
11967,336.717179
11968,337.449992
11969,337.45271
11970,337.454732
11971,337.455955
11972,337.456271
11973,337.455582
11974,337.453803
11975,337.450872
11976,337.446749
11977,337.441417
11978,337.434881
11979,337.42717
11980,337.418333
11981,337.40844
11982,337.397582
11983,337.385861
11984,337.373397
11985,337.360309
11986,337.346722
11987,337.332751
11988,337.318504
11989,337.304075
11990,337.289547
11991,337.274986
11992,337.260447
11993,337.245972
11994,337.231591
11995,337.217326
11996,337.203189
11997,337.189184
11998,337.175311
11999,337.161564
12000,337.147932
12001,337.134403
12002,337.120961
12003,337.107589
12004,337.094271
12005,337.08099
12006,337.06773
12007,337.054473
12008,337.041206
12009,337.027917
12010,337.014592
12011,337.001222
12012,336.987797
12013,336.974312
12014,336.960759
12015,336.947134
12016,336.93343
12017,336.919645
12018,336.905773
12019,336.89181
12020,336.877748
12021,336.863581
12022,336.8493
12023,336.834892
12024,336.820345
12025,336.80564
12026,336.790758
12027,336.775675
12028,336.760367
12029,336.744806
12030,336.728968
12031,336.712837
12032,337.418802
12033,337.420107
12034,337.421016
12035,337.421385
12036,337.421069
12037,337.419938
12038,337.417885
12039,337.414829
12040,337.410719
12041,337.405526
12042,337.399246
12043,337.391899
12044,337.383526
12045,337.374185
12046,337.363956
12047,337.352928
12048,337.341203
12049,337.328888
12050,337.316091
12051,337.302916
12052,337.28946
12053,337.275809
12054,337.26204
12055,337.248217
12056,337.234392
12057,337.220608
12058,337.206895
12059,337.193276
12060,337.179764
12061,337.166367
12062,337.153087
12063,337.139918
12064,337.126854
12065,337.113884
12066,337.100996
12067,337.088175
12068,337.075405
12069,337.062673
12070,337.049962
12071,337.037259
12072,337.02455
12073,337.011823
12074,336.999066
12075,336.986269
12076,336.973424
12077,336.960524
12078,336.94756
12079,336.934529
12080,336.921423
12081,336.908237
12082,336.894967
12083,336.881604
12084,336.868143
12085,336.854573
12086,336.840883
12087,336.827061
12088,336.813089
12089,336.798947
12090,336.78461
12091,336.770048
12092,336.755227
12093,336.740109
12094,336.724655
12095,336.708832
12096,337.387181
12097,337.387142
12098,337.387052
12099,337.386694
12100,337.385862
12101,337.384389
12102,337.382141
12103,337.379021
12104,337.374965
12105,337.369935
12106,337.363919
12107,337.35693
12108,337.349
12109,337.34018
12110,337.330538
12111,337.320154
12112,337.309116
12113,337.297521
12114,337.285464
12115,337.273038
12116,337.260332
12117,337.247425
12118,337.23439
12119,337.221285
12120,337.208163
12121,337.195064
12122,337.182018
12123,337.169049
12124,337.156171
12125,337.143394
12126,337.13072
12127,337.118146
12128,337.105668
12129,337.093277
12130,337.080961
12131,337.068709
12132,337.056506
12133,337.04434
12134,337.032197
12135,337.020063
12136,337.007925
12137,336.995774
12138,336.983596
12139,336.971384
12140,336.959127
12141,336.94682
12142,336.934454
12143,336.922024
12144,336.909522
12145,336.896944
12146,336.884283
12147,336.871531
12148,336.85868
12149,336.845719
12150,336.832638
12151,336.819419
12152,336.806044
12153,336.79249
12154,336.778728
12155,336.764721
12156,336.750426
12157,336.73579
12158,336.720752
12159,336.70525
12160,337.354826
12161,337.353585
12162,337.352693
12163,337.351793
12164,337.350605
12165,337.348915
12166,337.34657
12167,337.343457
12168,337.339504
12169,337.334665
12170,337.328925
12171,337.322289
12172,337.314784
12173,337.306455
12174,337.297362
12175,337.287575
12176,337.277176
12177,337.266249
12178,337.254882
12179,337.243159
12180,337.231162
12181,337.218966
12182,337.206635
12183,337.194229
12184,337.181794
12185,337.169371
12186,337.156989
12187,337.144671
12188,337.132434
12189,337.120285
12190,337.108228
12191,337.096264
12192,337.084387
12193,337.07259
12194,337.060864
12195,337.049198
12196,337.03758
12197,337.025996
12198,337.014435
12199,337.002885
12200,336.991333
12201,336.979769
12202,336.968183
12203,336.956564
12204,336.944906
12205,336.9332
12206,336.92144
12207,336.909618
12208,336.897729
12209,336.885766
12210,336.873723
12211,336.861591
12212,336.849362
12213,336.837025
12214,336.824567
12215,336.811972
12216,336.799218
12217,336.786282
12218,336.773131
12219,336.759724
12220,336.746009
12221,336.731916
12222,336.717355
12223,336.702214
12224,337.321219
12225,337.319121
12226,337.317764
12227,337.31659
12228,337.315246
12229,337.313491
12230,337.311159
12231,337.308133
12232,337.304336
12233,337.299721
12234,337.29427
12235,337.287985
12236,337.28089
12237,337.273025
12238,337.264443
12239,337.255211
12240,337.245403
12241,337.235096
12242,337.224371
12243,337.213307
12244,337.20198
12245,337.190458
12246,337.178805
12247,337.167074
12248,337.155311
12249,337.143553
12250,337.13183
12251,337.120164
12252,337.108569
12253,337.097055
12254,337.085627
12255,337.074283
12256,337.063021
12257,337.051834
12258,337.040713
12259,337.029649
12260,337.01863
12261,337.007644
12262,336.99668
12263,336.985727
12264,336.974774
12265,336.963809
12266,336.952824
12267,336.94181
12268,336.930759
12269,336.919663
12270,336.908515
12271,336.89731
12272,336.886041
12273,336.874702
12274,336.863286
12275,336.851785
12276,336.84019
12277,336.82849
12278,336.816673
12279,336.804722
12280,336.792617
12281,336.780331
12282,336.767833
12283,336.755079
12284,336.742011
12285,336.728551
12286,336.714581
12287,336.699914
12288,337.408111
12289,336.425317
12290,336.850668
12291,336.685846
12292,337.390049
12293,336.417875
12294,336.840919
12295,336.678039
12296,336.912478
12297,335.964436
12298,336.376979
12299,336.218141
