0,335.892767
1,335.905003
2,335.917911
3,335.928167
4,335.934909
5,335.937955
6,335.937246
7,335.932682
8,335.924064
9,335.911069
10,335.893244
11,335.870016
12,335.8408
13,335.80539
14,335.765378
15,335.728947
16,335.677878
17,335.246968
18,335.082539
19,335.005259
20,334.959024
21,334.925797
22,334.899396
23,334.877407
24,334.858668
25,334.842484
26,334.828365
27,334.815932
28,334.804884
29,334.794976
30,334.786005
31,334.777803
32,334.770233
33,334.763177
34,334.756538
35,334.750234
36,334.744196
37,334.738364
38,334.732688
39,334.727126
40,334.72164
41,334.716199
42,334.710778
43,334.705352
44,334.699905
45,334.694419
46,334.688883
47,334.683287
48,334.677624
49,334.671888
50,334.666076
51,334.660188
52,334.654223
53,334.648185
54,334.642076
55,334.635902
56,334.629669
57,334.623387
58,334.617067
59,334.61073
60,334.604415
61,334.598227
62,334.592474
63,334.588102
64,335.919741
65,335.932617
66,335.946126
67,335.956835
68,335.963885
69,335.967102
70,335.966439
71,335.9618
72,335.952984
73,335.939662
74,335.921373
75,335.897534
76,335.867547
77,335.831209
78,335.790152
79,335.752766
80,335.701443
81,335.268019
82,335.102058
83,335.023597
84,334.976375
85,334.942306
86,334.915181
87,334.892566
88,334.873285
89,334.856627
90,334.842091
91,334.829288
92,334.81791
93,334.807702
94,334.798458
95,334.790006
96,334.782201
97,334.774925
98,334.768078
99,334.761573
100,334.755341
101,334.749319
102,334.743456
103,334.737708
104,334.732036
105,334.726409
106,334.720799
107,334.715183
108,334.709542
109,334.703858
110,334.698121
111,334.692319
112,334.686445
113,334.680494
114,334.674463
115,334.668351
116,334.662158
117,334.655887
118,334.649542
119,334.643128
120,334.636652
121,334.630124
122,334.623555
123,334.616966
124,334.610398
125,334.603958
126,334.597962
127,334.593393
128,335.95033
129,335.963969
130,335.978238
131,335.989544
132,335.997013
133,336.000487
134,335.999931
135,335.995255
136,335.986261
137,335.972617
138,335.953854
139,335.929384
140,335.898604
141,335.86132
142,335.819227
143,335.780942
144,335.729399
145,335.293451
146,335.125885
147,335.046172
148,334.997895
149,334.962916
150,334.935004
151,334.911703
152,334.891824
153,334.87464
154,334.859639
155,334.846423
156,334.834672
157,334.824127
158,334.814573
159,334.805833
160,334.79776
161,334.79023
162,334.783138
163,334.776399
164,334.769936
165,334.763688
166,334.7576
167,334.751627
168,334.745728
169,334.739871
170,334.734026
171,334.728171
172,334.722284
173,334.716349
174,334.710352
175,334.704284
176,334.698137
177,334.691906
178,334.685587
179,334.679179
180,334.672685
181,334.666106
182,334.659447
183,334.652714
184,334.645914
185,334.639057
186,334.632155
187,334.625229
188,334.618321
189,334.611543
190,334.605223
191,334.600398
192,335.978024
193,335.992389
194,336.007414
195,336.019338
196,336.027263
197,336.03104
198,336.030647
199,336.026004
200,336.016916
201,336.003053
202,335.983942
203,335.958993
204,335.927603
205,335.889595
206,335.846719
207,335.807771
208,335.756068
209,335.318183
210,335.149355
211,335.068643
212,335.019513
213,334.983791
214,334.955227
215,334.931356
216,334.910974
217,334.893346
218,334.877949
219,334.864377
220,334.852305
221,334.841465
222,334.831639
223,334.822645
224,334.814331
225,334.80657
226,334.799256
227,334.792299
228,334.785621
229,334.779158
230,334.772854
231,334.766662
232,334.76054
233,334.754453
234,334.748372
235,334.742272
236,334.736133
237,334.729936
238,334.723668
239,334.717319
240,334.710881
241,334.704348
242,334.697719
243,334.690993
244,334.684171
245,334.677257
246,334.670255
247,334.663171
248,334.656015
249,334.648796
250,334.641527
251,334.634229
252,334.626946
253,334.619794
254,334.613118
255,334.608015
256,336.001237
257,336.016238
258,336.03195
259,336.044457
260,336.052835
261,336.056939
262,336.056758
263,336.052221
264,336.04314
265,336.029185
266,336.009886
267,335.984653
268,335.952887
269,335.914423
270,335.871053
271,335.831686
272,335.77988
273,335.340736
274,335.171072
275,335.089688
276,335.039977
277,335.003742
278,334.974724
279,334.950449
280,334.929707
281,334.911758
282,334.896071
283,334.882236
284,334.869922
285,334.858858
286,334.848821
287,334.839627
288,334.831121
289,334.823174
290,334.815676
291,334.808536
292,334.801674
293,334.795025
294,334.78853
295,334.78214
296,334.775812
297,334.769512
298,334.763207
299,334.756873
300,334.750487
301,334.744032
302,334.737494
303,334.730862
304,334.724129
305,334.717289
306,334.710342
307,334.703286
308,334.696124
309,334.688859
310,334.681499
311,334.674049
312,334.666519
313,334.65892
314,334.651264
315,334.643575
316,334.635897
317,334.628352
318,334.621304
319,334.615911
320,336.01973
321,336.035261
322,336.051562
323,336.064592
324,336.073397
325,336.077835
326,336.077905
327,336.073544
328,336.064568
329,336.050653
330,336.031332
331,336.006016
332,335.97411
333,335.935457
334,335.89187
335,335.852315
336,335.800461
337,335.360714
338,335.19064
339,335.108919
340,335.058909
341,335.022405
342,334.993142
343,334.968646
344,334.947703
345,334.929568
346,334.91371
347,334.899714
348,334.887248
349,334.876039
350,334.865863
351,334.856532
352,334.84789
353,334.839808
354,334.832173
355,334.824891
356,334.817884
357,334.811082
358,334.804427
359,334.797867
360,334.791358
361,334.784865
362,334.778354
363,334.771799
364,334.765179
365,334.758474
366,334.751671
367,334.744758
368,334.73773
369,334.73058
370,334.723309
371,334.715916
372,334.708404
373,334.70078
374,334.693048
375,334.685219
376,334.677301
377,334.669307
378,334.66125
379,334.653154
380,334.645066
381,334.637114
382,334.629682
383,334.623991
384,336.033559
385,336.049505
386,336.066285
387,336.079759
388,336.08895
389,336.093718
390,336.094069
391,336.089946
392,336.081171
393,336.067426
394,336.048246
395,336.023046
396,335.991232
397,335.952651
398,335.909115
399,335.86959
400,335.81774
401,335.378023
402,335.207954
403,335.126224
404,335.076198
405,335.03967
406,335.010378
407,334.985847
408,334.964864
409,334.946685
410,334.930777
411,334.916728
412,334.904204
413,334.892934
414,334.882692
415,334.87329
416,334.864574
417,334.85641
418,334.848687
419,334.841311
420,334.834199
421,334.827283
422,334.820501
423,334.813801
424,334.807139
425,334.800476
426,334.793779
427,334.787021
428,334.780179
429,334.773234
430,334.766172
431,334.758982
432,334.751658
433,334.744196
434,334.736596
435,334.728858
436,334.720988
437,334.712991
438,334.704877
439,334.696654
440,334.688334
441,334.67993
442,334.671457
443,334.66294
444,334.654428
445,334.646056
446,334.638228
447,334.632233
448,336.042757
449,336.059
450,336.076139
451,336.089967
452,336.099492
453,336.104577
454,336.105229
455,336.1014
456,336.092918
457,336.079469
458,336.060594
459,336.035708
460,336.00422
461,335.965969
462,335.922751
463,335.883473
464,335.831678
465,335.392627
466,335.22298
467,335.141574
468,335.091813
469,335.055509
470,335.026404
471,335.002027
472,334.981168
473,334.963086
474,334.947254
475,334.93326
476,334.920774
477,334.909527
478,334.899295
479,334.889892
480,334.881162
481,334.872975
482,334.865217
483,334.857794
484,334.850622
485,334.843632
486,334.83676
487,334.829954
488,334.823168
489,334.816362
490,334.809501
491,334.802557
492,334.795507
493,334.788332
494,334.781018
495,334.773554
496,334.765935
497,334.758156
498,334.75022
499,334.742128
500,334.733888
501,334.725506
502,334.716994
503,334.708363
504,334.699624
505,334.690794
506,334.681889
507,334.672935
508,334.663985
509,334.65518
510,334.646945
511,334.640636
512,336.047248
513,336.063664
514,336.081033
515,336.095116
516,336.104915
517,336.110293
518,336.111262
519,336.107779
520,336.099677
521,336.08665
522,336.068242
523,336.043873
524,336.01295
525,335.975299
526,335.932677
527,335.893874
528,335.842189
529,335.404475
530,335.235688
531,335.154949
532,335.105748
533,335.069922
534,335.041225
535,335.017193
536,334.996622
537,334.978781
538,334.963148
539,334.949317
540,334.936966
541,334.925828
542,334.915683
543,334.906349
544,334.897671
545,334.889519
546,334.881782
547,334.874362
548,334.867178
549,334.860157
550,334.853236
551,334.846361
552,334.839482
553,334.83256
554,334.825559
555,334.818449
556,334.811207
557,334.803812
558,334.796252
559,334.788516
560,334.780599
561,334.772498
562,334.764217
563,334.75576
564,334.747135
565,334.738353
566,334.729426
567,334.720367
568,334.711191
569,334.701916
570,334.69256
571,334.683152
572,334.673748
573,334.664495
574,334.655841
575,334.649211
576,336.046817
577,336.063273
578,336.080735
579,336.094965
580,336.104969
581,336.11061
582,336.111905
583,336.108815
584,336.101179
585,336.088699
586,336.070926
587,336.047284
588,336.01718
589,335.98042
590,335.938698
591,335.900623
592,335.849109
593,335.413473
594,335.246028
595,335.16633
596,335.118002
597,335.082921
598,335.054859
599,335.031366
600,335.01125
601,334.993792
602,334.978481
603,334.964923
604,334.952802
605,334.941859
606,334.93188
607,334.922686
608,334.914126
609,334.906072
610,334.898412
611,334.891051
612,334.883905
613,334.876901
614,334.869974
615,334.863068
616,334.856132
617,334.849125
618,334.842009
619,334.834754
620,334.827335
621,334.819732
622,334.811932
623,334.803924
624,334.795705
625,334.787275
626,334.778637
627,334.7698
628,334.760773
629,334.751569
630,334.742205
631,334.732697
632,334.723062
633,334.71332
634,334.703492
635,334.69361
636,334.683732
637,334.674015
638,334.664929
639,334.657969
640,336.041096
641,336.057453
642,336.074859
643,336.089121
644,336.099252
645,336.105122
646,336.106747
647,336.104093
648,336.097007
649,336.085199
650,336.068232
651,336.045541
652,336.016529
653,335.980983
654,335.940508
655,335.903453
656,335.85218
657,335.419483
658,335.253931
659,335.175695
660,335.128582
661,335.094529
662,335.067338
663,335.044581
664,335.025087
665,335.008154
666,334.993288
667,334.980109
668,334.968312
669,334.95765
670,334.947915
671,334.938934
672,334.930561
673,334.922669
674,334.915148
675,334.907904
676,334.900852
677,334.893916
678,334.887031
679,334.880138
680,334.873184
681,334.866126
682,334.858924
683,334.851547
684,334.843967
685,334.836167
686,334.828131
687,334.819851
688,334.811325
689,334.802553
690,334.793543
691,334.784305
692,334.774853
693,334.765204
694,334.755376
695,334.745391
696,334.735269
697,334.725033
698,334.714708
699,334.704328
700,334.693956
701,334.683757
702,334.674223
703,334.666922
704,336.029584
705,336.045689
706,336.062881
707,336.077049
708,336.087227
709,336.093284
710,336.095239
711,336.09306
712,336.086603
713,336.075593
714,336.059608
715,336.0381
716,336.010481
717,335.976511
718,335.937689
719,335.902005
720,335.851058
721,335.422315
722,335.259306
723,335.183021
724,335.137506
725,335.104786
726,335.078712
727,335.05689
728,335.038182
729,335.021912
730,335.00761
731,334.994914
732,334.983535
733,334.973238
734,334.963826
735,334.955133
736,334.947017
737,334.939355
738,334.93204
739,334.924976
740,334.918077
741,334.911267
742,334.904478
743,334.897646
744,334.890719
745,334.883647
746,334.876391
747,334.868916
748,334.861195
749,334.853208
750,334.84494
751,334.836386
752,334.827542
753,334.818413
754,334.80901
755,334.799346
756,334.78944
757,334.779313
758,334.768989
759,334.758493
760,334.74785
761,334.737088
762,334.726236
763,334.71533
764,334.70444
765,334.693737
766,334.683739
767,334.676086
768,336.01172
769,336.027409
770,336.04422
771,336.058167
772,336.068308
773,336.074509
774,336.076789
775,336.075118
776,336.069363
777,336.059266
778,336.044434
779,336.024345
780,335.998432
781,335.966443
782,335.929746
783,335.895864
784,335.845345
785,335.421704
786,335.262026
787,335.188286
788,335.144812
789,335.113756
790,335.08905
791,335.068361
792,335.050599
793,335.035125
794,335.0215
795,335.009386
796,334.998515
797,334.988667
798,334.979657
799,334.971327
800,334.963542
801,334.956184
802,334.949145
803,334.94233
804,334.935653
805,334.929034
806,334.9224
807,334.915687
808,334.908835
809,334.901794
810,334.894519
811,334.886975
812,334.879132
813,334.870969
814,334.862473
815,334.853637
816,334.844462
817,334.834957
818,334.825133
819,334.815011
820,334.804613
821,334.793968
822,334.783105
823,334.772056
824,334.760851
825,334.749524
826,334.738107
827,334.726643
828,334.715204
829,334.703973
830,334.69349
831,334.685473
832,335.987222
833,336.002325
834,336.018594
835,336.032199
836,336.042223
837,336.048526
838,336.051119
839,336.049975
840,336.044974
841,336.035883
842,336.022342
843,336.003877
844,335.979966
845,335.950365
846,335.916311
847,335.884743
848,335.834752
849,335.417136
850,335.261822
851,335.191443
852,335.150561
853,335.121536
854,335.098453
855,335.079086
856,335.062418
857,335.047863
858,335.035019
859,335.023581
860,335.013304
861,335.003987
862,334.995457
863,334.987568
864,334.980193
865,334.973215
866,334.96653
867,334.960043
868,334.953664
869,334.947309
870,334.940902
871,334.934372
872,334.927654
873,334.920694
874,334.913442
875,334.90586
876,334.897916
877,334.889589
878,334.880866
879,334.87174
880,334.862216
881,334.852305
882,334.842026
883,334.831403
884,334.820467
885,334.809253
886,334.797798
887,334.786142
888,334.774324
889,334.762383
890,334.750357
891,334.738293
892,334.726272
893,334.714483
894,334.703494
895,334.695098
896,335.957258
897,335.971637
898,335.987246
899,336.000426
900,336.010275
901,336.016641
902,336.019522
903,336.018892
904,336.014645
905,336.006575
906,335.994371
907,335.977616
908,335.955862
909,335.928917
910,335.897925
911,335.869163
912,335.819397
913,335.406786
914,335.257879
915,335.19234
916,335.154836
917,335.128261
918,335.107053
919,335.089181
920,335.073737
921,335.060207
922,335.048238
923,335.037561
924,335.027958
925,335.019249
926,335.011279
927,335.003913
928,334.997029
929,334.990517
930,334.984275
931,334.978204
932,334.972212
933,334.966208
934,334.96011
935,334.953839
936,334.947325
937,334.940504
938,334.933324
939,334.925741
940,334.917722
941,334.909242
942,334.90029
943,334.890862
944,334.880963
945,334.870611
946,334.85983
947,334.848651
948,334.837116
949,334.825267
950,334.813154
951,334.800825
952,334.788329
953,334.775713
954,334.763023
955,334.750313
956,334.737667
957,334.725288
958,334.713765
959,334.704975
960,335.928483
961,335.942157
962,335.957155
963,335.969945
964,335.979624
965,335.98602
966,335.989118
967,335.988894
968,335.985252
969,335.978013
970,335.966904
971,335.951573
972,335.931651
973,335.907032
974,335.878848
975,335.852781
976,335.792448
977,335.381746
978,335.247676
979,335.190604
980,335.157762
981,335.134125
982,335.115022
983,335.098785
984,335.084669
985,335.07225
986,335.061233
987,335.051391
988,335.042537
989,335.034513
990,335.027182
991,335.020421
992,335.014119
993,335.008169
994,335.002468
995,334.996917
996,334.991415
997,334.985867
998,334.980177
999,334.974258
1000,334.96803
1001,334.96142
1002,334.954369
1003,334.946828
1004,334.938761
1005,334.930142
1006,334.920958
1007,334.911208
1008,334.900901
1009,334.890061
1010,334.878717
1011,334.866913
1012,334.854699
1013,334.842133
1014,334.829276
1015,334.816189
1016,334.802934
1017,334.789569
1018,334.776149
1019,334.762733
1020,334.749414
1021,334.736403
1022,334.724318
1023,334.715115
1024,335.879152
1025,335.89263
1026,335.907472
1027,335.920164
1028,335.929798
1029,335.936197
1030,335.939345
1031,335.939214
1032,335.935715
1033,335.928672
1034,335.917825
1035,335.902833
1036,335.883346
1037,335.85925
1038,335.831256
1039,335.794452
1040,335.469758
1041,335.303188
1042,335.226683
1043,335.186164
1044,335.159682
1045,335.139415
1046,335.122573
1047,335.108056
1048,335.095335
1049,335.084088
1050,335.074085
1051,335.065141
1052,335.057102
1053,335.049835
1054,335.043224
1055,335.037158
1056,335.031535
1057,335.026254
1058,335.021211
1059,335.016301
1060,335.011417
1061,335.00645
1062,335.00129
1063,334.995836
1064,334.989994
1065,334.983682
1066,334.97683
1067,334.969382
1068,334.961299
1069,334.952553
1070,334.943132
1071,334.933035
1072,334.922277
1073,334.910887
1074,334.898904
1075,334.886384
1076,334.87339
1077,334.859998
1078,334.846286
1079,334.832334
1080,334.818218
1081,334.804011
1082,334.789777
1083,334.775585
1084,334.761534
1085,334.747845
1086,334.735164
1087,334.725527
1088,335.469423
1089,335.481004
1090,335.494083
1091,335.505596
1092,335.514675
1093,335.521107
1094,335.524846
1095,335.525864
1096,335.524105
1097,335.519469
1098,335.511812
1099,335.500944
1100,335.486619
1101,335.4684
1102,335.444668
1103,335.406978
1104,335.316892
1105,335.251051
1106,335.209875
1107,335.18231
1108,335.161564
1109,335.144549
1110,335.12995
1111,335.117165
1112,335.105862
1113,335.095821
1114,335.086872
1115,335.078876
1116,335.071712
1117,335.065274
1118,335.059463
1119,335.054188
1120,335.049354
1121,335.044865
1122,335.040617
1123,335.036499
1124,335.032388
1125,335.028159
1126,335.023683
1127,335.018835
1128,335.013506
1129,335.007596
1130,335.001027
1131,334.993734
1132,334.985673
1133,334.976815
1134,334.967146
1135,334.95667
1136,334.945404
1137,334.933385
1138,334.920664
1139,334.907309
1140,334.893403
1141,334.879044
1142,334.864333
1143,334.849375
1144,334.834269
1145,334.819103
1146,334.803954
1147,334.7889
1148,334.774048
1149,334.759628
1150,334.74631
1151,334.736217
1152,335.31925
1153,335.329728
1154,335.341732
1155,335.352511
1156,335.361246
1157,335.367711
1158,335.371846
1159,335.373624
1160,335.373011
1161,335.36995
1162,335.364368
1163,335.35617
1164,335.345233
1165,335.331313
1166,335.313651
1167,335.289814
1168,335.255245
1169,335.22433
1170,335.199929
1171,335.1804
1172,335.164046
1173,335.149877
1174,335.137379
1175,335.12627
1176,335.11637
1177,335.107541
1178,335.09967
1179,335.092659
1180,335.086422
1181,335.08088
1182,335.075956
1183,335.071575
1184,335.067654
1185,335.064103
1186,335.060818
1187,335.057677
1188,335.054541
1189,335.051255
1190,335.04766
1191,335.043601
1192,335.038942
1193,335.033568
1194,335.027384
1195,335.02032
1196,335.012326
1197,335.003371
1198,334.993441
1199,334.982543
1200,334.970698
1201,334.957949
1202,334.94436
1203,334.930016
1204,334.915022
1205,334.899505
1206,334.883603
1207,334.867454
1208,334.851188
1209,334.834915
1210,334.818726
1211,334.802708
1212,334.786972
1213,334.771757
1214,334.75776
1215,334.747186
1216,335.254118
1217,335.2638
1218,335.275027
1219,335.285275
1220,335.293773
1221,335.300291
1222,335.304764
1223,335.307164
1224,335.307471
1225,335.305662
1226,335.301706
1227,335.295579
1228,335.287257
1229,335.276701
1230,335.26377
1231,335.248105
1232,335.229611
1233,335.211472
1234,335.195066
1235,335.180456
1236,335.167384
1237,335.155626
1238,335.145035
1239,335.135507
1240,335.126963
1241,335.119329
1242,335.112543
1243,335.106545
1244,335.101281
1245,335.0967
1246,335.092751
1247,335.089377
1248,335.086511
1249,335.084074
1250,335.081962
1251,335.080046
1252,335.078161
1253,335.076106
1254,335.073665
1255,335.070637
1256,335.066854
1257,335.06218
1258,335.05651
1259,335.049764
1260,335.04189
1261,335.032855
1262,335.022646
1263,335.011271
1264,334.998756
1265,334.985149
1266,334.970524
1267,334.954984
1268,334.93866
1269,334.921716
1270,334.904345
1271,334.886747
1272,334.869093
1273,334.851521
1274,334.834136
1275,334.817029
1276,334.800313
1277,334.784233
1278,334.769507
1279,334.758424
1280,335.219457
1281,335.228533
1282,335.239169
1283,335.249023
1284,335.257364
1285,335.263965
1286,335.268757
1287,335.271715
1288,335.272829
1289,335.272096
1290,335.269517
1291,335.265108
1292,335.258907
1293,335.250977
1294,335.241406
1295,335.230321
1296,335.218064
1297,335.205587
1298,335.193539
1299,335.182195
1300,335.17165
1301,335.161932
1302,335.153045
1303,335.144981
1304,335.137725
1305,335.131253
1306,335.125544
1307,335.120574
1308,335.116323
1309,335.112768
1310,335.109885
1311,335.107643
1312,335.106
1313,335.104894
1314,335.104239
1315,335.103906
1316,335.103702
1317,335.103341
1318,335.102474
1319,335.100823
1320,335.09819
1321,335.094429
1322,335.089429
1323,335.08311
1324,335.075417
1325,335.066322
1326,335.055811
1327,335.043892
1328,335.030593
1329,335.015963
1330,335.000081
1331,334.983058
1332,334.965043
1333,334.946245
1334,334.926958
1335,334.907504
1336,334.888131
1337,334.869001
1338,334.850222
1339,334.831877
1340,334.814071
1341,334.797045
1342,334.781535
1343,334.769915
1344,335.197751
1345,335.206369
1346,335.216565
1347,335.226138
1348,335.234394
1349,335.24111
1350,335.246216
1351,335.24969
1352,335.251529
1353,335.251743
1354,335.250352
1355,335.247396
1356,335.24294
1357,335.237083
1358,335.229969
1359,335.221797
1360,335.212861
1361,335.203589
1362,335.194345
1363,335.185379
1364,335.176853
1365,335.168869
1366,335.161493
1367,335.154767
1368,335.148717
1369,335.143361
1370,335.13871
1371,335.134775
1372,335.131569
1373,335.1291
1374,335.127378
1375,335.126408
1376,335.126185
1377,335.126698
1378,335.127917
1379,335.129774
1380,335.132072
1381,335.134339
1382,335.135814
1383,335.136089
1384,335.134995
1385,335.132425
1386,335.128292
1387,335.122529
1388,335.115092
1389,335.105957
1390,335.095114
1391,335.082569
1392,335.068342
1393,335.052478
1394,335.03504
1395,335.016115
1396,334.995811
1397,334.974338
1398,334.95223
1399,334.93016
1400,334.908515
1401,334.887447
1402,334.867014
1403,334.847249
1404,334.828225
1405,334.810167
1406,334.793818
1407,334.78163
1408,335.183023
1409,335.191309
1410,335.201196
1411,335.210589
1412,335.218824
1413,335.225686
1414,335.231105
1415,335.23506
1416,335.237553
1417,335.238603
1418,335.23824
1419,335.236514
1420,335.233501
1421,335.229307
1422,335.224072
1423,335.217981
1424,335.211261
1425,335.204174
1426,335.196969
1427,335.18985
1428,335.182978
1429,335.176473
1430,335.170427
1431,335.164911
1432,335.159981
1433,335.155683
1434,335.152062
1435,335.14916
1436,335.147022
1437,335.145695
1438,335.14523
1439,335.145683
1440,335.147125
1441,335.149658
1442,335.153452
1443,335.158724
1444,335.165504
1445,335.172884
1446,335.178429
1447,335.181609
1448,335.182633
1449,335.18163
1450,335.178616
1451,335.173572
1452,335.166479
1453,335.157328
1454,335.146112
1455,335.132833
1456,335.117497
1457,335.10012
1458,335.080713
1459,335.059233
1460,335.035495
1461,335.009354
1462,334.982077
1463,334.955616
1464,334.930611
1465,334.906982
1466,334.88453
1467,334.863124
1468,334.84274
1469,334.823556
1470,334.806309
1471,334.793525
1472,335.172968
1473,335.181031
1474,335.190721
1475,335.200025
1476,335.208301
1477,335.215338
1478,335.221067
1479,335.225471
1480,335.228555
1481,335.23034
1482,335.230863
1483,335.230177
1484,335.22836
1485,335.225512
1486,335.221761
1487,335.217262
1488,335.212196
1489,335.206756
1490,335.201132
1491,335.195496
1492,335.189994
1493,335.184751
1494,335.17987
1495,335.175438
1496,335.171535
1497,335.168232
1498,335.165603
1499,335.16372
1500,335.162664
1501,335.162526
1502,335.16341
1503,335.165451
1504,335.168859
1505,335.174018
1506,335.181689
1507,335.193223
1508,335.210122
1509,335.230898
1510,335.245029
1511,335.252951
1512,335.256976
1513,335.258071
1514,335.256523
1515,335.252417
1516,335.245785
1517,335.236643
1518,335.224993
1519,335.210827
1520,335.194121
1521,335.174839
1522,335.152874
1523,335.127821
1524,335.098312
1525,335.061629
1526,335.021662
1527,334.985931
1528,334.955109
1529,334.927782
1530,334.902775
1531,334.87945
1532,334.857551
1533,334.837148
1534,334.818949
1535,334.805542
1536,335.166513
1537,335.174444
1538,335.184039
1539,335.193335
1540,335.201704
1541,335.208942
1542,335.214981
1543,335.219804
1544,335.223419
1545,335.225849
1546,335.227132
1547,335.227324
1548,335.226497
1549,335.224744
1550,335.22218
1551,335.218938
1552,335.215165
1553,335.211019
1554,335.206657
1555,335.202227
1556,335.197866
1557,335.193694
1558,335.189824
1559,335.186355
1560,335.183384
1561,335.181007
1562,335.179321
1563,335.178432
1564,335.178459
1565,335.17954
1566,335.18185
1567,335.185645
1568,335.191384
1569,335.200074
1570,335.21408
1571,335.238664
1572,335.282819
1573,335.349157
1574,335.383928
1575,335.399455
1576,335.407707
1577,335.411728
1578,335.412227
1579,335.40943
1580,335.403449
1581,335.394348
1582,335.382141
1583,335.3668
1584,335.348258
1585,335.326403
1586,335.301002
1587,335.271094
1588,335.231914
1589,335.165098
1590,335.084967
1591,335.025615
1592,334.983225
1593,334.950078
1594,334.921716
1595,334.896139
1596,334.872562
1597,334.850855
1598,334.831659
1599,334.817608
1600,335.163042
1601,335.170925
1602,335.180513
1603,335.189871
1604,335.198382
1605,335.205844
1606,335.21219
1607,335.217406
1608,335.221498
1609,335.224491
1610,335.226424
1611,335.22735
1612,335.22734
1613,335.226479
1614,335.224869
1615,335.222627
1616,335.219881
1617,335.216765
1618,335.213416
1619,335.209968
1620,335.206549
1621,335.203281
1622,335.200278
1623,335.197654
1624,335.195519
1625,335.19399
1626,335.19319
1627,335.193256
1628,335.194346
1629,335.196655
1630,335.20044
1631,335.206123
1632,335.214567
1633,335.227938
1634,335.252243
1635,335.304127
1636,335.424754
1637,335.676204
1638,335.757419
1639,335.780085
1640,335.793953
1641,335.802602
1642,335.806465
1643,335.805832
1644,335.800937
1645,335.791924
1646,335.778834
1647,335.761604
1648,335.740083
1649,335.714085
1650,335.683534
1651,335.64841
1652,335.602476
1653,335.435665
1654,335.205788
1655,335.082474
1656,335.016415
1657,334.973973
1658,334.941215
1659,334.913036
1660,334.887643
1661,334.864567
1662,334.84434
1663,334.829632
1664,335.162154
1665,335.170061
1666,335.17972
1667,335.189205
1668,335.197901
1669,335.205608
1670,335.21226
1671,335.217842
1672,335.222361
1673,335.225844
1674,335.228328
1675,335.229866
1676,335.230524
1677,335.230382
1678,335.229534
1679,335.228085
1680,335.22615
1681,335.22385
1682,335.221309
1683,335.218652
1684,335.216003
1685,335.213484
1686,335.211216
1687,335.209319
1688,335.207921
1689,335.207156
1690,335.207172
1691,335.208137
1692,335.21025
1693,335.213761
1694,335.219022
1695,335.226642
1696,335.237981
1697,335.2568
1698,335.29492
1699,335.392214
1700,335.690129
1701,335.852504
1702,335.885516
1703,335.905175
1704,335.920152
1705,335.929915
1706,335.934584
1707,335.934464
1708,335.929825
1709,335.920834
1710,335.907537
1711,335.889862
1712,335.867633
1713,335.840635
1714,335.808831
1715,335.773029
1716,335.736588
1717,335.666822
1718,335.434411
1719,335.160511
1720,335.054056
1721,334.998852
1722,334.960899
1723,334.929901
1724,334.902622
1725,334.878149
1726,334.856883
1727,334.841517
1728,335.163571
1729,335.171568
1730,335.181369
1731,335.191039
1732,335.19996
1733,335.207931
1734,335.214885
1735,335.220809
1736,335.225711
1737,335.229616
1738,335.232563
1739,335.234602
1740,335.235798
1741,335.236226
1742,335.235976
1743,335.235144
1744,335.233838
1745,335.232171
1746,335.23026
1747,335.228226
1748,335.226191
1749,335.224278
1750,335.222614
1751,335.22133
1752,335.220566
1753,335.220474
1754,335.221224
1755,335.223015
1756,335.226083
1757,335.230734
1758,335.237406
1759,335.246873
1760,335.260891
1761,335.284339
1762,335.332521
1763,335.456401
1764,335.83105
1765,335.903902
1766,335.930281
1767,335.951007
1768,335.967553
1769,335.978552
1770,335.984085
1771,335.98451
1772,335.980142
1773,335.971173
1774,335.957657
1775,335.939509
1776,335.916523
1777,335.888438
1778,335.855177
1779,335.817716
1780,335.781077
1781,335.735591
1782,335.600477
1783,335.225502
1784,335.088619
1785,335.022771
1786,334.980109
1787,334.94642
1788,334.9173
1789,334.891456
1790,334.869168
1791,334.853155
1792,335.167104
1793,335.175252
1794,335.185262
1795,335.19517
1796,335.204352
1797,335.212604
1798,335.219859
1799,335.226102
1800,335.231344
1801,335.235609
1802,335.238936
1803,335.241376
1804,335.242992
1805,335.243858
1806,335.244058
1807,335.243688
1808,335.24285
1809,335.241654
1810,335.240214
1811,335.238648
1812,335.237081
1813,335.235638
1814,335.234452
1815,335.233665
1816,335.233427
1817,335.233907
1818,335.235298
1819,335.237823
1820,335.241755
1821,335.247447
1822,335.255408
1823,335.266534
1824,335.282808
1825,335.309599
1826,335.363143
1827,335.495053
1828,335.871516
1829,335.939206
1830,335.967424
1831,335.990521
1832,336.0092
1833,336.021835
1834,336.028522
1835,336.029681
1836,336.025677
1837,336.016733
1838,336.002909
1839,335.984108
1840,335.96009
1841,335.930536
1842,335.895316
1843,335.855444
1844,335.816451
1845,335.770748
1846,335.645055
1847,335.262927
1848,335.116187
1849,335.044473
1850,334.998317
1851,334.962304
1852,334.931484
1853,334.904342
1854,334.881077
1855,334.864443
1856,335.172641
1857,335.180997
1858,335.191278
1859,335.201476
1860,335.210953
1861,335.219501
1862,335.227053
1863,335.233595
1864,335.239136
1865,335.243702
1866,335.247333
1867,335.250079
1868,335.252005
1869,335.253184
1870,335.253701
1871,335.25365
1872,335.253131
1873,335.252255
1874,335.251135
1875,335.249892
1876,335.248652
1877,335.247546
1878,335.246713
1879,335.246302
1880,335.246478
1881,335.247422
1882,335.249347
1883,335.252498
1884,335.25718
1885,335.263784
1886,335.272875
1887,335.285429
1888,335.303557
1889,335.332831
1890,335.389767
1891,335.526073
1892,335.907143
1893,335.975324
1894,336.005707
1895,336.031186
1896,336.052054
1897,336.066413
1898,336.074338
1899,336.076291
1900,336.072679
1901,336.063751
1902,336.049575
1903,336.03004
1904,336.004876
1905,335.973721
1906,335.936414
1907,335.894047
1908,335.852626
1909,335.805239
1910,335.678826
1911,335.29125
1912,335.139511
1913,335.06412
1914,335.015328
1915,334.977351
1916,334.945013
1917,334.916677
1918,334.8925
1919,334.87528
1920,335.180133
1921,335.188753
1922,335.199366
1923,335.209905
1924,335.219711
1925,335.228571
1926,335.236417
1927,335.243234
1928,335.249034
1929,335.253843
1930,335.257701
1931,335.260663
1932,335.262793
1933,335.264167
1934,335.26487
1935,335.264999
1936,335.264657
1937,335.263955
1938,335.263011
1939,335.261948
1940,335.260896
1941,335.259992
1942,335.259383
1943,335.259226
1944,335.259696
1945,335.260988
1946,335.263328
1947,335.266984
1948,335.272283
1949,335.279648
1950,335.289685
1951,335.303421
1952,335.323042
1953,335.354222
1954,335.413619
1955,335.553184
1956,335.939131
1957,336.007952
1958,336.040069
1959,336.067475
1960,336.090166
1961,336.105997
1962,336.114999
1963,336.117647
1964,336.114374
1965,336.105444
1966,336.09093
1967,336.070714
1968,336.044505
1969,336.011917
1970,335.97279
1971,335.928309
1972,335.88489
1973,335.836005
1974,335.708292
1975,335.315335
1976,335.16
1977,335.081921
1978,335.031048
1979,334.991421
1980,334.957755
1981,334.92835
1982,334.903342
1983,334.88558
1984,335.189596
1985,335.198537
1986,335.209544
1987,335.220472
1988,335.230641
1989,335.239828
1990,335.247964
1991,335.255035
1992,335.261052
1993,335.266045
1994,335.270056
1995,335.27314
1996,335.275367
1997,335.276816
1998,335.277575
1999,335.277746
2000,335.277437
2001,335.276763
2002,335.275847
2003,335.274819
2004,335.273814
2005,335.272975
2006,335.272457
2007,335.272425
2008,335.273063
2009,335.274577
2010,335.277206
2011,335.281232
2012,335.287002
2013,335.294962
2014,335.305744
2015,335.320411
2016,335.341192
2017,335.373818
2018,335.435044
2019,335.57706
2020,335.966902
2021,336.036213
2022,336.0696
2023,336.098443
2024,336.122524
2025,336.139499
2026,336.149348
2027,336.152543
2028,336.149526
2029,336.140572
2030,336.125756
2031,336.104954
2032,336.077865
2033,336.044097
2034,336.003502
2035,335.957358
2036,335.912403
2037,335.862374
2038,335.733597
2039,335.336207
2040,335.178099
2041,335.097947
2042,335.04541
2043,335.004415
2044,334.969614
2045,334.939274
2046,334.913524
2047,334.895271
2048,335.201109
2049,335.210428
2050,335.221893
2051,335.233264
2052,335.243829
2053,335.253359
2054,335.261782
2055,335.269082
2056,335.275274
2057,335.280388
2058,335.28447
2059,335.287581
2060,335.289793
2061,335.291191
2062,335.291872
2063,335.291941
2064,335.291514
2065,335.290715
2066,335.289674
2067,335.288529
2068,335.287422
2069,335.286504
2070,335.285938
2071,335.285895
2072,335.286567
2073,335.28817
2074,335.290952
2075,335.295206
2076,335.301292
2077,335.30967
2078,335.32099
2079,335.336337
2080,335.357962
2081,335.39163
2082,335.45416
2083,335.59792
2084,335.990544
2085,336.060198
2086,336.094465
2087,336.124314
2088,336.149381
2089,336.167176
2090,336.177633
2091,336.181217
2092,336.178369
2093,336.169369
2094,336.154291
2095,336.13301
2096,336.105221
2097,336.070532
2098,336.028814
2099,335.981423
2100,335.935334
2101,335.884469
2102,335.754901
2103,335.354157
2104,335.193953
2105,335.112214
2106,335.05837
2107,335.016267
2108,334.980523
2109,334.949387
2110,334.92299
2111,334.904302
2112,335.214813
2113,335.224576
2114,335.236567
2115,335.248435
2116,335.259434
2117,335.269323
2118,335.278026
2119,335.28553
2120,335.291849
2121,335.297018
2122,335.301086
2123,335.304118
2124,335.306194
2125,335.307406
2126,335.30786
2127,335.30767
2128,335.306964
2129,335.305875
2130,335.304544
2131,335.303118
2132,335.30175
2133,335.3006
2134,335.299835
2135,335.299637
2136,335.300203
2137,335.301755
2138,335.304547
2139,335.30888
2140,335.315119
2141,335.323734
2142,335.335384
2143,335.351162
2144,335.373332
2145,335.407675
2146,335.471045
2147,335.615923
2148,336.010324
2149,336.080195
2150,336.115015
2151,336.145502
2152,336.171196
2153,336.189513
2154,336.200355
2155,336.204173
2156,336.201409
2157,336.19234
2158,336.177043
2159,336.155389
2160,336.127074
2161,336.091709
2162,336.049185
2163,336.000912
2164,335.954032
2165,335.902587
2166,335.772465
2167,335.369348
2168,335.207643
2169,335.124739
2170,335.069909
2171,335.026945
2172,334.990444
2173,334.95865
2174,334.931705
2175,334.912636
2176,335.230926
2177,335.241199
2178,335.253791
2179,335.266217
2180,335.27769
2181,335.287956
2182,335.296935
2183,335.304613
2184,335.311007
2185,335.316155
2186,335.320112
2187,335.322949
2188,335.324754
2189,335.325629
2190,335.325691
2191,335.325069
2192,335.323902
2193,335.322339
2194,335.320535
2195,335.318648
2196,335.316844
2197,335.315293
2198,335.314169
2199,335.313662
2200,335.313972
2201,335.315326
2202,335.31798
2203,335.322238
2204,335.328466
2205,335.337136
2206,335.348907
2207,335.364875
2208,335.387304
2209,335.421978
2210,335.485766
2211,335.6312
2212,336.026482
2213,336.096461
2214,336.131552
2215,336.162351
2216,336.18835
2217,336.206918
2218,336.217934
2219,336.221842
2220,336.21908
2221,336.209922
2222,336.194445
2223,336.172521
2224,336.143845
2225,336.108034
2226,336.064993
2227,336.016165
2228,335.968793
2229,335.916989
2230,335.786522
2231,335.381911
2232,335.219236
2233,335.135552
2234,335.080033
2235,335.036441
2236,334.999365
2237,334.967048
2238,334.939651
2239,334.920258
2240,335.249741
2241,335.260603
2242,335.273878
2243,335.286931
2244,335.298922
2245,335.309584
2246,335.318831
2247,335.32665
2248,335.333061
2249,335.338103
2250,335.341839
2251,335.344348
2252,335.345727
2253,335.346092
2254,335.345573
2255,335.344317
2256,335.342483
2257,335.340236
2258,335.337749
2259,335.335199
2260,335.332765
2261,335.330626
2262,335.328969
2263,335.327986
2264,335.327882
2265,335.328883
2266,335.331247
2267,335.335273
2268,335.341325
2269,335.349869
2270,335.361559
2271,335.377482
2272,335.399896
2273,335.434576
2274,335.498383
2275,335.643848
2276,336.039176
2277,336.10916
2278,336.144263
2279,336.175072
2280,336.201077
2281,336.219637
2282,336.23063
2283,336.234491
2284,336.231653
2285,336.222389
2286,336.206771
2287,336.184674
2288,336.155796
2289,336.119758
2290,336.07647
2291,336.027393
2292,335.979807
2293,335.927849
2294,335.797229
2295,335.391944
2296,335.228797
2297,335.144695
2298,335.088769
2299,335.044771
2300,335.007293
2301,334.974588
2302,334.946833
2303,334.92717
2304,335.271646
2305,335.283185
2306,335.29724
2307,335.310995
2308,335.323556
2309,335.334635
2310,335.344143
2311,335.352066
2312,335.358424
2313,335.363264
2314,335.366653
2315,335.368678
2316,335.369451
2317,335.369101
2318,335.36778
2319,335.365654
2320,335.362907
2321,335.359731
2322,335.35632
2323,335.352874
2324,335.349587
2325,335.346654
2326,335.34427
2327,335.34263
2328,335.341943
2329,335.342432
2330,335.344349
2331,335.347987
2332,335.3537
2333,335.361942
2334,335.373353
2335,335.389005
2336,335.411138
2337,335.445506
2338,335.508943
2339,335.653917
2340,336.048463
2341,336.118351
2342,336.153207
2343,336.183729
2344,336.209445
2345,336.22775
2346,336.238527
2347,336.24221
2348,336.239223
2349,336.229835
2350,336.214116
2351,336.191942
2352,336.163014
2353,336.12696
2354,336.083692
2355,336.034667
2356,335.987143
2357,335.935236
2358,335.804656
2359,335.399511
2360,335.236386
2361,335.152221
2362,335.096162
2363,335.051974
2364,335.014262
2365,334.981293
2366,334.95327
2367,334.933391
2368,335.297142
2369,335.309459
2370,335.324404
2371,335.338951
2372,335.35214
2373,335.363661
2374,335.373421
2375,335.381403
2376,335.387632
2377,335.392155
2378,335.395048
2379,335.396409
2380,335.396361
2381,335.395054
2382,335.392663
2383,335.389385
2384,335.385433
2385,335.381032
2386,335.376411
2387,335.371795
2388,335.367401
2389,335.363439
2390,335.360112
2391,335.357621
2392,335.356171
2393,335.355981
2394,335.357293
2395,335.360388
2396,335.365603
2397,335.373374
2398,335.384319
2399,335.399483
2400,335.421075
2401,335.454814
2402,335.517479
2403,335.661418
2404,336.054302
2405,336.123986
2406,336.158318
2407,336.18824
2408,336.213364
2409,336.231164
2410,336.241537
2411,336.244913
2412,336.241708
2413,336.232181
2414,336.216399
2415,336.19424
2416,336.165414
2417,336.129556
2418,336.086579
2419,336.037919
2420,335.990751
2421,335.939115
2422,335.808781
2423,335.40464
2424,335.242055
2425,335.158194
2426,335.102277
2427,335.058109
2428,335.020322
2429,334.987209
2430,334.959003
2431,334.938956
2432,335.326866
2433,335.340079
2434,335.356042
2435,335.371485
2436,335.385369
2437,335.397364
2438,335.407365
2439,335.415357
2440,335.421364
2441,335.425439
2442,335.427662
2443,335.428142
2444,335.427017
2445,335.424459
2446,335.420674
2447,335.415895
2448,335.410379
2449,335.404398
2450,335.398221
2451,335.392109
2452,335.386309
2453,335.381048
2454,335.376538
2455,335.372982
2456,335.370579
2457,335.369539
2458,335.370088
2459,335.372488
2460,335.377056
2461,335.384198
2462,335.394501
2463,335.40897
2464,335.429768
2465,335.462552
2466,335.524013
2467,335.666313
2468,336.056559
2469,336.125914
2470,336.159406
2471,336.188383
2472,336.212592
2473,336.229631
2474,336.239417
2475,336.242367
2476,336.23888
2477,336.2292
2478,336.213392
2479,336.191338
2480,336.162759
2481,336.127308
2482,336.084904
2483,336.036949
2484,335.990465
2485,335.939354
2486,335.809499
2487,335.407315
2488,335.245849
2489,335.162689
2490,335.107199
2491,335.063258
2492,335.025548
2493,334.9924
2494,334.964086
2495,334.943916
2496,335.361637
2497,335.375888
2498,335.393019
2499,335.409478
2500,335.424138
2501,335.436639
2502,335.446871
2503,335.454816
2504,335.460497
2505,335.46397
2506,335.465318
2507,335.464659
2508,335.462147
2509,335.457978
2510,335.452396
2511,335.445681
2512,335.438152
2513,335.430142
2514,335.421982
2515,335.413983
2516,335.406424
2517,335.399553
2518,335.39359
2519,335.388735
2520,335.385177
2521,335.38311
2522,335.382739
2523,335.384302
2524,335.388083
2525,335.394456
2526,335.40396
2527,335.417546
2528,335.4373
2529,335.468778
2530,335.528527
2531,335.668469
2532,336.055024
2533,336.123912
2534,336.156192
2535,336.183836
2536,336.206796
2537,336.222825
2538,336.231855
2539,336.234275
2540,336.230453
2541,336.220613
2542,336.204812
2543,336.18294
2544,336.154742
2545,336.119898
2546,336.078351
2547,336.031463
2548,335.986039
2549,335.935747
2550,335.806615
2551,335.4074
2552,335.247759
2553,335.165785
2554,335.111039
2555,335.067531
2556,335.030035
2557,334.996948
2558,334.968591
2559,334.948336
2560,335.402542
2561,335.417997
2562,335.436475
2563,335.454091
2564,335.469619
2565,335.482669
2566,335.493121
2567,335.500954
2568,335.50619
2569,335.508882
2570,335.509115
2571,335.507009
2572,335.502732
2573,335.496506
2574,335.488616
2575,335.479405
2576,335.469276
2577,335.458659
2578,335.447975
2579,335.437603
2580,335.427862
2581,335.41902
2582,335.411299
2583,335.40489
2584,335.399964
2585,335.396691
2586,335.395249
2587,335.395841
2588,335.398716
2589,335.4042
2590,335.412776
2591,335.425312
2592,335.443774
2593,335.473524
2594,335.530834
2595,335.667365
2596,336.04943
2597,336.117791
2598,336.148466
2599,336.174394
2600,336.195803
2601,336.210625
2602,336.21878
2603,336.220605
2604,336.21642
2605,336.206419
2606,336.190651
2607,336.169019
2608,336.141297
2609,336.107216
2610,336.066764
2611,336.021285
2612,335.977303
2613,335.928082
2614,335.799615
2615,335.404223
2616,335.24757
2617,335.167527
2618,335.113924
2619,335.071062
2620,335.033903
2621,335.000953
2622,334.972603
2623,334.952291
2624,335.451153
2625,335.468008
2626,335.48804
2627,335.50698
2628,335.523485
2629,335.537131
2630,335.547791
2631,335.555441
2632,335.560097
2633,335.561804
2634,335.560641
2635,335.556722
2636,335.55022
2637,335.541374
2638,335.530509
2639,335.518041
2640,335.504492
2641,335.490469
2642,335.47654
2643,335.463174
2644,335.450735
2645,335.439499
2646,335.429678
2647,335.421439
2648,335.414924
2649,335.410267
2650,335.407609
2651,335.407114
2652,335.408984
2653,335.413491
2654,335.421045
2655,335.432399
2656,335.449308
2657,335.476716
2658,335.530127
2659,335.66053
2660,336.038018
2661,336.107722
2662,336.136724
2663,336.160768
2664,336.180541
2665,336.194141
2666,336.201441
2667,336.2027
2668,336.198179
2669,336.188038
2670,336.172315
2671,336.150926
2672,336.123686
2673,336.090387
2674,336.051092
2675,336.007157
2676,335.964787
2677,335.916103
2678,335.784308
2679,335.394676
2680,335.244369
2681,335.167844
2682,335.115999
2683,335.074016
2684,335.037292
2685,335.004528
2686,334.976216
2687,334.955866
2688,335.510119
2689,335.528609
2690,335.550441
2691,335.570896
2692,335.5885
2693,335.602799
2694,335.613658
2695,335.621046
2696,335.624972
2697,335.625464
2698,335.62258
2699,335.616415
2700,335.607122
2701,335.594933
2702,335.580176
2703,335.563315
2704,335.54504
2705,335.526357
2706,335.508126
2707,335.49093
2708,335.475144
2709,335.461016
2710,335.44871
2711,335.438346
2712,335.430014
2713,335.4238
2714,335.419795
2715,335.418114
2716,335.418908
2717,335.422388
2718,335.428877
2719,335.438971
2720,335.454068
2721,335.478159
2722,335.524131
2723,335.636835
2724,335.98265
2725,336.089265
2726,336.118843
2727,336.141344
2728,336.159691
2729,336.172258
2730,336.178858
2731,336.179666
2732,336.174883
2733,336.164636
2734,336.148954
2735,336.127766
2736,336.100923
2737,336.068282
2738,336.029987
2739,335.987399
2740,335.946091
2741,335.890227
2742,335.70947
2743,335.366706
2744,335.235942
2745,335.166596
2746,335.117463
2747,335.076597
2748,335.040361
2749,335.007796
2750,334.979527
2751,334.959144
2752,335.585012
2753,335.605416
2754,335.629335
2755,335.651527
2756,335.670374
2757,335.68539
2758,335.696437
2759,335.703479
2760,335.70651
2761,335.70553
2762,335.700556
2763,335.691632
2764,335.67885
2765,335.662358
2766,335.642355
2767,335.619137
2768,335.593508
2769,335.567757
2770,335.543422
2771,335.521152
2772,335.501168
2773,335.483551
2774,335.468335
2775,335.455536
2776,335.445162
2777,335.437227
2778,335.43176
2779,335.428819
2780,335.428498
2781,335.430945
2782,335.436391
2783,335.445253
2784,335.458439
2785,335.478296
2786,335.511418
2787,335.576163
2788,335.717135
2789,335.988876
2790,336.054656
2791,336.078947
2792,336.097001
2793,336.10927
2794,336.115662
2795,336.116337
2796,336.111477
2797,336.101199
2798,336.085528
2799,336.064396
2800,336.037668
2801,336.005214
2802,335.967173
2803,335.924593
2804,335.877497
2805,335.733924
2806,335.463869
2807,335.30869
2808,335.222178
2809,335.164434
2810,335.118753
2811,335.079071
2812,335.043285
2813,335.010879
2814,334.98263
2815,334.962207
2816,335.690159
2817,335.712818
2818,335.739172
2819,335.763365
2820,335.783621
2821,335.799431
2822,335.810658
2823,335.817262
2824,335.819214
2825,335.816468
2826,335.808973
2827,335.796676
2828,335.779531
2829,335.757441
2830,335.730054
2831,335.696481
2832,335.656485
2833,335.617795
2834,335.583671
2835,335.55423
2836,335.528851
2837,335.507023
2838,335.488432
2839,335.472885
2840,335.460253
2841,335.45045
2842,335.443429
2843,335.439179
2844,335.437737
2845,335.43919
2846,335.443694
2847,335.451524
2848,335.463222
2849,335.479989
2850,335.504608
2851,335.543028
2852,335.604533
2853,335.688205
2854,335.73196
2855,335.756464
2856,335.772772
2857,335.783208
2858,335.788239
2859,335.788016
2860,335.782631
2861,335.772132
2862,335.756524
2863,335.735762
2864,335.709763
2865,335.678435
2866,335.641663
2867,335.598924
2868,335.546684
2869,335.467205
2870,335.361484
2871,335.277316
2872,335.214367
2873,335.163986
2874,335.120648
2875,335.081752
2876,335.046229
2877,335.013884
2878,334.985604
2879,334.965121
2880,335.86745
2881,335.892825
2882,335.922086
2883,335.948636
2884,335.970528
2885,335.987236
2886,335.998639
2887,336.004691
2888,336.005328
2889,336.000441
2890,335.989868
2891,335.973404
2892,335.950763
2893,335.921355
2894,335.883311
2895,335.830695
2896,335.752501
2897,335.683828
2898,335.631265
2899,335.590739
2900,335.558181
2901,335.531257
2902,335.5088
2903,335.490205
2904,335.475126
2905,335.463337
2906,335.454694
2907,335.449114
2908,335.446574
2909,335.447112
2910,335.450834
2911,335.457952
2912,335.468876
2913,335.484448
2914,335.506389
2915,335.537717
2916,335.581484
2917,335.633134
2918,335.66816
2919,335.691092
2920,335.706727
2921,335.716671
2922,335.721344
2923,335.720879
2924,335.71534
2925,335.704761
2926,335.689138
2927,335.66843
2928,335.642564
2929,335.611453
2930,335.574954
2931,335.532537
2932,335.481997
2933,335.417294
2934,335.34034
2935,335.271685
2936,335.21472
2937,335.166338
2938,335.123605
2939,335.08485
2940,335.04931
2941,335.016886
2942,334.988506
2943,334.967933
2944,336.24729
2945,336.276215
2946,336.309231
2947,336.338781
2948,336.362721
2949,336.380532
2950,336.392116
2951,336.397427
2952,336.396354
2953,336.388685
2954,336.374098
2955,336.352166
2956,336.322315
2957,336.283468
2958,336.23161
2959,336.146062
2960,335.933758
2961,335.782127
2962,335.69031
2963,335.631349
2964,335.58899
2965,335.555936
2966,335.529136
2967,335.507241
2968,335.489569
2969,335.475714
2970,335.465415
2971,335.45851
2972,335.45492
2973,335.454644
2974,335.457773
2975,335.46454
2976,335.475478
2977,335.491846
2978,335.516651
2979,335.556445
2980,335.621651
2981,335.711556
2982,335.755255
2983,335.779746
2984,335.796167
2985,335.806696
2986,335.811776
2987,335.811561
2988,335.806146
2989,335.795584
2990,335.779873
2991,335.75896
2992,335.732752
2993,335.701143
2994,335.664024
2995,335.620983
2996,335.568948
2997,335.490437
2998,335.37751
2999,335.288455
3000,335.223165
3001,335.171687
3002,335.127747
3003,335.088434
3004,335.052569
3005,335.019915
3006,334.991358
3007,334.970665
3008,337.246603
3009,337.28141
3010,337.320382
3011,337.354564
3012,337.381614
3013,337.401063
3014,337.412877
3015,337.417009
3016,337.413269
3017,337.401277
3018,337.380445
3019,337.349999
3020,337.309117
3021,337.257482
3022,337.196499
3023,337.113137
3024,336.330104
3025,335.939497
3026,335.764869
3027,335.675977
3028,335.620676
3029,335.580526
3030,335.549022
3031,335.523668
3032,335.503326
3033,335.487372
3034,335.475419
3035,335.467221
3036,335.462644
3037,335.461663
3038,335.46438
3039,335.471127
3040,335.482792
3041,335.501854
3042,335.535483
3043,335.603974
3044,335.757446
3045,336.059321
3046,336.117696
3047,336.141238
3048,336.159446
3049,336.171847
3050,336.178291
3051,336.178946
3052,336.174
3053,336.163568
3054,336.147663
3055,336.126203
3056,336.099024
3057,336.065971
3058,336.027172
3059,335.983892
3060,335.938462
3061,335.808805
3062,335.504112
3063,335.33254
3064,335.239958
3065,335.179816
3066,335.132929
3067,335.092432
3068,335.055972
3069,335.022954
3070,334.994153
3071,334.973312
3072,337.365236
3073,337.40064
3074,337.440132
3075,337.474699
3076,337.502001
3077,337.521583
3078,337.533414
3079,337.537448
3080,337.533489
3081,337.521143
3082,337.4998
3083,337.46865
3084,337.426837
3085,337.374058
3086,337.31273
3087,337.255344
3088,337.113917
3089,336.15628
3090,335.848324
3091,335.721396
3092,335.651741
3093,335.604207
3094,335.567932
3095,335.539104
3096,335.516103
3097,335.498078
3098,335.484511
3099,335.475074
3100,335.469586
3101,335.468001
3102,335.47045
3103,335.477396
3104,335.49019
3105,335.512986
3106,335.559564
3107,335.678749
3108,336.055457
3109,336.137417
3110,336.164995
3111,336.187424
3112,336.205849
3113,336.21845
3114,336.225029
3115,336.225769
3116,336.220869
3117,336.210451
3118,336.19453
3119,336.173018
3120,336.145747
3121,336.112549
3122,336.073548
3123,336.030174
3124,335.988546
3125,335.939347
3126,335.789664
3127,335.40382
3128,335.262298
3129,335.189453
3130,335.138646
3131,335.096627
3132,335.059411
3133,335.025944
3134,334.996852
3135,334.975844
3136,337.447808
3137,337.485419
3138,337.527011
3139,337.563156
3140,337.591493
3141,337.611601
3142,337.623477
3143,337.627079
3144,337.622183
3145,337.60834
3146,337.584844
3147,337.550748
3148,337.505009
3149,337.447128
3150,337.379547
3151,337.316128
3152,337.200743
3153,336.246362
3154,335.905837
3155,335.759953
3156,335.679938
3157,335.626009
3158,335.585289
3159,335.553148
3160,335.527595
3161,335.507584
3162,335.49248
3163,335.481881
3164,335.47556
3165,335.473457
3166,335.475727
3167,335.482934
3168,335.496721
3169,335.522041
3170,335.574641
3171,335.706078
3172,336.085392
3173,336.153803
3174,336.182849
3175,336.207085
3176,336.227012
3177,336.240694
3178,336.248011
3179,336.249226
3180,336.244597
3181,336.234274
3182,336.218279
3183,336.196511
3184,336.168759
3185,336.134789
3186,336.094639
3187,336.049685
3188,336.00634
3189,335.957507
3190,335.827829
3191,335.431683
3192,335.276764
3193,335.197648
3194,335.144083
3195,335.100715
3196,335.06274
3197,335.028797
3198,334.999397
3199,334.978216
3200,337.537878
3201,337.577881
3202,337.621872
3203,337.659868
3204,337.689426
3205,337.710151
3206,337.722062
3207,337.725116
3208,337.719063
3209,337.703388
3210,337.677286
3211,337.639671
3212,337.589337
3213,337.525667
3214,337.451316
3215,337.381643
3216,337.265924
3217,336.302684
3218,335.948453
3219,335.791924
3220,335.704493
3221,335.645268
3222,335.600598
3223,335.565421
3224,335.537502
3225,335.515645
3226,335.499116
3227,335.487449
3228,335.480378
3229,335.477828
3230,335.479969
3231,335.487428
3232,335.501994
3233,335.528923
3234,335.58445
3235,335.720194
3236,336.101994
3237,336.170308
3238,336.201165
3239,336.227326
3240,336.248946
3241,336.263919
3242,336.272154
3243,336.273982
3244,336.269714
3245,336.259529
3246,336.243457
3247,336.22138
3248,336.193048
3249,336.158163
3250,336.116694
3251,336.070016
3252,336.02487
3253,335.974796
3254,335.845638
3255,335.446137
3256,335.286526
3257,335.204307
3258,335.14893
3259,335.104479
3260,335.065817
3261,335.031419
3262,335.001721
3263,334.980371
3264,337.616753
3265,337.658859
3266,337.705022
3267,337.744721
3268,337.775411
3269,337.796697
3270,337.808611
3271,337.81111
3272,337.803917
3273,337.786465
3274,337.75787
3275,337.716947
3276,337.662389
3277,337.593559
3278,337.513414
3279,337.438629
3280,337.321767
3281,336.345768
3282,335.982096
3283,335.818216
3284,335.725135
3285,335.661543
3286,335.61346
3287,335.575593
3288,335.545552
3289,335.52203
3290,335.504216
3291,335.49159
3292,335.483853
3293,335.480917
3294,335.482958
3295,335.490636
3296,335.505813
3297,335.533867
3298,335.591196
3299,335.729542
3300,336.114959
3301,336.183763
3302,336.216088
3303,336.243854
3304,336.266969
3305,336.283137
3306,336.292261
3307,336.294705
3308,336.290814
3309,336.280791
3310,336.264671
3311,336.242321
3312,336.213462
3313,336.177753
3314,336.135131
3315,336.08701
3316,336.040418
3317,335.989229
3318,335.859215
3319,335.456093
3320,335.29382
3321,335.209721
3322,335.153076
3323,335.107769
3324,335.068521
3325,335.03372
3326,335.003753
3327,334.982253
3328,337.680785
3329,337.72461
3330,337.772577
3331,337.813706
3332,337.845343
3333,337.867083
3334,337.878964
3335,337.880939
3336,337.87271
3337,337.853674
3338,337.822891
3339,337.779116
3340,337.720996
3341,337.647933
3342,337.563176
3343,337.484449
3344,337.36665
3345,336.379565
3346,336.008632
3347,335.839195
3348,335.741681
3349,335.674523
3350,335.623568
3351,335.583393
3352,335.55151
3353,335.526535
3354,335.507596
3355,335.494132
3356,335.485817
3357,335.482549
3358,335.484506
3359,335.492364
3360,335.508021
3361,335.536912
3362,335.595522
3363,335.735771
3364,336.124315
3365,336.193525
3366,336.226953
3367,336.25597
3368,336.280297
3369,336.297479
3370,336.307387
3371,336.310396
3372,336.306871
3373,336.297027
3374,336.280901
3375,336.258352
3376,336.22908
3377,336.192724
3378,336.149211
3379,336.100003
3380,336.052355
3381,336.000355
3382,335.869609
3383,335.463501
3384,335.299386
3385,335.214
3386,335.156435
3387,335.110471
3388,335.070754
3389,335.035624
3390,335.005436
3391,334.98381
3392,337.730414
3393,337.775579
3394,337.824961
3395,337.867212
3396,337.899584
3397,337.921656
3398,337.933467
3399,337.934963
3400,337.925834
3401,337.90545
3402,337.87284
3403,337.826726
3404,337.765742
3405,337.68935
3406,337.601047
3407,337.519347
3408,337.400838
3409,336.40514
3410,336.028659
3411,335.854974
3412,335.754
3413,335.68399
3414,335.630691
3415,335.588607
3416,335.555183
3417,335.528984
3418,335.509096
3419,335.494924
3420,335.48612
3421,335.482572
3422,335.484454
3423,335.492452
3424,335.508478
3425,335.537999
3426,335.597555
3427,335.739216
3428,336.13015
3429,336.199663
3430,336.233902
3431,336.263866
3432,336.289142
3433,336.307147
3434,336.317715
3435,336.321222
3436,336.318039
3437,336.308388
3438,336.292307
3439,336.269648
3440,336.240102
3441,336.203295
3442,336.159159
3443,336.109198
3444,336.060831
3445,336.008284
3446,335.877028
3447,335.468795
3448,335.303411
3449,335.217144
3450,335.158936
3451,335.112501
3452,335.072444
3453,335.037072
3454,335.006719
3455,334.985001
3456,337.766938
3457,337.813088
3458,337.86351
3459,337.906579
3460,337.939472
3461,337.961751
3462,337.973453
3463,337.974522
3464,337.964636
3465,337.943152
3466,337.909079
3467,337.861125
3468,337.797931
3469,337.719012
3470,337.628064
3471,337.544177
3472,337.425145
3473,336.423069
3474,336.042472
3475,335.865611
3476,335.762012
3477,335.689802
3478,335.63467
3479,335.591073
3480,335.556419
3481,335.529236
3482,335.508581
3483,335.493836
3484,335.484636
3485,335.480858
3486,335.482674
3487,335.490772
3488,335.507072
3489,335.537054
3490,335.597298
3491,335.739982
3492,336.132654
3493,336.202385
3494,336.237213
3495,336.267879
3496,336.293878
3497,336.31253
3498,336.32364
3499,336.327575
3500,336.324709
3501,336.315266
3502,336.299283
3503,336.276609
3504,336.246929
3505,336.209867
3506,336.165356
3507,336.114937
3508,336.066131
3509,336.01325
3510,335.881678
3511,335.472114
3512,335.30594
3513,335.219129
3514,335.160525
3515,335.113802
3516,335.073539
3517,335.038022
3518,335.007572
3519,334.985798
3520,337.791599
3521,337.838406
3522,337.889514
3523,337.933107
3524,337.966312
3525,337.988676
3526,338.000234
3527,338.000927
3528,337.990428
3529,337.968084
3530,337.932898
3531,337.883571
3532,337.818756
3533,337.738015
3534,337.645183
3535,337.559754
3536,337.440356
3537,336.433794
3538,336.050291
3539,335.871171
3540,335.765684
3541,335.691874
3542,335.635394
3543,335.590675
3544,335.555101
3545,335.527179
3546,335.505944
3547,335.490765
3548,335.481262
3549,335.477306
3550,335.479066
3551,335.487227
3552,335.503715
3553,335.534017
3554,335.594735
3555,335.738127
3556,336.132001
3557,336.201883
3558,336.237125
3559,336.268294
3560,336.294825
3561,336.313971
3562,336.325513
3563,336.329812
3564,336.327239
3565,336.31802
3566,336.30219
3567,336.279596
3568,336.249921
3569,336.212785
3570,336.168128
3571,336.117508
3572,336.0685
3573,336.015462
3574,335.88374
3575,335.473538
3576,335.306994
3577,335.219938
3578,335.16117
3579,335.114341
3580,335.074011
3581,335.038455
3582,335.007981
3583,334.986192
3584,337.805351
3585,337.852509
3586,337.903967
3587,337.947806
3588,337.98112
3589,338.00345
3590,338.014829
3591,338.015196
3592,338.004222
3593,337.981251
3594,337.945281
3595,337.895016
3596,337.829115
3597,337.747175
3598,337.653121
3599,337.5667
3600,337.447068
3601,336.437647
3602,336.052289
3603,335.871719
3604,335.765013
3605,335.690161
3606,335.632795
3607,335.587334
3608,335.551148
3609,335.522731
3610,335.501107
3611,335.485632
3612,335.475922
3613,335.47184
3614,335.473552
3615,335.481745
3616,335.498343
3617,335.528839
3618,335.58985
3619,335.73368
3620,336.128308
3621,336.198286
3622,336.233796
3623,336.2653
3624,336.2922
3625,336.311704
3626,336.323579
3627,336.328182
3628,336.325882
3629,336.316903
3630,336.301281
3631,336.278862
3632,336.249324
3633,336.21229
3634,336.167698
3635,336.117109
3636,336.06811
3637,336.015068
3638,335.88334
3639,335.473119
3640,335.306585
3641,335.219568
3642,335.160861
3643,335.114106
3644,335.073856
3645,335.038371
3646,335.00795
3647,334.98619
3648,337.808825
3649,337.856041
3650,337.907529
3651,337.951343
3652,337.984569
3653,338.006748
3654,338.017913
3655,338.018003
3656,338.006689
3657,337.983313
3658,337.946874
3659,337.896076
3660,337.829587
3661,337.747019
3662,337.652341
3663,337.565422
3664,337.445675
3665,336.434852
3666,336.048589
3667,335.867311
3668,335.760007
3669,335.68464
3670,335.626835
3671,335.581003
3672,335.544508
3673,335.515839
3674,335.494014
3675,335.478385
3676,335.468562
3677,335.464406
3678,335.466082
3679,335.474275
3680,335.490911
3681,335.521485
3682,335.58262
3683,335.726649
3684,336.121633
3685,336.191658
3686,336.227307
3687,336.258997
3688,336.286116
3689,336.305853
3690,336.317969
3691,336.322818
3692,336.320771
3693,336.312051
3694,336.296693
3695,336.274541
3696,336.245274
3697,336.20851
3698,336.164183
3699,336.113845
3700,336.065049
3701,336.012146
3702,335.880549
3703,335.470887
3704,335.304724
3705,335.218019
3706,335.159597
3707,335.113105
3708,335.073085
3709,335.03779
3710,335.007506
3711,334.985821
3712,337.802343
3713,337.849333
3714,337.900536
3715,337.944059
3716,337.977004
3717,337.998917
3718,338.009833
3719,338.009692
3720,337.998168
3721,337.974604
3722,337.938
3723,337.887063
3724,337.820462
3725,337.73781
3726,337.643077
3727,337.556129
3728,337.436378
3729,336.425532
3730,336.039264
3731,335.857987
3732,335.750684
3733,335.675315
3734,335.617505
3735,335.571666
3736,335.535163
3737,335.506482
3738,335.484644
3739,335.468999
3740,335.459157
3741,335.454978
3742,335.456626
3743,335.464788
3744,335.481389
3745,335.511926
3746,335.573025
3747,335.71702
3748,336.111978
3749,336.182002
3750,336.217668
3751,336.249398
3752,336.27659
3753,336.296438
3754,336.308704
3755,336.313745
3756,336.311932
3757,336.303489
3758,336.288451
3759,336.266661
3760,336.237795
3761,336.201468
3762,336.157605
3763,336.107734
3764,336.059334
3765,336.00671
3766,335.875377
3767,335.466845
3768,335.301416
3769,335.2153
3770,335.157394
3771,335.111358
3772,335.071731
3773,335.036754
3774,335.006699
3775,334.985139
3776,337.785978
3777,337.832457
3778,337.883062
3779,337.926029
3780,337.958499
3781,337.980031
3782,337.990662
3783,337.990337
3784,337.97873
3785,337.955191
3786,337.918722
3787,337.868034
3788,337.801794
3789,337.719601
3790,337.625381
3791,337.538873
3792,337.419233
3793,336.409744
3794,336.024371
3795,335.843799
3796,335.737089
3797,335.662225
3798,335.60484
3799,335.559354
3800,335.523137
3801,335.494683
3802,335.473017
3803,335.457491
3804,335.447721
3805,335.443567
3806,335.445195
3807,335.453291
3808,335.469781
3809,335.500162
3810,335.561056
3811,335.704776
3812,336.099309
3813,336.169282
3814,336.204835
3815,336.236455
3816,336.26357
3817,336.2834
3818,336.295723
3819,336.300898
3820,336.299298
3821,336.29115
3822,336.276487
3823,336.255153
3824,336.226822
3825,336.191104
3826,336.14791
3827,336.098728
3828,336.050924
3829,335.998725
3830,335.867794
3831,335.460987
3832,335.296665
3833,335.211427
3834,335.15428
3835,335.108908
3836,335.069849
3837,335.03533
3838,335.005606
3839,334.984227
3840,337.759705
3841,337.805383
3842,337.855075
3843,337.897222
3844,337.929026
3845,337.950063
3846,337.960374
3847,337.959909
3848,337.948345
3849,337.925039
3850,337.889003
3851,337.838952
3852,337.773551
3853,337.692375
3854,337.599261
3855,337.513691
3856,337.39428
3857,336.387591
3858,336.00404
3859,335.824891
3860,335.719372
3861,335.645517
3862,335.58898
3863,335.544198
3864,335.508556
3865,335.480559
3866,335.459242
3867,335.443968
3868,335.434355
3869,335.43027
3870,335.43188
3871,335.439869
3872,335.456166
3873,335.486262
3874,335.546768
3875,335.68995
3876,336.083618
3877,336.153486
3878,336.18878
3879,336.220121
3880,336.246993
3881,336.266669
3882,336.278946
3883,336.284192
3884,336.282783
3885,336.274944
3886,336.260711
3887,336.239928
3888,336.212267
3889,336.177332
3890,336.135019
3891,336.086762
3892,336.039769
3893,335.988155
3894,335.857777
3895,335.453325
3896,335.290503
3897,335.206444
3898,335.150311
3899,335.105824
3900,335.067522
3901,335.033617
3902,335.004339
3903,334.983204
3904,337.723908
3905,337.768498
3906,337.81697
3907,337.858047
3908,337.889007
3909,337.909444
3910,337.919405
3911,337.918842
3912,337.907441
3913,337.884567
3914,337.849246
3915,337.800206
3916,337.736114
3917,337.656515
3918,337.565125
3919,337.48103
3920,337.361977
3921,336.359591
3922,335.978799
3923,335.801781
3924,335.698028
3925,335.625659
3926,335.570367
3927,335.526615
3928,335.49181
3929,335.464479
3930,335.443673
3931,335.428766
3932,335.419388
3933,335.415408
3934,335.416996
3935,335.424837
3936,335.440853
3937,335.470531
3938,335.530458
3939,335.672818
3940,336.065134
3941,336.134832
3942,336.169699
3943,336.200571
3944,336.227019
3945,336.246394
3946,336.258518
3947,336.263768
3948,336.26252
3949,336.255
3950,336.241244
3951,336.221095
3952,336.194229
3953,336.160247
3954,336.119026
3955,336.071937
3956,336.025985
3957,335.975132
3958,335.845471
3959,335.444016
3960,335.28308
3961,335.200495
3962,335.145622
3963,335.102238
3964,335.064884
3965,335.031758
3966,335.003055
3967,334.982239
3968,337.68107
3969,337.724331
3970,337.771352
3971,337.811181
3972,337.841178
3973,337.860952
3974,337.870553
3975,337.869934
3976,337.858789
3977,337.836499
3978,337.802108
3979,337.754365
3980,337.691952
3981,337.614395
3982,337.525273
3983,337.443171
3984,337.32461
3985,336.327851
3986,335.950575
3987,335.776237
3988,335.674685
3989,335.604151
3990,335.550385
3991,335.507888
3992,335.474103
3993,335.44758
3994,335.427394
3995,335.412934
3996,335.403839
3997,335.399987
3998,335.401548
3999,335.409204
4000,335.424871
4001,335.454022
4002,335.51321
4003,335.654507
4004,336.045015
4005,336.114474
4006,336.148732
4007,336.178946
4008,336.204801
4009,336.223743
4010,336.235618
4011,336.240807
4012,336.239684
4013,336.232474
4014,336.219211
4015,336.199743
4016,336.173748
4017,336.140829
4018,336.10085
4019,336.055121
4020,336.010415
4021,335.960503
4022,335.831712
4023,335.433735
4024,335.274948
4025,335.194032
4026,335.140586
4027,335.098453
4028,335.062188
4029,335.029973
4030,335.001963
4031,334.981545
4032,337.641393
4033,337.683358
4034,337.729024
4035,337.767718
4036,337.796855
4037,337.816051
4038,337.825351
4039,337.824711
4040,337.813833
4041,337.792111
4042,337.758611
4043,337.712109
4044,337.651312
4045,337.575748
4046,337.488909
4047,337.408922
4048,337.290934
4049,336.299792
4050,335.925875
4051,335.754072
4052,335.654584
4053,335.585759
4054,335.533405
4055,335.492065
4056,335.459214
4057,335.433432
4058,335.413812
4059,335.39976
4060,335.390925
4061,335.387188
4062,335.388721
4063,335.396202
4064,335.411539
4065,335.440189
4066,335.498669
4067,335.638934
4068,336.027609
4069,336.096786
4070,336.130357
4071,336.159866
4072,336.185105
4073,336.203597
4074,336.215203
4075,336.220298
4076,336.219254
4077,336.212288
4078,336.199437
4079,336.18055
4080,336.155313
4081,336.123334
4082,336.084477
4083,336.040011
4084,335.996517
4085,335.947585
4086,335.819673
4087,335.424833
4088,335.267939
4089,335.188499
4090,335.136321
4091,335.095304
4092,335.060022
4093,335.028653
4094,335.001317
4095,334.981316
4096,335.367672
4097,335.3869
4098,335.401551
4099,335.412067
4100,335.418731
4101,335.421703
4102,335.421029
4103,335.416642
4104,335.408357
4105,335.395862
4106,335.378698
4107,335.356238
4108,335.327645
4109,335.291812
4110,335.247231
4111,335.191695
4112,335.121473
4113,335.062949
4114,335.014271
4115,334.973655
4116,334.939594
4117,334.910862
4118,334.88647
4119,334.865624
4120,334.847678
4121,334.832112
4122,334.8185
4123,334.806498
4124,334.795819
4125,334.786231
4126,334.777542
4127,334.76959
4128,334.762244
4129,334.755391
4130,334.748938
4131,334.742807
4132,334.736931
4133,334.731253
4134,334.725725
4135,334.720304
4136,334.714957
4137,334.709653
4138,334.704366
4139,334.699075
4140,334.693761
4141,334.68841
4142,334.683009
4143,334.67755
4144,334.672025
4145,334.666428
4146,334.660758
4147,334.655012
4148,334.649192
4149,334.6433
4150,334.637339
4151,334.631314
4152,334.625232
4153,334.6191
4154,334.612927
4155,334.606724
4156,334.600503
4157,334.594282
4158,334.588078
4159,334.581918
4160,335.409188
4161,335.429821
4162,335.445422
4163,335.456592
4164,335.463679
4165,335.466873
4166,335.466234
4167,335.461698
4168,335.453078
4169,335.44005
4170,335.422138
4171,335.398694
4172,335.368855
4173,335.331483
4174,335.28505
4175,335.227364
4176,335.15485
4177,335.094039
4178,335.043301
4179,335.000892
4180,334.965289
4181,334.935236
4182,334.909711
4183,334.887888
4184,334.869097
4185,334.852793
4186,334.838535
4187,334.825959
4188,334.814768
4189,334.804719
4190,334.795609
4191,334.787271
4192,334.779565
4193,334.772376
4194,334.765604
4195,334.759168
4196,334.752997
4197,334.747032
4198,334.741222
4199,334.735523
4200,334.729899
4201,334.724318
4202,334.718752
4203,334.713179
4204,334.707581
4205,334.701941
4206,334.696246
4207,334.690488
4208,334.684657
4209,334.67875
4210,334.672763
4211,334.666696
4212,334.660548
4213,334.654323
4214,334.648024
4215,334.641657
4216,334.635227
4217,334.628744
4218,334.622217
4219,334.615656
4220,334.609075
4221,334.602488
4222,334.595914
4223,334.589373
4224,335.443453
4225,335.465443
4226,335.482012
4227,335.493866
4228,335.501413
4229,335.50488
4230,335.504344
4231,335.499751
4232,335.490914
4233,335.477505
4234,335.45904
4235,335.434858
4236,335.404084
4237,335.365572
4238,335.317802
4239,335.258621
4240,335.184546
4241,335.122134
4242,335.069887
4243,335.02612
4244,334.989321
4245,334.958225
4246,334.931795
4247,334.909184
4248,334.889706
4249,334.8728
4250,334.858009
4251,334.844959
4252,334.833343
4253,334.822907
4254,334.813443
4255,334.804777
4256,334.796765
4257,334.789285
4258,334.782237
4259,334.775533
4260,334.769102
4261,334.762881
4262,334.756817
4263,334.750864
4264,334.744985
4265,334.739145
4266,334.733318
4267,334.727478
4268,334.721606
4269,334.715686
4270,334.709704
4271,334.703651
4272,334.697518
4273,334.691301
4274,334.684997
4275,334.678605
4276,334.672125
4277,334.665562
4278,334.658918
4279,334.6522
4280,334.645414
4281,334.63857
4282,334.631677
4283,334.624746
4284,334.61779
4285,334.610823
4286,334.60386
4287,334.596917
4288,335.471699
4289,335.494893
4290,335.512368
4291,335.524889
4292,335.532911
4293,335.536686
4294,335.536314
4295,335.531749
4296,335.522809
4297,335.509165
4298,335.490331
4299,335.465642
4300,335.434218
4301,335.394916
4302,335.346228
4303,335.286033
4304,335.210891
4305,335.147383
4306,335.094082
4307,335.049343
4308,335.01167
4309,334.979801
4310,334.95269
4311,334.929482
4312,334.909478
4313,334.892107
4314,334.876902
4315,334.86348
4316,334.851526
4317,334.840782
4318,334.831033
4319,334.8221
4320,334.813836
4321,334.806116
4322,334.798835
4323,334.791904
4324,334.785248
4325,334.778803
4326,334.772514
4327,334.766333
4328,334.760222
4329,334.754144
4330,334.748071
4331,334.741979
4332,334.735846
4333,334.729655
4334,334.723393
4335,334.71705
4336,334.710618
4337,334.704092
4338,334.697468
4339,334.690748
4340,334.683932
4341,334.677023
4342,334.670027
4343,334.662949
4344,334.655798
4345,334.648582
4346,334.641312
4347,334.633998
4348,334.626654
4349,334.619292
4350,334.611926
4351,334.60457
4352,335.494656
4353,335.518872
4354,335.537151
4355,335.550291
4356,335.558776
4357,335.562882
4358,335.562723
4359,335.558263
4360,335.549327
4361,335.535589
4362,335.516563
4363,335.491584
4364,335.459772
4365,335.41999
4366,335.37074
4367,335.309921
4368,335.234111
4369,335.169917
4370,335.115947
4371,335.07058
4372,335.032334
4373,334.999949
4374,334.972378
4375,334.948761
4376,334.928392
4377,334.910695
4378,334.895196
4379,334.881506
4380,334.869307
4381,334.858335
4382,334.848372
4383,334.839236
4384,334.830777
4385,334.822866
4386,334.815398
4387,334.808281
4388,334.801439
4389,334.794804
4390,334.788321
4391,334.78194
4392,334.775621
4393,334.769326
4394,334.763027
4395,334.756697
4396,334.750315
4397,334.743864
4398,334.737329
4399,334.730701
4400,334.723971
4401,334.717135
4402,334.71019
4403,334.703138
4404,334.695979
4405,334.688718
4406,334.681361
4407,334.673914
4408,334.666386
4409,334.658787
4410,334.651127
4411,334.643418
4412,334.635673
4413,334.627903
4414,334.620122
4415,334.612342
4416,335.512776
4417,335.537826
4418,335.556786
4419,335.570476
4420,335.579396
4421,335.583839
4422,335.583931
4423,335.579647
4424,335.570817
4425,335.557119
4426,335.53807
4427,335.513006
4428,335.481052
4429,335.441072
4430,335.391577
4431,335.330474
4432,335.254352
4433,335.189831
4434,335.135536
4435,335.089855
4436,335.051317
4437,335.018664
4438,334.990849
4439,334.96701
4440,334.946439
4441,334.928556
4442,334.912884
4443,334.899033
4444,334.886681
4445,334.875563
4446,334.865458
4447,334.856184
4448,334.847588
4449,334.839541
4450,334.831934
4451,334.824676
4452,334.817686
4453,334.810897
4454,334.804252
4455,334.7977
4456,334.791199
4457,334.78471
4458,334.778204
4459,334.771653
4460,334.765035
4461,334.758333
4462,334.751533
4463,334.744623
4464,334.737597
4465,334.730451
4466,334.723182
4467,334.715792
4468,334.708283
4469,334.700661
4470,334.692933
4471,334.685106
4472,334.67719
4473,334.669195
4474,334.661133
4475,334.653016
4476,334.644856
4477,334.636666
4478,334.628459
4479,334.620246
4480,335.526317
4481,335.55201
4482,335.571518
4483,335.585673
4484,335.594987
4485,335.599762
4486,335.600135
4487,335.596089
4488,335.587459
4489,335.57393
4490,335.555022
4491,335.530074
4492,335.498211
4493,335.458302
4494,335.408859
4495,335.347792
4496,335.271691
4497,335.207179
4498,335.15288
4499,335.107187
4500,335.068629
4501,335.035951
4502,335.008105
4503,334.98423
4504,334.963617
4505,334.945688
4506,334.929966
4507,334.91606
4508,334.90365
4509,334.892469
4510,334.882298
4511,334.872952
4512,334.86428
4513,334.856151
4514,334.848456
4515,334.8411
4516,334.834005
4517,334.827101
4518,334.820329
4519,334.813637
4520,334.806981
4521,334.800322
4522,334.793629
4523,334.786874
4524,334.780034
4525,334.773092
4526,334.766032
4527,334.758846
4528,334.751524
4529,334.744065
4530,334.736468
4531,334.728733
4532,334.720866
4533,334.712873
4534,334.704761
4535,334.696541
4536,334.688223
4537,334.679819
4538,334.671341
4539,334.662802
4540,334.654214
4541,334.645592
4542,334.636947
4543,334.628292
4544,335.535374
4545,335.561518
4546,335.581433
4547,335.595957
4548,335.605611
4549,335.610704
4550,335.611379
4551,335.607627
4552,335.599289
4553,335.586054
4554,335.567448
4555,335.542811
4556,335.511273
4557,335.471701
4558,335.422604
4559,335.361889
4560,335.286145
4561,335.221973
4562,335.16799
4563,335.122583
4564,335.084277
4565,335.051814
4566,335.02415
4567,335.000425
4568,334.979934
4569,334.9621
4570,334.94645
4571,334.932597
4572,334.920223
4573,334.909064
4574,334.898901
4575,334.889553
4576,334.880867
4577,334.872713
4578,334.864981
4579,334.857577
4580,334.850421
4581,334.843442
4582,334.836579
4583,334.82978
4584,334.822999
4585,334.816196
4586,334.809338
4587,334.802397
4588,334.79535
4589,334.788177
4590,334.780866
4591,334.773405
4592,334.765788
4593,334.758013
4594,334.75008
4595,334.741992
4596,334.733755
4597,334.725378
4598,334.71687
4599,334.708242
4600,334.699506
4601,334.690677
4602,334.681767
4603,334.67279
4604,334.66376
4605,334.654692
4606,334.645598
4607,334.636489
4608,335.539893
4609,335.566289
4610,335.58646
4611,335.601249
4612,335.611181
4613,335.616569
4614,335.617561
4615,335.614154
4616,335.606194
4617,335.593377
4618,335.575234
4619,335.55111
4620,335.520136
4621,335.481175
4622,335.432732
4623,335.372701
4624,335.297667
4625,335.234185
4626,335.180852
4627,335.13604
4628,335.098264
4629,335.066265
4630,335.039
4631,335.015613
4632,334.995405
4633,334.977806
4634,334.962352
4635,334.94866
4636,334.936417
4637,334.925365
4638,334.915287
4639,334.906006
4640,334.897369
4641,334.889249
4642,334.881536
4643,334.874135
4644,334.866964
4645,334.859954
4646,334.85304
4647,334.84617
4648,334.839295
4649,334.832376
4650,334.825377
4651,334.818269
4652,334.811029
4653,334.803637
4654,334.796079
4655,334.788346
4656,334.780432
4657,334.772336
4658,334.764059
4659,334.755606
4660,334.746986
4661,334.738209
4662,334.729287
4663,334.720233
4664,334.711061
4665,334.701788
4666,334.692428
4667,334.682996
4668,334.673509
4669,334.66398
4670,334.654423
4671,334.644851
4672,335.539669
4673,335.566106
4674,335.586373
4675,335.601315
4676,335.611454
4677,335.617107
4678,335.618425
4679,335.615409
4680,335.607912
4681,335.595637
4682,335.578123
4683,335.55472
4684,335.524562
4685,335.486512
4686,335.439058
4687,335.380082
4688,335.306149
4689,335.243745
4690,335.191428
4691,335.147544
4692,335.110596
4693,335.079319
4694,335.052675
4695,335.029816
4696,335.010056
4697,334.992834
4698,334.977697
4699,334.964273
4700,334.952256
4701,334.941395
4702,334.931481
4703,334.922337
4704,334.913815
4705,334.90579
4706,334.898153
4707,334.890808
4708,334.883674
4709,334.876678
4710,334.869757
4711,334.862854
4712,334.855921
4713,334.848916
4714,334.841802
4715,334.834548
4716,334.82713
4717,334.81953
4718,334.811732
4719,334.803728
4720,334.795513
4721,334.787087
4722,334.778455
4723,334.769623
4724,334.760602
4725,334.751405
4726,334.742047
4727,334.732545
4728,334.722915
4729,334.713176
4730,334.703345
4731,334.69344
4732,334.683476
4733,334.67347
4734,334.663437
4735,334.653389
4736,335.534334
4737,335.560587
4738,335.580778
4739,335.595749
4740,335.606018
4741,335.611901
4742,335.61355
4743,335.610967
4744,335.604016
4745,335.592408
4746,335.575692
4747,335.553232
4748,335.524167
4749,335.487358
4750,335.441282
4751,335.383789
4752,335.311419
4753,335.250545
4754,335.199665
4755,335.157083
4756,335.121283
4757,335.091002
4758,335.065209
4759,335.043073
4760,335.023923
4761,335.007218
4762,334.992518
4763,334.979467
4764,334.967771
4765,334.957186
4766,334.947511
4767,334.938577
4768,334.930239
4769,334.922373
4770,334.914872
4771,334.907642
4772,334.900598
4773,334.893669
4774,334.886787
4775,334.879895
4776,334.872943
4777,334.865885
4778,334.858683
4779,334.851306
4780,334.843728
4781,334.835929
4782,334.827896
4783,334.81962
4784,334.811099
4785,334.802333
4786,334.793329
4787,334.784099
4788,334.774654
4789,334.765013
4790,334.755194
4791,334.745217
4792,334.735102
4793,334.724871
4794,334.714544
4795,334.70414
4796,334.69368
4797,334.683179
4798,334.672653
4799,334.662116
4800,335.523341
4801,335.549163
4802,335.569092
4803,335.58396
4804,335.594276
4805,335.600349
4806,335.602327
4807,335.600219
4808,335.593893
4809,335.583077
4810,335.567336
4811,335.546053
4812,335.518385
4813,335.483199
4814,335.438959
4815,335.383476
4816,335.313239
4817,335.254448
4818,335.205502
4819,335.164648
4820,335.130353
4821,335.101357
4822,335.076652
4823,335.055432
4824,335.037055
4825,335.021003
4826,335.006858
4827,334.994283
4828,334.982998
4829,334.972774
4830,334.963417
4831,334.954766
4832,334.946682
4833,334.939042
4834,334.931743
4835,334.924689
4836,334.917796
4837,334.910989
4838,334.9042
4839,334.897368
4840,334.890439
4841,334.883366
4842,334.876108
4843,334.868632
4844,334.860912
4845,334.852926
4846,334.844662
4847,334.836111
4848,334.827274
4849,334.818152
4850,334.808758
4851,334.799103
4852,334.789207
4853,334.77909
4854,334.768777
4855,334.758291
4856,334.747658
4857,334.736903
4858,334.72605
4859,334.715122
4860,334.70414
4861,334.693122
4862,334.682086
4863,334.671045
4864,335.505927
4865,335.531044
4866,335.550512
4867,335.565138
4868,335.575414
4869,335.581633
4870,335.583939
4871,335.582339
4872,335.576716
4873,335.566814
4874,335.552226
4875,335.532367
4876,335.506428
4877,335.473304
4878,335.431459
4879,335.378659
4880,335.311298
4881,335.255299
4882,335.208896
4883,335.170264
4884,335.137861
4885,335.110455
4886,335.087077
4887,335.066966
4888,335.049516
4889,335.034247
4890,335.020769
4891,335.008768
4892,334.997984
4893,334.988202
4894,334.979241
4895,334.970949
4896,334.96319
4897,334.955849
4898,334.948821
4899,334.942012
4900,334.935337
4901,334.928717
4902,334.92208
4903,334.915363
4904,334.908507
4905,334.901461
4906,334.894183
4907,334.886637
4908,334.878793
4909,334.870632
4910,334.862139
4911,334.853308
4912,334.844141
4913,334.834644
4914,334.824831
4915,334.814721
4916,334.804337
4917,334.793705
4918,334.782856
4919,334.77182
4920,334.760628
4921,334.74931
4922,334.737895
4923,334.726409
4924,334.714877
4925,334.703318
4926,334.691751
4927,334.68019
4928,335.481053
4929,335.505165
4930,335.523962
4931,335.538207
4932,335.548356
4933,335.554678
4934,335.557305
4935,335.556246
4936,335.551395
4937,335.542521
4938,335.529257
4939,335.511071
4940,335.487215
4941,335.456652
4942,335.41789
4943,335.368672
4944,335.305225
4945,335.252964
4946,335.209858
4947,335.174012
4948,335.143917
4949,335.118407
4950,335.096588
4951,335.077763
4952,335.061386
4953,335.047019
4954,335.034311
4955,335.022976
4956,335.012777
4957,335.003518
4958,334.995032
4959,334.987174
4960,334.979819
4961,334.972853
4962,334.966174
4963,334.959688
4964,334.953305
4965,334.946944
4966,334.940529
4967,334.933991
4968,334.927265
4969,334.920297
4970,334.91304
4971,334.905454
4972,334.897509
4973,334.889183
4974,334.880462
4975,334.871343
4976,334.861828
4977,334.851929
4978,334.841663
4979,334.831055
4980,334.820136
4981,334.808939
4982,334.797503
4983,334.785865
4984,334.774063
4985,334.762135
4986,334.750114
4987,334.738031
4988,334.725913
4989,334.713784
4990,334.701663
4991,334.689564
4992,335.447295
4993,335.470077
4994,335.487996
4995,335.50173
4996,335.511675
4997,335.518062
4998,335.521005
4999,335.520512
5000,335.516491
5001,335.508745
5002,335.496959
5003,335.480675
5004,335.459252
5005,335.431786
5006,335.396939
5007,335.352544
5008,335.294621
5009,335.247418
5010,335.208529
5011,335.176083
5012,335.148706
5013,335.125377
5014,335.105322
5015,335.087942
5016,335.072761
5017,335.059401
5018,335.047554
5019,335.036969
5020,335.027435
5021,335.018776
5022,335.010842
5023,335.003499
5024,334.996628
5025,334.990122
5026,334.983878
5027,334.977801
5028,334.971799
5029,334.965783
5030,334.959671
5031,334.953387
5032,334.946859
5033,334.940027
5034,334.932838
5035,334.925249
5036,334.917226
5037,334.908748
5038,334.8998
5039,334.890379
5040,334.880492
5041,334.870154
5042,334.85939
5043,334.848231
5044,334.836717
5045,334.824892
5046,334.812802
5047,334.800496
5048,334.788022
5049,334.775424
5050,334.762743
5051,334.750016
5052,334.737272
5053,334.724539
5054,334.711837
5055,334.69918
5056,335.402578
5057,335.423712
5058,335.440581
5059,335.453703
5060,335.463384
5061,335.469807
5062,335.473062
5063,335.473154
5064,335.470011
5065,335.463472
5066,335.453285
5067,335.439092
5068,335.420399
5069,335.39653
5070,335.366502
5071,335.328651
5072,335.279246
5073,335.238953
5074,335.205302
5075,335.176829
5076,335.152514
5077,335.131589
5078,335.113457
5079,335.097639
5080,335.083752
5081,335.071483
5082,335.060574
5083,335.050811
5084,335.042015
5085,335.034032
5086,335.026728
5087,335.019982
5088,335.013685
5089,335.007731
5090,335.002021
5091,334.996455
5092,334.990935
5093,334.985366
5094,334.979654
5095,334.973715
5096,334.967467
5097,334.960841
5098,334.953777
5099,334.946227
5100,334.938154
5101,334.929535
5102,334.920356
5103,334.910615
5104,334.900324
5105,334.889501
5106,334.87818
5107,334.866402
5108,334.854216
5109,334.84168
5110,334.828853
5111,334.815797
5112,334.802571
5113,334.78923
5114,334.775824
5115,334.762394
5116,334.748977
5117,334.735601
5118,334.722287
5119,334.70905
5120,335.34346
5121,335.362756
5122,335.378491
5123,335.390947
5124,335.400331
5125,335.406774
5126,335.410343
5127,335.411044
5128,335.408819
5129,335.40355
5130,335.395057
5131,335.383088
5132,335.367324
5133,335.347381
5134,335.322842
5135,335.293435
5136,335.25987
5137,335.228636
5138,335.200975
5139,335.176804
5140,335.155728
5141,335.137323
5142,335.121196
5143,335.107011
5144,335.09448
5145,335.08336
5146,335.073448
5147,335.06457
5148,335.056578
5149,335.049342
5150,335.042747
5151,335.036687
5152,335.031059
5153,335.025764
5154,335.020701
5155,335.015765
5156,335.010851
5157,335.005851
5158,335.00066
5159,334.995175
5160,334.989306
5161,334.98297
5162,334.976099
5163,334.968638
5164,334.960548
5165,334.951802
5166,334.942386
5167,334.932301
5168,334.921562
5169,334.910195
5170,334.898242
5171,334.885755
5172,334.872799
5173,334.859447
5174,334.845776
5175,334.831864
5176,334.817786
5177,334.803611
5178,334.789399
5179,334.775198
5180,334.761049
5181,334.746984
5182,334.733023
5183,334.719181
5184,335.295895
5185,335.313423
5186,335.328019
5187,335.339804
5188,335.348886
5189,335.355347
5190,335.359228
5191,335.36053
5192,335.359216
5193,335.355206
5194,335.348384
5195,335.338601
5196,335.325695
5197,335.309519
5198,335.290036
5199,335.267514
5200,335.242996
5201,335.219
5202,335.196772
5203,335.176703
5204,335.158792
5205,335.142878
5206,335.128757
5207,335.116218
5208,335.105067
5209,335.09513
5210,335.086256
5211,335.078312
5212,335.071183
5213,335.064764
5214,335.058959
5215,335.053677
5216,335.048826
5217,335.04431
5218,335.040027
5219,335.035866
5220,335.031708
5221,335.02743
5222,335.022905
5223,335.018014
5224,335.012645
5225,335.006702
5226,335.000107
5227,334.992796
5228,334.984725
5229,334.975865
5230,334.966203
5231,334.955742
5232,334.944501
5233,334.932513
5234,334.91983
5235,334.906521
5236,334.892667
5237,334.878362
5238,334.863709
5239,334.848807
5240,334.833752
5241,334.81863
5242,334.803513
5243,334.788457
5244,334.773509
5245,334.7587
5246,334.744053
5247,334.72958
5248,335.258119
5249,335.274128
5250,335.287704
5251,335.298875
5252,335.307687
5253,335.314177
5254,335.318367
5255,335.320257
5256,335.319822
5257,335.317017
5258,335.311781
5259,335.304045
5260,335.293759
5261,335.280926
5262,335.265676
5263,335.24839
5264,335.229857
5265,335.21129
5266,335.193559
5267,335.177108
5268,335.1621
5269,335.148537
5270,335.136343
5271,335.125413
5272,335.11563
5273,335.106883
5274,335.099071
5275,335.092099
5276,335.085884
5277,335.080348
5278,335.075416
5279,335.071014
5280,335.06706
5281,335.063464
5282,335.060121
5283,335.056911
5284,335.053697
5285,335.050331
5286,335.046659
5287,335.042532
5288,335.037816
5289,335.032395
5290,335.026175
5291,335.019087
5292,335.011079
5293,335.002121
5294,334.9922
5295,334.981321
5296,334.969507
5297,334.9568
5298,334.943264
5299,334.928984
5300,334.914066
5301,334.898633
5302,334.882817
5303,334.866753
5304,334.850562
5305,334.834352
5306,334.818209
5307,334.802198
5308,334.78637
5309,334.770757
5310,334.755379
5311,334.740245
5312,335.22842
5313,335.24319
5314,335.25591
5315,335.266564
5316,335.275158
5317,335.281701
5318,335.286201
5319,335.288655
5320,335.289052
5321,335.287372
5322,335.283594
5323,335.277706
5324,335.269726
5325,335.259732
5326,335.247908
5327,335.234603
5328,335.220368
5329,335.205899
5330,335.19178
5331,335.178395
5332,335.165948
5333,335.154523
5334,335.144127
5335,335.134727
5336,335.126271
5337,335.118701
5338,335.111956
5339,335.105982
5340,335.100726
5341,335.096138
5342,335.092166
5343,335.088754
5344,335.085834
5345,335.083322
5346,335.081113
5347,335.079072
5348,335.077039
5349,335.074829
5350,335.072247
5351,335.069105
5352,335.065233
5353,335.060491
5354,335.05477
5355,335.047989
5356,335.040096
5357,335.031056
5358,335.020859
5359,335.00951
5360,334.997036
5361,334.983487
5362,334.968939
5363,334.953497
5364,334.937298
5365,334.920505
5366,334.903295
5367,334.885845
5368,334.868316
5369,334.850842
5370,334.833525
5371,334.816442
5372,334.799641
5373,334.783153
5374,334.766994
5375,334.751169
5376,335.205357
5377,335.219149
5378,335.231188
5379,335.241436
5380,335.249877
5381,335.256503
5382,335.261313
5383,335.264304
5384,335.265474
5385,335.264821
5386,335.262352
5387,335.25809
5388,335.252089
5389,335.244457
5390,335.235381
5391,335.225146
5392,335.214145
5393,335.202825
5394,335.191594
5395,335.180759
5396,335.170521
5397,335.160995
5398,335.152238
5399,335.144266
5400,335.137074
5401,335.130647
5402,335.124965
5403,335.120005
5404,335.115746
5405,335.112168
5406,335.109244
5407,335.106941
5408,335.105209
5409,335.103977
5410,335.103136
5411,335.10254
5412,335.101992
5413,335.101256
5414,335.100075
5415,335.098199
5416,335.095413
5417,335.091545
5418,335.08647
5419,335.080101
5420,335.072381
5421,335.063279
5422,335.052783
5423,335.040901
5424,335.02766
5425,335.013115
5426,334.997353
5427,334.980503
5428,334.962739
5429,334.944278
5430,334.925364
5431,334.906238
5432,334.887113
5433,334.868158
5434,334.849493
5435,334.831196
5436,334.813316
5437,334.795876
5438,334.778884
5439,334.762335
5440,335.187769
5441,335.200813
5442,335.212335
5443,335.222287
5444,335.230642
5445,335.237384
5446,335.242505
5447,335.246003
5448,335.247882
5449,335.248153
5450,335.24684
5451,335.243984
5452,335.239657
5453,335.233974
5454,335.227101
5455,335.219271
5456,335.210771
5457,335.201916
5458,335.193003
5459,335.184275
5460,335.175916
5461,335.168053
5462,335.160765
5463,335.154104
5464,335.1481
5465,335.142772
5466,335.138132
5467,335.134193
5468,335.130964
5469,335.128454
5470,335.126668
5471,335.125602
5472,335.125232
5473,335.125505
5474,335.126321
5475,335.127518
5476,335.128854
5477,335.130016
5478,335.130645
5479,335.130402
5480,335.129006
5481,335.126252
5482,335.122
5483,335.116161
5484,335.108684
5485,335.09954
5486,335.088719
5487,335.076228
5488,335.062091
5489,335.046363
5490,335.029136
5491,335.010559
5492,334.990853
5493,334.970311
5494,334.949279
5495,334.928096
5496,334.907049
5497,334.886346
5498,334.866121
5499,334.846453
5500,334.827377
5501,334.808902
5502,334.79102
5503,334.773714
5504,335.174728
5505,335.187225
5506,335.198378
5507,335.208139
5508,335.216474
5509,335.223362
5510,335.228794
5511,335.232768
5512,335.235292
5513,335.236386
5514,335.236081
5515,335.234429
5516,335.231507
5517,335.227423
5518,335.222326
5519,335.216403
5520,335.209873
5521,335.202973
5522,335.195929
5523,335.188941
5524,335.182171
5525,335.175747
5526,335.169763
5527,335.164291
5528,335.159389
5529,335.155105
5530,335.15148
5531,335.148558
5532,335.146381
5533,335.144992
5534,335.144433
5535,335.144736
5536,335.145917
5537,335.147957
5538,335.150777
5539,335.154209
5540,335.15796
5541,335.161597
5542,335.164593
5543,335.166463
5544,335.16684
5545,335.165487
5546,335.162262
5547,335.157089
5548,335.149929
5549,335.140764
5550,335.129588
5551,335.116402
5552,335.101223
5553,335.08409
5554,335.065088
5555,335.044377
5556,335.022226
5557,334.999037
5558,334.97532
5559,334.951576
5560,334.928192
5561,334.905419
5562,334.883395
5563,334.86218
5564,334.841782
5565,334.822185
5566,334.803358
5567,334.785265
5568,335.165506
5569,335.177625
5570,335.188542
5571,335.198205
5572,335.20658
5573,335.213645
5574,335.219386
5575,335.223806
5576,335.226914
5577,335.228734
5578,335.229302
5579,335.228673
5580,335.226923
5581,335.224153
5582,335.220491
5583,335.216092
5584,335.211132
5585,335.205797
5586,335.200269
5587,335.194715
5588,335.189282
5589,335.184094
5590,335.179255
5591,335.174851
5592,335.170962
5593,335.167658
5594,335.165011
5595,335.163093
5596,335.16198
5597,335.161755
5598,335.162502
5599,335.164304
5600,335.167232
5601,335.171325
5602,335.176558
5603,335.182786
5604,335.189669
5605,335.196596
5606,335.20273
5607,335.20734
5608,335.209962
5609,335.210343
5610,335.208371
5611,335.204007
5612,335.197241
5613,335.188078
5614,335.176514
5615,335.162545
5616,335.146163
5617,335.127375
5618,335.106232
5619,335.082874
5620,335.057603
5621,335.030966
5622,335.003771
5623,334.976794
5624,334.950558
5625,334.925341
5626,334.901253
5627,334.878307
5628,334.856464
5629,334.835662
5630,334.815839
5631,334.796931
5632,335.159526
5633,335.171417
5634,335.182212
5635,335.191862
5636,335.200332
5637,335.207598
5638,335.213649
5639,335.218485
5640,335.22212
5641,335.224578
5642,335.225897
5643,335.226132
5644,335.225356
5645,335.223662
5646,335.221162
5647,335.217988
5648,335.214286
5649,335.210209
5650,335.205911
5651,335.201538
5652,335.197224
5653,335.19309
5654,335.189246
5655,335.185792
5656,335.182822
5657,335.18043
5658,335.178714
5659,335.177774
5660,335.177725
5661,335.17869
5662,335.180805
5663,335.184217
5664,335.189076
5665,335.195515
5666,335.203614
5667,335.213323
5668,335.224311
5669,335.235736
5670,335.246107
5671,335.254271
5672,335.259687
5673,335.262163
5674,335.261674
5675,335.258257
5676,335.25196
5677,335.242818
5678,335.230837
5679,335.215998
5680,335.198256
5681,335.177556
5682,335.153867
5683,335.127242
5684,335.097945
5685,335.066678
5686,335.03486
5687,335.003765
5688,334.974063
5689,334.945993
5690,334.919575
5691,334.894725
5692,334.871322
5693,334.849246
5694,334.828383
5695,334.808641
5696,335.156344
5697,335.168135
5698,335.17891
5699,335.188622
5700,335.197235
5701,335.204726
5702,335.211084
5703,335.216311
5704,335.220419
5705,335.223434
5706,335.225395
5707,335.226357
5708,335.226387
5709,335.225571
5710,335.22401
5711,335.221818
5712,335.219123
5713,335.216056
5714,335.212753
5715,335.209345
5716,335.20596
5717,335.202716
5718,335.199728
5719,335.197106
5720,335.194961
5721,335.193406
5722,335.192562
5723,335.192563
5724,335.193557
5725,335.195714
5726,335.199232
5727,335.204331
5728,335.211264
5729,335.220301
5730,335.231705
5731,335.245653
5732,335.262027
5733,335.279862
5734,335.296088
5735,335.308799
5736,335.317588
5737,335.322497
5738,335.323691
5739,335.321337
5740,335.315568
5741,335.306463
5742,335.294041
5743,335.278263
5744,335.259029
5745,335.236191
5746,335.209567
5747,335.179001
5748,335.14451
5749,335.10674
5750,335.068594
5751,335.032278
5752,334.998452
5753,334.967145
5754,334.938166
5755,334.911272
5756,334.886227
5757,334.862825
5758,334.840897
5759,334.820309
5760,335.155618
5761,335.167423
5762,335.178269
5763,335.188109
5764,335.196909
5765,335.204646
5766,335.21131
5767,335.216901
5768,335.221434
5769,335.224935
5770,335.227442
5771,335.229008
5772,335.229699
5773,335.229592
5774,335.228782
5775,335.227373
5776,335.225476
5777,335.223213
5778,335.220706
5779,335.218078
5780,335.215451
5781,335.212946
5782,335.210682
5783,335.208779
5784,335.207361
5785,335.20656
5786,335.20652
5787,335.207405
5788,335.209401
5789,335.212726
5790,335.217639
5791,335.224446
5792,335.233518
5793,335.245295
5794,335.260297
5795,335.279113
5796,335.302285
5797,335.329813
5798,335.354366
5799,335.372622
5800,335.385233
5801,335.3928
5802,335.395795
5803,335.394569
5804,335.389359
5805,335.380301
5806,335.367427
5807,335.350673
5808,335.329876
5809,335.304763
5810,335.274944
5811,335.239895
5812,335.198939
5813,335.151324
5814,335.104351
5815,335.061694
5816,335.023227
5817,334.988425
5818,334.956752
5819,334.927744
5820,334.901018
5821,334.876272
5822,334.853272
5823,334.83184
5824,335.157098
5825,335.169019
5826,335.180018
5827,335.190048
5828,335.199075
5829,335.207076
5830,335.214042
5831,335.219975
5832,335.224888
5833,335.228809
5834,335.231775
5835,335.233837
5836,335.235059
5837,335.235517
5838,335.235297
5839,335.234496
5840,335.233221
5841,335.231582
5842,335.229697
5843,335.227684
5844,335.225663
5845,335.223756
5846,335.222089
5847,335.22079
5848,335.219998
5849,335.21986
5850,335.220544
5851,335.222242
5852,335.225174
5853,335.229607
5854,335.23586
5855,335.244326
5856,335.25549
5857,335.269967
5858,335.288542
5859,335.312251
5860,335.342495
5861,335.381281
5862,335.415038
5863,335.438955
5864,335.455369
5865,335.465555
5866,335.470319
5867,335.470198
5868,335.465537
5869,335.456524
5870,335.443207
5871,335.425499
5872,335.403169
5873,335.375822
5874,335.342855
5875,335.303339
5876,335.255718
5877,335.196801
5878,335.139958
5879,335.090766
5880,335.047634
5881,335.009351
5882,334.975006
5883,334.943904
5884,334.915519
5885,334.889449
5886,334.865393
5887,334.843132
5888,335.160608
5889,335.172741
5890,335.183968
5891,335.194244
5892,335.203534
5893,335.211818
5894,335.219084
5895,335.225336
5896,335.230587
5897,335.234866
5898,335.23821
5899,335.24067
5900,335.242308
5901,335.243198
5902,335.243425
5903,335.243081
5904,335.242268
5905,335.241095
5906,335.239674
5907,335.238124
5908,335.236565
5909,335.235122
5910,335.233928
5911,335.233119
5912,335.232845
5913,335.233273
5914,335.234588
5915,335.237007
5916,335.240787
5917,335.246235
5918,335.253726
5919,335.263728
5920,335.276826
5921,335.293774
5922,335.315546
5923,335.343424
5924,335.379077
5925,335.424479
5926,335.464192
5927,335.49261
5928,335.512297
5929,335.524814
5930,335.531178
5931,335.532063
5932,335.5279
5933,335.518922
5934,335.505189
5935,335.486594
5936,335.462851
5937,335.433467
5938,335.397679
5939,335.35432
5940,335.301513
5941,335.2359
5942,335.172543
5943,335.118102
5944,335.070887
5945,335.02943
5946,334.992592
5947,334.959515
5948,334.929551
5949,334.902214
5950,334.877145
5951,334.854085
5952,335.166042
5953,335.178477
5954,335.190004
5955,335.200579
5956,335.210168
5957,335.218749
5958,335.226312
5959,335.232862
5960,335.238412
5961,335.24299
5962,335.246636
5963,335.249401
5964,335.251347
5965,335.252549
5966,335.253089
5967,335.25306
5968,335.252563
5969,335.251707
5970,335.250603
5971,335.249372
5972,335.248137
5973,335.247027
5974,335.246181
5975,335.245744
5976,335.245879
5977,335.246764
5978,335.248604
5979,335.25164
5980,335.256156
5981,335.262495
5982,335.271081
5983,335.282439
5984,335.297233
5985,335.316307
5986,335.340744
5987,335.371927
5988,335.411543
5989,335.461333
5990,335.505133
5991,335.536938
5992,335.559256
5993,335.573725
5994,335.581459
5995,335.583214
5996,335.579479
5997,335.570519
5998,335.556403
5999,335.537009
6000,335.512011
6001,335.48085
6002,335.442675
6003,335.396219
6004,335.33954
6005,335.269404
6006,335.201491
6007,335.143029
6008,335.092463
6009,335.048277
6010,335.009232
6011,334.974368
6012,334.942954
6013,334.91444
6014,334.888421
6015,334.864602
6016,335.173355
6017,335.186179
6018,335.198077
6019,335.209004
6020,335.218925
6021,335.227819
6022,335.235677
6023,335.242502
6024,335.24831
6025,335.253131
6026,335.257005
6027,335.259984
6028,335.262134
6029,335.263529
6030,335.264255
6031,335.264406
6032,335.264084
6033,335.263401
6034,335.262471
6035,335.261418
6036,335.260369
6037,335.25946
6038,335.258835
6039,335.25865
6040,335.259074
6041,335.260302
6042,335.262552
6043,335.266084
6044,335.271206
6045,335.278291
6046,335.287797
6047,335.300295
6048,335.316499
6049,335.337311
6050,335.363865
6051,335.397569
6052,335.440066
6053,335.492914
6054,335.539598
6055,335.573897
6056,335.598239
6057,335.61426
6058,335.623106
6059,335.625573
6060,335.622182
6061,335.613219
6062,335.598759
6063,335.578669
6064,335.552598
6065,335.519953
6066,335.479841
6067,335.430965
6068,335.371404
6069,335.298033
6070,335.226822
6071,335.165313
6072,335.112086
6073,335.065646
6074,335.024719
6075,334.988295
6076,334.955593
6077,334.926016
6078,334.899125
6079,334.874601
6080,335.182563
6081,335.195865
6082,335.208205
6083,335.219535
6084,335.229823
6085,335.239045
6086,335.247194
6087,335.254272
6088,335.260299
6089,335.265303
6090,335.26933
6091,335.272433
6092,335.27468
6093,335.276151
6094,335.276934
6095,335.277128
6096,335.27684
6097,335.276186
6098,335.275285
6099,335.274267
6100,335.273265
6101,335.272421
6102,335.271886
6103,335.271824
6104,335.272415
6105,335.273861
6106,335.276395
6107,335.280292
6108,335.285876
6109,335.293544
6110,335.303779
6111,335.31718
6112,335.334495
6113,335.356656
6114,335.384817
6115,335.420382
6116,335.464942
6117,335.51994
6118,335.568657
6119,335.604754
6120,335.630594
6121,335.647788
6122,335.657486
6123,335.660499
6124,335.657363
6125,335.648375
6126,335.633612
6127,335.612936
6128,335.585983
6129,335.552143
6130,335.510508
6131,335.459787
6132,335.39809
6133,335.322362
6134,335.248736
6135,335.184937
6136,335.129645
6137,335.081398
6138,335.038921
6139,335.001181
6140,334.967366
6141,334.936856
6142,334.909183
6143,334.884013
6144,335.19374
6145,335.207612
6146,335.220467
6147,335.232256
6148,335.242945
6149,335.252512
6150,335.260946
6151,335.268255
6152,335.274457
6153,335.279584
6154,335.283684
6155,335.286815
6156,335.289051
6157,335.290474
6158,335.29118
6159,335.291275
6160,335.290873
6161,335.290096
6162,335.289074
6163,335.287941
6164,335.286839
6165,335.285918
6166,335.285335
6167,335.285262
6168,335.285887
6169,335.287421
6170,335.290106
6171,335.294227
6172,335.300121
6173,335.308198
6174,335.318959
6175,335.333022
6176,335.351151
6177,335.37429
6178,335.403602
6179,335.440475
6180,335.48646
6181,335.542927
6182,335.593034
6183,335.630372
6184,335.657262
6185,335.675289
6186,335.685594
6187,335.688991
6188,335.686022
6189,335.676986
6190,335.661962
6191,335.640809
6192,335.613159
6193,335.578394
6194,335.535608
6195,335.483518
6196,335.420267
6197,335.342838
6198,335.267461
6199,335.201975
6200,335.145123
6201,335.095475
6202,335.051764
6203,335.01295
6204,334.978206
6205,334.946896
6206,334.918539
6207,334.892786
6208,335.207025
6209,335.221564
6210,335.235012
6211,335.247319
6212,335.258447
6213,335.268373
6214,335.27709
6215,335.284602
6216,335.290933
6217,335.296117
6218,335.300205
6219,335.303262
6220,335.305365
6221,335.306607
6222,335.307091
6223,335.306933
6224,335.306257
6225,335.305196
6226,335.303888
6227,335.302479
6228,335.301121
6229,335.29997
6230,335.299193
6231,335.298967
6232,335.299487
6233,335.30097
6234,335.303665
6235,335.307862
6236,335.313907
6237,335.322216
6238,335.3333
6239,335.347782
6240,335.366436
6241,335.390211
6242,335.420264
6243,335.457972
6244,335.504857
6245,335.562246
6246,335.613226
6247,335.651345
6248,335.6789
6249,335.697455
6250,335.708142
6251,335.71177
6252,335.708881
6253,335.699776
6254,335.684534
6255,335.663011
6256,335.634837
6257,335.599396
6258,335.555785
6259,335.502733
6260,335.438401
6261,335.359796
6262,335.283203
6263,335.216527
6264,335.158551
6265,335.107868
6266,335.063219
6267,335.023565
6268,334.988073
6269,334.9561
6270,334.927156
6271,334.900887
6272,335.222621
6273,335.237937
6274,335.252064
6275,335.264951
6276,335.276558
6277,335.286862
6278,335.295855
6279,335.303543
6280,335.309951
6281,335.315118
6282,335.319099
6283,335.321966
6284,335.323804
6285,335.324716
6286,335.324816
6287,335.324233
6288,335.323104
6289,335.321577
6290,335.319803
6291,335.317942
6292,335.316154
6293,335.314608
6294,335.313478
6295,335.312947
6296,335.313215
6297,335.314502
6298,335.317061
6299,335.321183
6300,335.327216
6301,335.335578
6302,335.34678
6303,335.361447
6304,335.380351
6305,335.404437
6306,335.434859
6307,335.472981
6308,335.520312
6309,335.578155
6310,335.629562
6311,335.668064
6312,335.695941
6313,335.714748
6314,335.725608
6315,335.729324
6316,335.726435
6317,335.717241
6318,335.70182
6319,335.680027
6320,335.651495
6321,335.615608
6322,335.571467
6323,335.51781
6324,335.452808
6325,335.373476
6326,335.296124
6327,335.228692
6328,335.169981
6329,335.118596
6330,335.073287
6331,335.033016
6332,334.996953
6333,334.96445
6334,334.935019
6335,334.908301
6336,335.240811
6337,335.257023
6338,335.271926
6339,335.285465
6340,335.297597
6341,335.308297
6342,335.317559
6343,335.32539
6344,335.331817
6345,335.336884
6346,335.34065
6347,335.343195
6348,335.344616
6349,335.345027
6350,335.344557
6351,335.343351
6352,335.341566
6353,335.339366
6354,335.336921
6355,335.334407
6356,335.331998
6357,335.329874
6358,335.328218
6359,335.327217
6360,335.327076
6361,335.328017
6362,335.330288
6363,335.334182
6364,335.34004
6365,335.348278
6366,335.359399
6367,335.374022
6368,335.392909
6369,335.417001
6370,335.44744
6371,335.485585
6372,335.532939
6373,335.590806
6374,335.642232
6375,335.680747
6376,335.70863
6377,335.72743
6378,335.738265
6379,335.741933
6380,335.738969
6381,335.729668
6382,335.714106
6383,335.692142
6384,335.663407
6385,335.627291
6386,335.582897
6387,335.528968
6388,335.463676
6389,335.38403
6390,335.306341
6391,335.238554
6392,335.17947
6393,335.127699
6394,335.081993
6395,335.04132
6396,335.004854
6397,334.971953
6398,334.94213
6399,334.915028
6400,335.261964
6401,335.279211
6402,335.294999
6403,335.309269
6404,335.321977
6405,335.333097
6406,335.34262
6407,335.350557
6408,335.356936
6409,335.361806
6410,335.365232
6411,335.367305
6412,335.36813
6413,335.36784
6414,335.366581
6415,335.364521
6416,335.361838
6417,335.358724
6418,335.35537
6419,335.351973
6420,335.348726
6421,335.34582
6422,335.343446
6423,335.3418
6424,335.341084
6425,335.341518
6426,335.343349
6427,335.346859
6428,335.352383
6429,335.360323
6430,335.37117
6431,335.385527
6432,335.404143
6433,335.42794
6434,335.458053
6435,335.495836
6436,335.542797
6437,335.600257
6438,335.651295
6439,335.689458
6440,335.717035
6441,335.735576
6442,335.746196
6443,335.749687
6444,335.746574
6445,335.73715
6446,335.721487
6447,335.699444
6448,335.670659
6449,335.634525
6450,335.590151
6451,335.536279
6452,335.471073
6453,335.391525
6454,335.313921
6455,335.246177
6456,335.187079
6457,335.135229
6458,335.089382
6459,335.048513
6460,335.011808
6461,334.978633
6462,334.948509
6463,334.921088
6464,335.286554
6465,335.304994
6466,335.321794
6467,335.33689
6468,335.350233
6469,335.361796
6470,335.371572
6471,335.379572
6472,335.385826
6473,335.390387
6474,335.393329
6475,335.394749
6476,335.394769
6477,335.393539
6478,335.391229
6479,335.388036
6480,335.38417
6481,335.379853
6482,335.375309
6483,335.370761
6484,335.366424
6485,335.362504
6486,335.359203
6487,335.356717
6488,335.355249
6489,335.355014
6490,335.356249
6491,335.359223
6492,335.364256
6493,335.371733
6494,335.382121
6495,335.396002
6496,335.414097
6497,335.437306
6498,335.466744
6499,335.503762
6500,335.549885
6501,335.606473
6502,335.656684
6503,335.694108
6504,335.721054
6505,335.739082
6506,335.749299
6507,335.752486
6508,335.749156
6509,335.739593
6510,335.723866
6511,335.701837
6512,335.67315
6513,335.637211
6514,335.593137
6515,335.539668
6516,335.474953
6517,335.395953
6518,335.318889
6519,335.251614
6520,335.192873
6521,335.141255
6522,335.09552
6523,335.054656
6524,335.017866
6525,334.984534
6526,334.954196
6527,334.926513
6528,335.315179
6529,335.335
6530,335.352959
6531,335.368988
6532,335.383035
6533,335.395072
6534,335.405091
6535,335.413104
6536,335.419144
6537,335.423267
6538,335.425552
6539,335.426107
6540,335.42507
6541,335.422612
6542,335.418935
6543,335.414269
6544,335.408869
6545,335.403
6546,335.396929
6547,335.390912
6548,335.385192
6549,335.379994
6550,335.375528
6551,335.371993
6552,335.369586
6553,335.368512
6554,335.368994
6555,335.371284
6556,335.37568
6557,335.382538
6558,335.392297
6559,335.405503
6560,335.422839
6561,335.445167
6562,335.473568
6563,335.50938
6564,335.554153
6565,335.609322
6566,335.658191
6567,335.694434
6568,335.720398
6569,335.737647
6570,335.747275
6571,335.750037
6572,335.746426
6573,335.736711
6574,335.720956
6575,335.69903
6576,335.670589
6577,335.63506
6578,335.59158
6579,335.538897
6580,335.475142
6581,335.397221
6582,335.321237
6583,335.254915
6584,335.196937
6585,335.145875
6586,335.100501
6587,335.059832
6588,335.0231
6589,334.989718
6590,334.959244
6591,334.931353
6592,335.348589
6593,335.370011
6594,335.389304
6595,335.406392
6596,335.421223
6597,335.433768
6598,335.44402
6599,335.45199
6600,335.457713
6601,335.461246
6602,335.462674
6603,335.462112
6604,335.459715
6605,335.455678
6606,335.450241
6607,335.443683
6608,335.436315
6609,335.428463
6610,335.420451
6611,335.412584
6612,335.405137
6613,335.398357
6614,335.392461
6615,335.387647
6616,335.384103
6617,335.382017
6618,335.381592
6619,335.383056
6620,335.386678
6621,335.39278
6622,335.40176
6623,335.414116
6624,335.430473
6625,335.451632
6626,335.478616
6627,335.512722
6628,335.555518
6629,335.608565
6630,335.655436
6631,335.689968
6632,335.714559
6633,335.730757
6634,335.739614
6635,335.741841
6636,335.737892
6637,335.728015
6638,335.712268
6639,335.690525
6640,335.662469
6641,335.627564
6642,335.58499
6643,335.533531
6644,335.471312
6645,335.395158
6646,335.320942
6647,335.256159
6648,335.199398
6649,335.149227
6650,335.104457
6651,335.064157
6652,335.02761
6653,334.994269
6654,334.963722
6655,334.935669
6656,335.387721
6657,335.411005
6658,335.431835
6659,335.450131
6660,335.46584
6661,335.478935
6662,335.489408
6663,335.497272
6664,335.502561
6665,335.50533
6666,335.505664
6667,335.503685
6668,335.499561
6669,335.493515
6670,335.48583
6671,335.476851
6672,335.466968
6673,335.456593
6674,335.446131
6675,335.435949
6676,335.426368
6677,335.417654
6678,335.410031
6679,335.403688
6680,335.398797
6681,335.395524
6682,335.394043
6683,335.394551
6684,335.39728
6685,335.402512
6686,335.410592
6687,335.421955
6688,335.43715
6689,335.456881
6690,335.482063
6691,335.513893
6692,335.553905
6693,335.603824
6694,335.647793
6695,335.679962
6696,335.702751
6697,335.717632
6698,335.72556
6699,335.727161
6700,335.722834
6701,335.712791
6702,335.697078
6703,335.675585
6704,335.648033
6705,335.613947
6706,335.572594
6707,335.522855
6708,335.462915
6709,335.38951
6710,335.318018
6711,335.255506
6712,335.200466
6713,335.151518
6714,335.107569
6715,335.067781
6716,335.031515
6717,334.998283
6718,334.967715
6719,334.939535
6720,335.433738
6721,335.459197
6722,335.481805
6723,335.501482
6724,335.518178
6725,335.531869
6726,335.542553
6727,335.550242
6728,335.554964
6729,335.55677
6730,335.555739
6731,335.551988
6732,335.545694
6733,335.537105
6734,335.52656
6735,335.514484
6736,335.501384
6737,335.487798
6738,335.474246
6739,335.461184
6740,335.448982
6741,335.437929
6742,335.428247
6743,335.420106
6744,335.413651
6745,335.409015
6746,335.406337
6747,335.405774
6748,335.407515
6749,335.411792
6750,335.418892
6751,335.429174
6752,335.443085
6753,335.461195
6754,335.484237
6755,335.513184
6756,335.549353
6757,335.594518
6758,335.634224
6759,335.663234
6760,335.683799
6761,335.697147
6762,335.704037
6763,335.704964
6764,335.70024
6765,335.690031
6766,335.674373
6767,335.653171
6768,335.626199
6769,335.593075
6770,335.553216
6771,335.505714
6772,335.449013
6773,335.37995
6774,335.312636
6775,335.2533
6776,335.200494
6777,335.15305
6778,335.110077
6779,335.070891
6780,335.034961
6781,335.001875
6782,334.971313
6783,334.943031
6784,335.488093
6785,335.516098
6786,335.540766
6787,335.562022
6788,335.579827
6789,335.594171
6790,335.605055
6791,335.612492
6792,335.616504
6793,335.617126
6794,335.614418
6795,335.608482
6796,335.599488
6797,335.587701
6798,335.573515
6799,335.557468
6800,335.540231
6801,335.522541
6802,335.505089
6803,335.488449
6804,335.473051
6805,335.459196
6806,335.447088
6807,335.436863
6808,335.428623
6809,335.422454
6810,335.418449
6811,335.416719
6812,335.417404
6813,335.420681
6814,335.426773
6815,335.435955
6816,335.448561
6817,335.464991
6818,335.48572
6819,335.51131
6820,335.542404
6821,335.579635
6822,335.612825
6823,335.637873
6824,335.655931
6825,335.667657
6826,335.673493
6827,335.673752
6828,335.668645
6829,335.658281
6830,335.642683
6831,335.621776
6832,335.595395
6833,335.563275
6834,335.525039
6835,335.480151
6836,335.427763
6837,335.366189
6838,335.305459
6839,335.250254
6840,335.200051
6841,335.154243
6842,335.112283
6843,335.073703
6844,335.038106
6845,335.005164
6846,334.974612
6847,334.946237
6848,335.552591
6849,335.583584
6850,335.610637
6851,335.633695
6852,335.652746
6853,335.667801
6854,335.678876
6855,335.685983
6856,335.689131
6857,335.688329
6858,335.683602
6859,335.675012
6860,335.662693
6861,335.646903
6862,335.628082
6863,335.606906
6864,335.5843
6865,335.561321
6866,335.538932
6867,335.51786
6868,335.498591
6869,335.481415
6870,335.466487
6871,335.453883
6872,335.443638
6873,335.435777
6874,335.430333
6875,335.427363
6876,335.426952
6877,335.429224
6878,335.434339
6879,335.442492
6880,335.453905
6881,335.46881
6882,335.487403
6883,335.509755
6884,335.535576
6885,335.563552
6886,335.58938
6887,335.610444
6888,335.62614
6889,335.636397
6890,335.641305
6891,335.640988
6892,335.635551
6893,335.625055
6894,335.609506
6895,335.588849
6896,335.562978
6897,335.531743
6898,335.494984
6899,335.45259
6900,335.404656
6901,335.352024
6902,335.298689
6903,335.247694
6904,335.199957
6905,335.155616
6906,335.114527
6907,335.076446
6908,335.041109
6909,335.008267
6910,334.977703
6911,334.949232
6912,335.629486
6913,335.663984
6914,335.693786
6915,335.718887
6916,335.739326
6917,335.755155
6918,335.766411
6919,335.773108
6920,335.775237
6921,335.772766
6922,335.765659
6923,335.753901
6924,335.737544
6925,335.716781
6926,335.692055
6927,335.664195
6928,335.634505
6929,335.604636
6930,335.575974
6931,335.549435
6932,335.525524
6933,335.504465
6934,335.486312
6935,335.471038
6936,335.458582
6937,335.448886
6938,335.441913
6939,335.437654
6940,335.436141
6941,335.437445
6942,335.44167
6943,335.448949
6944,335.45942
6945,335.473193
6946,335.490276
6947,335.510448
6948,335.533033
6949,335.556568
6950,335.578587
6951,335.597157
6952,335.611292
6953,335.620571
6954,335.624863
6955,335.624164
6956,335.618507
6957,335.607917
6958,335.592388
6959,335.571879
6960,335.546322
6961,335.51565
6962,335.479848
6963,335.439064
6964,335.393797
6965,335.345243
6966,335.295697
6967,335.247261
6968,335.201097
6969,335.157686
6970,335.117126
6971,335.079325
6972,335.044109
6973,335.011283
6974,334.980661
6975,334.952077
6976,335.721579
6977,335.760174
6978,335.793113
6979,335.820497
6980,335.842461
6981,335.859119
6982,335.870545
6983,335.876758
6984,335.877722
6985,335.873347
6986,335.863505
6987,335.848055
6988,335.826891
6989,335.800034
6990,335.76781
6991,335.731127
6992,335.691853
6993,335.652869
6994,335.616233
6995,335.583016
6996,335.553628
6997,335.528114
6998,335.506347
6999,335.488138
7000,335.473294
7001,335.46165
7002,335.453082
7003,335.447513
7004,335.444919
7005,335.445323
7006,335.448791
7007,335.455414
7008,335.465295
7009,335.478492
7010,335.494952
7011,335.51437
7012,335.535982
7013,335.558336
7014,335.579329
7015,335.597186
7016,335.61086
7017,335.619843
7018,335.623944
7019,335.623121
7020,335.617383
7021,335.606745
7022,335.591196
7023,335.570698
7024,335.545193
7025,335.514632
7026,335.479044
7027,335.438641
7028,335.394012
7029,335.34638
7030,335.297706
7031,335.249868
7032,335.204049
7033,335.160805
7034,335.1203
7035,335.082481
7036,335.047202
7037,335.014281
7038,334.98354
7039,334.954819
7040,335.832315
7041,335.875642
7042,335.912086
7043,335.941962
7044,335.965558
7045,335.983086
7046,335.994669
7047,336.000332
7048,336.000007
7049,335.993528
7050,335.980644
7051,335.961027
7052,335.934312
7053,335.900178
7054,335.858554
7055,335.810094
7056,335.757271
7057,335.70604
7058,335.659352
7059,335.618152
7060,335.582473
7061,335.551992
7062,335.526283
7063,335.504929
7064,335.487566
7065,335.473897
7066,335.463701
7067,335.456827
7068,335.453196
7069,335.452792
7070,335.455656
7071,335.461871
7072,335.471546
7073,335.484775
7074,335.501575
7075,335.521747
7076,335.544643
7077,335.568749
7078,335.591326
7079,335.610295
7080,335.62468
7081,335.634103
7082,335.638471
7083,335.637798
7084,335.63213
7085,335.621495
7086,335.605885
7087,335.585252
7088,335.559515
7089,335.528582
7090,335.492406
7091,335.451081
7092,335.405054
7093,335.355518
7094,335.304996
7095,335.255763
7096,335.208982
7097,335.165083
7098,335.124119
7099,335.085964
7100,335.050423
7101,335.017287
7102,334.986362
7103,334.957477
7104,335.965763
7105,336.014388
7106,336.054592
7107,336.087079
7108,336.112361
7109,336.130771
7110,336.142491
7111,336.147554
7112,336.145853
7113,336.137135
7114,336.120996
7115,336.096874
7116,336.064042
7117,336.021621
7118,335.968661
7119,335.904543
7120,335.830971
7121,335.763246
7122,335.704304
7123,335.653973
7124,335.611378
7125,335.575573
7126,335.545713
7127,335.521093
7128,335.501144
7129,335.485422
7130,335.4736
7131,335.465451
7132,335.460845
7133,335.459733
7134,335.462146
7135,335.468183
7136,335.478005
7137,335.491811
7138,335.509813
7139,335.532148
7140,335.558648
7141,335.588053
7142,335.615169
7143,335.63704
7144,335.653204
7145,335.663722
7146,335.668763
7147,335.668491
7148,335.66303
7149,335.652447
7150,335.636742
7151,335.615847
7152,335.589631
7153,335.557903
7154,335.520435
7155,335.477001
7156,335.427517
7157,335.37266
7158,335.317187
7159,335.264583
7160,335.215647
7161,335.170368
7162,335.128496
7163,335.089723
7164,335.053744
7165,335.020288
7166,334.989119
7167,334.960047
7168,336.126101
7169,336.180151
7170,336.22408
7171,336.259144
7172,336.286084
7173,336.305352
7174,336.317182
7175,336.321616
7176,336.318503
7177,336.307498
7178,336.288036
7179,336.259303
7180,336.220172
7181,336.169082
7182,336.103754
7183,336.020309
7184,335.910047
7185,335.821572
7186,335.749068
7187,335.689131
7188,335.639421
7189,335.598204
7190,335.564158
7191,335.536266
7192,335.513742
7193,335.495994
7194,335.482585
7195,335.473216
7196,335.467706
7197,335.465984
7198,335.468078
7199,335.47412
7200,335.484344
7201,335.499096
7202,335.518858
7203,335.544298
7204,335.576398
7205,335.616803
7206,335.652427
7207,335.678585
7208,335.697221
7209,335.70926
7210,335.715254
7211,335.715564
7212,335.710416
7213,335.699927
7214,335.684107
7215,335.662868
7216,335.63601
7217,335.60322
7218,335.564036
7219,335.517756
7220,335.463133
7221,335.397225
7222,335.332756
7223,335.275239
7224,335.223384
7225,335.176272
7226,335.133202
7227,335.093621
7228,335.057084
7229,335.02323
7230,334.991777
7231,334.962502
7232,336.252272
7233,336.311288
7234,336.358722
7235,336.396205
7236,336.424689
7237,336.444742
7238,336.456653
7239,336.46047
7240,336.456005
7241,336.442826
7242,336.420226
7243,336.387166
7244,336.342175
7245,336.283167
7246,336.207048
7247,336.1088
7248,335.979234
7249,335.875099
7250,335.790802
7251,335.722011
7252,335.665575
7253,335.619182
7254,335.58111
7255,335.550064
7256,335.525062
7257,335.505369
7258,335.490451
7259,335.479936
7260,335.473601
7261,335.471354
7262,335.473229
7263,335.479391
7264,335.490147
7265,335.505971
7266,335.527557
7267,335.555895
7268,335.592372
7269,335.63877
7270,335.679681
7271,335.709473
7272,335.730514
7273,335.744139
7274,335.751172
7275,335.752136
7276,335.747353
7277,335.736987
7278,335.721061
7279,335.699458
7280,335.671921
7281,335.63802
7282,335.597097
7283,335.548128
7284,335.489379
7285,335.41751
7286,335.347443
7287,335.285881
7288,335.231262
7289,335.182278
7290,335.137932
7291,335.097472
7292,335.060321
7293,335.026036
7294,334.99428
7295,334.964798
7296,336.352775
7297,336.416013
7298,336.466539
7299,336.50619
7300,336.536061
7301,336.556808
7302,336.568766
7303,336.571986
7304,336.56625
7305,336.551055
7306,336.525575
7307,336.4886
7308,336.438422
7309,336.37265
7310,336.287847
7311,336.178805
7312,336.036877
7313,335.921392
7314,335.827666
7315,335.751337
7316,335.688947
7317,335.637862
7318,335.596089
7319,335.562119
7320,335.53481
7321,335.513307
7322,335.496988
7323,335.48542
7324,335.478343
7325,335.475646
7326,335.477367
7327,335.483701
7328,335.495011
7329,335.511861
7330,335.535071
7331,335.565768
7332,335.605418
7333,335.655593
7334,335.700025
7335,335.732606
7336,335.755705
7337,335.770795
7338,335.778838
7339,335.780466
7340,335.77607
7341,335.765851
7342,335.749838
7343,335.727898
7344,335.699723
7345,335.664798
7346,335.622341
7347,335.571173
7348,335.509421
7349,335.433827
7350,335.360076
7351,335.295485
7352,335.238576
7353,335.187925
7354,335.142387
7355,335.101078
7356,335.063326
7357,335.028616
7358,334.996563
7359,334.966882
7360,336.432637
7361,336.49934
7362,336.552471
7363,336.593976
7364,336.625037
7365,336.646369
7366,336.658336
7367,336.660993
7368,336.654096
7369,336.637086
7370,336.609055
7371,336.568675
7372,336.514099
7373,336.442788
7374,336.351211
7375,336.234238
7376,336.083625
7377,335.959823
7378,335.858779
7379,335.776305
7380,335.708882
7381,335.653727
7382,335.608686
7383,335.572103
7384,335.542718
7385,335.51958
7386,335.501997
7387,335.489485
7388,335.481749
7389,335.478664
7390,335.480272
7391,335.486785
7392,335.498603
7393,335.516346
7394,335.540892
7395,335.573415
7396,335.615352
7397,335.668096
7398,335.714981
7399,335.749656
7400,335.774418
7401,335.790767
7402,335.799724
7403,335.801979
7404,335.797966
7405,335.78791
7406,335.771847
7407,335.74963
7408,335.720914
7409,335.685133
7410,335.64144
7411,335.588592
7412,335.524705
7413,335.446624
7414,335.370368
7415,335.30358
7416,335.244894
7417,335.192878
7418,335.146322
7419,335.104267
7420,335.065975
7421,335.030881
7422,334.998559
7423,334.968701
7424,336.495287
7425,336.564754
7426,336.619997
7427,336.66302
7428,336.695052
7429,336.716845
7430,336.728782
7431,336.730918
7432,336.72299
7433,336.704401
7434,336.674186
7435,336.630947
7436,336.572764
7437,336.497043
7438,336.400261
7439,336.277401
7440,336.120454
7441,335.990491
7442,335.88384
7443,335.796494
7444,335.72496
7445,335.666401
7446,335.618578
7447,335.579743
7448,335.548552
7449,335.523986
7450,335.505296
7451,335.491958
7452,335.483651
7453,335.480235
7454,335.481752
7455,335.488423
7456,335.500672
7457,335.519144
7458,335.544742
7459,335.578642
7460,335.622235
7461,335.676794
7462,335.725435
7463,335.761672
7464,335.78774
7465,335.805127
7466,335.814873
7467,335.817692
7468,335.814043
7469,335.804166
7470,335.788099
7471,335.765684
7472,335.736557
7473,335.700122
7474,335.655501
7475,335.601434
7476,335.536057
7477,335.456291
7478,335.378323
7479,335.30998
7480,335.249984
7481,335.196922
7482,335.14956
7483,335.106902
7484,335.068168
7485,335.032754
7486,335.00021
7487,334.970204
7488,336.543229
7489,336.614828
7490,336.671713
7491,336.715917
7492,336.748697
7493,336.770824
7494,336.782691
7495,336.784354
7496,336.775536
7497,336.755616
7498,336.723592
7499,336.678029
7500,336.616975
7501,336.537828
7502,336.437099
7503,336.309871
7504,336.148262
7505,336.013734
7506,335.902846
7507,335.811728
7508,335.73694
7509,335.675633
7510,335.625528
7511,335.584823
7512,335.55212
7513,335.526352
7514,335.506726
7515,335.492691
7516,335.483901
7517,335.480207
7518,335.481646
7519,335.488444
7520,335.501035
7521,335.520076
7522,335.546475
7523,335.581394
7524,335.626186
7525,335.682044
7526,335.731955
7527,335.769351
7528,335.796426
7529,335.814647
7530,335.825052
7531,335.828365
7532,335.825057
7533,335.815372
7534,335.799351
7535,335.77683
7536,335.747432
7537,335.710547
7538,335.665286
7539,335.61039
7540,335.544017
7541,335.463135
7542,335.384031
7543,335.314635
7544,335.253732
7545,335.199928
7546,335.151984
7547,335.108886
7548,335.069826
7549,335.034178
7550,335.001469
7551,334.971353
7552,336.578328
7553,336.65149
7554,336.709578
7555,336.754641
7556,336.787948
7557,336.810283
7558,336.822043
7559,336.823284
7560,336.81372
7561,336.792713
7562,336.759245
7563,336.711862
7564,336.6486
7565,336.566867
7566,336.463213
7567,336.332791
7568,336.167794
7569,336.029934
7570,335.915918
7571,335.821972
7572,335.7447
7573,335.681265
7574,335.629369
7575,335.587183
7576,335.553272
7577,335.526536
7578,335.506156
7579,335.491556
7580,335.482375
7581,335.478454
7582,335.479824
7583,335.486715
7584,335.499563
7585,335.519027
7586,335.546012
7587,335.581668
7588,335.627316
7589,335.684098
7590,335.734921
7591,335.773169
7592,335.801006
7593,335.81988
7594,335.830824
7595,335.834563
7596,335.831569
7597,335.822092
7598,335.80617
7599,335.783637
7600,335.75411
7601,335.716971
7602,335.671329
7603,335.615931
7604,335.548954
7605,335.467395
7606,335.387599
7607,335.317558
7608,335.256093
7609,335.201828
7610,335.153524
7611,335.110155
7612,335.070899
7613,335.035111
7614,335.002304
7615,334.972121
7616,336.601957
7617,336.676166
7618,336.735047
7619,336.780661
7620,336.814284
7621,336.836703
7622,336.848321
7623,336.84919
7624,336.83902
7625,336.817166
7626,336.782599
7627,336.733858
7628,336.66898
7629,336.585385
7630,336.479656
7631,336.346992
7632,336.179625
7633,336.039434
7634,335.923213
7635,335.827252
7636,335.748192
7637,335.683206
7638,335.629993
7639,335.586705
7640,335.551891
7641,335.524428
7642,335.503478
7643,335.48845
7644,335.478971
7645,335.474874
7646,335.476187
7647,335.483138
7648,335.496162
7649,335.51592
7650,335.543312
7651,335.579476
7652,335.625711
7653,335.683129
7654,335.734587
7655,335.773442
7656,335.801838
7657,335.821211
7658,335.832585
7659,335.836684
7660,335.833982
7661,335.824728
7662,335.808961
7663,335.78651
7664,335.756991
7665,335.719783
7666,335.673994
7667,335.618377
7668,335.551122
7669,335.469244
7670,335.38912
7671,335.318777
7672,335.257056
7673,335.20259
7674,335.154141
7675,335.110676
7676,335.071359
7677,335.035535
7678,335.002703
7679,334.9725
7680,336.615082
7681,336.689856
7682,336.749148
7683,336.79502
7684,336.828753
7685,336.851137
7686,336.862576
7687,336.863123
7688,336.852484
7689,336.830011
7690,336.794671
7691,336.745001
7692,336.679041
7693,336.594223
7694,336.487149
7695,336.353049
7696,336.184174
7697,336.0425
7698,335.924872
7699,335.827618
7700,335.747401
7701,335.681406
7702,335.627326
7703,335.583311
7704,335.547896
7705,335.519947
7706,335.498614
7707,335.483296
7708,335.473613
7709,335.469391
7710,335.470658
7711,335.477638
7712,335.490767
7713,335.510704
7714,335.538345
7715,335.574822
7716,335.621423
7717,335.679243
7718,335.731109
7719,335.770366
7720,335.799147
7721,335.81888
7722,335.830587
7723,335.834988
7724,335.832558
7725,335.823544
7726,335.807986
7727,335.785711
7728,335.756333
7729,335.71923
7730,335.673509
7731,335.617927
7732,335.55068
7733,335.468794
7734,335.388661
7735,335.318321
7736,335.256623
7737,335.202203
7738,335.153821
7739,335.110435
7740,335.071199
7741,335.035448
7742,335.002672
7743,334.972498
7744,336.618311
7745,336.693195
7746,336.752529
7747,336.798377
7748,336.832021
7749,336.854254
7750,336.865479
7751,336.86575
7752,336.854773
7753,336.8319
7754,336.796096
7755,336.7459
7756,336.679354
7757,336.593896
7758,336.486139
7759,336.351324
7760,336.181706
7761,336.039309
7762,335.920997
7763,335.823113
7764,335.74233
7765,335.675837
7766,335.621328
7767,335.57695
7768,335.541233
7769,335.513037
7770,335.491507
7771,335.476038
7772,335.466244
7773,335.461951
7774,335.463182
7775,335.470162
7776,335.483327
7777,335.503335
7778,335.531082
7779,335.567699
7780,335.614469
7781,335.672483
7782,335.724557
7783,335.764033
7784,335.793042
7785,335.81301
7786,335.824958
7787,335.829606
7788,335.827428
7789,335.818674
7790,335.80338
7791,335.781374
7792,335.752268
7793,335.715437
7794,335.66999
7795,335.61468
7796,335.547707
7797,335.466101
7798,335.386254
7799,335.316204
7800,335.254798
7801,335.200667
7802,335.152564
7803,335.109438
7804,335.070434
7805,335.034873
7806,335.002236
7807,334.972143
7808,336.611928
7809,336.686477
7810,336.745493
7811,336.79104
7812,336.824399
7813,336.846364
7814,336.857339
7815,336.85738
7816,336.846194
7817,336.823133
7818,336.787166
7819,336.736832
7820,336.670176
7821,336.584636
7822,336.476825
7823,336.341976
7824,336.172342
7825,336.029942
7826,335.911635
7827,335.813758
7828,335.732979
7829,335.666487
7830,335.611978
7831,335.567595
7832,335.531871
7833,335.503666
7834,335.482126
7835,335.466642
7836,335.456831
7837,335.452517
7838,335.453722
7839,335.460673
7840,335.473806
7841,335.493779
7842,335.521491
7843,335.558078
7844,335.604827
7845,335.662835
7846,335.714925
7847,335.754444
7848,335.783528
7849,335.803608
7850,335.815707
7851,335.820548
7852,335.818605
7853,335.810128
7854,335.795154
7855,335.77351
7856,335.744806
7857,335.708417
7858,335.663447
7859,335.608645
7860,335.542208
7861,335.461165
7862,335.381897
7863,335.312423
7864,335.251579
7865,335.197984
7866,335.150381
7867,335.107707
7868,335.069094
7869,335.033851
7870,335.001446
7871,334.971488
7872,336.595906
7873,336.669675
7874,336.728012
7875,336.772977
7876,336.805853
7877,336.827433
7878,336.838123
7879,336.837977
7880,336.826708
7881,336.80367
7882,336.767838
7883,336.717754
7884,336.651464
7885,336.566403
7886,336.459169
7887,336.324977
7888,336.156058
7889,336.014384
7890,335.896778
7891,335.799548
7892,335.719347
7893,335.653355
7894,335.59927
7895,335.555241
7896,335.519804
7897,335.491828
7898,335.47046
7899,335.455099
7900,335.445362
7901,335.441074
7902,335.442262
7903,335.44915
7904,335.462175
7905,335.482001
7906,335.50953
7907,335.545907
7908,335.592435
7909,335.650229
7910,335.702133
7911,335.741509
7912,335.770507
7913,335.79057
7914,335.802726
7915,335.807702
7916,335.805974
7917,335.797793
7918,335.783196
7919,335.76201
7920,335.733844
7921,335.69807
7922,335.653787
7923,335.59974
7924,335.534112
7925,335.453928
7926,335.375546
7927,335.306951
7928,335.246954
7929,335.194158
7930,335.14729
7931,335.105274
7932,335.067229
7933,335.032446
7934,335.000376
7935,334.970614
7936,336.5699
7937,336.642428
7938,336.699712
7939,336.74381
7940,336.776001
7941,336.797077
7942,336.807441
7943,336.807153
7944,336.795927
7945,336.773126
7946,336.737731
7947,336.688294
7948,336.622866
7949,336.538874
7950,336.432896
7951,336.300105
7952,336.132685
7953,335.992526
7954,335.876366
7955,335.780458
7956,335.701428
7957,335.636447
7958,335.583219
7959,335.539902
7960,335.505048
7961,335.477535
7962,335.456524
7963,335.441418
7964,335.431843
7965,335.427628
7966,335.428799
7967,335.435584
7968,335.44842
7969,335.467972
7970,335.495151
7971,335.531114
7972,335.57719
7973,335.634531
7974,335.686018
7975,335.72504
7976,335.753772
7977,335.773673
7978,335.785783
7979,335.790831
7980,335.789297
7981,335.781429
7982,335.767267
7983,335.746637
7984,335.71915
7985,335.684175
7986,335.640809
7987,335.587784
7988,335.523269
7989,335.444273
7990,335.367118
7991,335.299736
7992,335.240901
7993,335.189192
7994,335.143317
7995,335.102188
7996,335.064907
7997,335.030749
7998,334.999138
7999,334.969642
8000,336.533211
8001,336.604006
8002,336.659845
8003,336.702777
8004,336.734073
8005,336.754519
8006,336.764519
8007,336.76413
8008,336.753075
8009,336.730728
8010,336.696085
8011,336.647713
8012,336.583676
8013,336.501403
8014,336.397446
8015,336.266916
8016,336.101902
8017,335.964165
8018,335.850293
8019,335.756449
8020,335.679223
8021,335.615787
8022,335.563858
8023,335.521619
8024,335.487642
8025,335.460827
8026,335.440351
8027,335.425633
8028,335.416305
8029,335.412203
8030,335.413355
8031,335.419988
8032,335.432538
8033,335.45167
8034,335.478299
8035,335.513602
8036,335.558943
8037,335.615536
8038,335.666321
8039,335.704731
8040,335.732981
8041,335.752555
8042,335.7645
8043,335.76955
8044,335.768181
8045,335.760644
8046,335.746976
8047,335.727007
8048,335.700348
8049,335.666374
8050,335.624177
8051,335.572482
8052,335.509435
8053,335.432012
8054,335.356487
8055,335.290706
8056,335.23339
8057,335.183088
8058,335.138492
8059,335.098504
8060,335.062216
8061,335.028879
8062,334.997883
8063,334.968744
8064,336.484693
8065,336.553213
8066,336.607182
8067,336.648629
8068,336.678811
8069,336.698499
8070,336.708091
8071,336.707644
8072,336.696891
8073,336.675221
8074,336.641655
8075,336.594792
8076,336.532725
8077,336.452906
8078,336.351881
8079,336.224683
8080,336.063207
8081,335.929026
8082,335.818438
8083,335.727492
8084,335.652757
8085,335.591425
8086,335.54125
8087,335.500456
8088,335.46765
8089,335.441765
8090,335.422002
8091,335.407798
8092,335.398799
8093,335.394846
8094,335.395969
8095,335.402392
8096,335.414546
8097,335.433087
8098,335.45893
8099,335.49326
8100,335.537491
8101,335.592943
8102,335.642644
8103,335.680108
8104,335.707612
8105,335.726661
8106,335.738306
8107,335.743276
8108,335.742042
8109,335.734849
8110,335.721737
8111,335.702538
8112,335.67687
8113,335.644116
8114,335.603377
8115,335.553375
8116,335.492234
8117,335.416872
8118,335.343479
8119,335.279772
8120,335.22439
8121,335.175854
8122,335.132854
8123,335.094291
8124,335.059256
8125,335.026984
8126,334.996819
8127,334.968181
8128,336.422475
8129,336.488101
8130,336.53973
8131,336.579351
8132,336.608185
8133,336.62698
8134,336.636117
8135,336.635654
8136,336.625335
8137,336.604574
8138,336.572428
8139,336.527547
8140,336.468085
8141,336.391564
8142,336.294583
8143,336.172165
8144,336.015913
8145,335.886809
8146,335.780714
8147,335.693606
8148,335.622095
8149,335.563447
8150,335.515488
8151,335.476505
8152,335.445162
8153,335.420434
8154,335.401556
8155,335.38799
8156,335.379396
8157,335.375624
8158,335.376704
8159,335.382853
8160,335.394487
8161,335.412244
8162,335.437019
8163,335.469985
8164,335.512579
8165,335.566277
8166,335.614322
8167,335.650387
8168,335.676816
8169,335.695111
8170,335.706303
8171,335.711103
8172,335.709968
8173,335.703136
8174,335.690644
8175,335.672331
8176,335.647829
8177,335.61654
8178,335.577587
8179,335.529718
8180,335.47106
8181,335.398459
8182,335.327894
8183,335.26685
8184,335.213884
8185,335.167512
8186,335.126447
8187,335.089618
8188,335.056132
8189,335.025227
8190,334.99621
8191,334.968368
8192,334.917384
8193,334.918406
8194,334.919581
8195,334.92054
8196,334.921055
8197,334.920973
8198,334.920187
8199,334.918622
8200,334.916225
8201,334.912965
8202,334.908828
8203,334.903816
8204,334.897953
8205,334.891287
8206,334.883893
8207,334.875885
8208,334.867424
8209,334.858742
8210,334.850011
8211,334.841358
8212,334.832868
8213,334.824603
8214,334.816598
8215,334.808874
8216,334.801438
8217,334.794289
8218,334.787418
8219,334.780809
8220,334.774446
8221,334.768309
8222,334.762375
8223,334.756622
8224,334.751029
8225,334.745571
8226,334.740228
8227,334.734977
8228,334.729798
8229,334.724672
8230,334.71958
8231,334.714505
8232,334.709432
8233,334.704346
8234,334.699234
8235,334.694085
8236,334.688889
8237,334.683636
8238,334.678321
8239,334.672936
8240,334.667478
8241,334.661944
8242,334.656331
8243,334.65064
8244,334.64487
8245,334.639024
8246,334.633104
8247,334.627114
8248,334.621059
8249,334.614944
8250,334.608775
8251,334.602562
8252,334.596314
8253,334.590042
8254,334.583763
8255,334.577498
8256,334.940886
8257,334.942537
8258,334.944076
8259,334.945268
8260,334.945934
8261,334.945939
8262,334.945184
8263,334.943597
8264,334.94113
8265,334.93775
8266,334.933444
8267,334.928218
8268,334.922098
8269,334.915133
8270,334.907405
8271,334.89903
8272,334.890181
8273,334.881097
8274,334.871958
8275,334.862898
8276,334.854007
8277,334.845348
8278,334.83696
8279,334.828866
8280,334.821071
8281,334.813576
8282,334.80637
8283,334.799439
8284,334.792763
8285,334.786323
8286,334.780095
8287,334.774056
8288,334.768183
8289,334.76245
8290,334.756836
8291,334.751318
8292,334.745874
8293,334.740483
8294,334.735127
8295,334.729787
8296,334.724447
8297,334.719092
8298,334.713708
8299,334.708283
8300,334.702806
8301,334.697269
8302,334.691663
8303,334.685983
8304,334.680225
8305,334.674384
8306,334.66846
8307,334.662451
8308,334.656359
8309,334.650185
8310,334.643932
8311,334.637603
8312,334.631205
8313,334.624743
8314,334.618223
8315,334.611654
8316,334.605046
8317,334.598409
8318,334.591757
8319,334.585105
8320,334.961923
8321,334.964356
8322,334.966422
8323,334.967977
8324,334.968895
8325,334.969069
8326,334.968416
8327,334.966874
8328,334.964397
8329,334.96096
8330,334.95655
8331,334.951178
8332,334.94487
8333,334.937681
8334,334.929696
8335,334.921038
8336,334.911883
8337,334.902479
8338,334.893014
8339,334.883623
8340,334.874405
8341,334.865423
8342,334.856718
8343,334.848314
8344,334.84022
8345,334.832432
8346,334.824943
8347,334.817736
8348,334.810792
8349,334.80409
8350,334.797606
8351,334.791317
8352,334.785196
8353,334.779219
8354,334.773363
8355,334.767603
8356,334.761918
8357,334.756285
8358,334.750685
8359,334.745098
8360,334.739508
8361,334.733898
8362,334.728255
8363,334.722565
8364,334.716818
8365,334.711004
8366,334.705115
8367,334.699145
8368,334.693089
8369,334.686945
8370,334.680709
8371,334.674383
8372,334.667966
8373,334.661461
8374,334.654871
8375,334.6482
8376,334.641453
8377,334.634636
8378,334.627757
8379,334.620823
8380,334.613843
8381,334.606828
8382,334.599787
8383,334.592732
8384,334.980818
8385,334.984051
8386,334.986709
8387,334.988704
8388,334.989946
8389,334.990356
8390,334.989867
8391,334.988428
8392,334.986002
8393,334.982568
8394,334.978119
8395,334.972667
8396,334.966243
8397,334.958905
8398,334.950741
8399,334.94188
8400,334.932503
8401,334.922863
8402,334.913152
8403,334.903511
8404,334.894039
8405,334.884805
8406,334.875852
8407,334.867203
8408,334.858867
8409,334.850844
8410,334.843123
8411,334.835689
8412,334.828523
8413,334.821602
8414,334.814902
8415,334.808398
8416,334.802064
8417,334.795875
8418,334.789806
8419,334.783833
8420,334.777931
8421,334.772079
8422,334.766256
8423,334.760442
8424,334.754619
8425,334.74877
8426,334.742881
8427,334.736938
8428,334.730931
8429,334.724848
8430,334.718682
8431,334.712427
8432,334.706078
8433,334.699632
8434,334.693086
8435,334.686442
8436,334.679699
8437,334.67286
8438,334.665929
8439,334.65891
8440,334.651809
8441,334.644631
8442,334.637384
8443,334.630076
8444,334.622715
8445,334.615309
8446,334.607869
8447,334.600402
8448,334.997776
8449,335.001775
8450,335.005041
8451,335.007511
8452,335.009123
8453,335.009817
8454,335.009543
8455,335.00826
8456,335.00594
8457,335.002568
8458,334.998141
8459,334.992675
8460,334.986205
8461,334.978792
8462,334.970528
8463,334.961545
8464,334.952028
8465,334.942233
8466,334.932357
8467,334.922544
8468,334.912896
8469,334.903483
8470,334.894349
8471,334.885519
8472,334.877004
8473,334.868801
8474,334.860903
8475,334.853292
8476,334.84595
8477,334.838853
8478,334.831978
8479,334.825297
8480,334.818786
8481,334.812418
8482,334.806167
8483,334.800008
8484,334.793916
8485,334.787869
8486,334.781845
8487,334.775823
8488,334.769785
8489,334.763713
8490,334.757593
8491,334.751409
8492,334.745151
8493,334.738809
8494,334.732373
8495,334.725839
8496,334.7192
8497,334.712453
8498,334.705599
8499,334.698635
8500,334.691564
8501,334.684389
8502,334.677113
8503,334.669741
8504,334.662278
8505,334.654733
8506,334.64711
8507,334.63942
8508,334.631668
8509,334.623864
8510,334.616015
8511,334.608129
8512,335.012945
8513,335.017659
8514,335.021517
8515,335.024471
8516,335.026476
8517,335.027488
8518,335.027468
8519,335.026386
8520,335.024222
8521,335.020965
8522,335.01662
8523,335.011204
8524,335.004757
8525,334.997342
8526,334.989054
8527,334.980028
8528,334.970452
8529,334.960584
8530,334.950624
8531,334.940717
8532,334.930968
8533,334.921448
8534,334.912203
8535,334.903258
8536,334.894624
8537,334.886301
8538,334.878278
8539,334.870542
8540,334.863071
8541,334.855843
8542,334.848833
8543,334.842015
8544,334.835363
8545,334.828849
8546,334.822447
8547,334.816131
8548,334.809877
8549,334.803659
8550,334.797457
8551,334.791248
8552,334.785014
8553,334.778736
8554,334.772398
8555,334.765986
8556,334.759489
8557,334.752895
8558,334.746197
8559,334.739388
8560,334.732462
8561,334.725418
8562,334.718254
8563,334.710971
8564,334.70357
8565,334.696054
8566,334.688429
8567,334.680698
8568,334.672869
8569,334.664948
8570,334.656943
8571,334.648862
8572,334.640711
8573,334.632501
8574,334.624236
8575,334.615925
8576,335.026439
8577,335.031808
8578,335.036227
8579,335.039658
8580,335.042065
8581,335.043414
8582,335.043678
8583,335.042835
8584,335.04087
8585,335.03778
8586,335.033571
8587,335.028267
8588,335.021909
8589,335.014563
8590,335.006326
8591,334.997335
8592,334.987779
8593,334.977919
8594,334.967953
8595,334.958031
8596,334.948257
8597,334.938703
8598,334.929415
8599,334.92042
8600,334.91173
8601,334.903343
8602,334.895251
8603,334.887439
8604,334.879887
8605,334.872573
8606,334.865471
8607,334.858555
8608,334.851798
8609,334.845172
8610,334.838652
8611,334.832209
8612,334.825819
8613,334.819457
8614,334.813099
8615,334.806725
8616,334.800313
8617,334.793845
8618,334.787306
8619,334.780679
8620,334.773953
8621,334.767117
8622,334.760163
8623,334.753084
8624,334.745876
8625,334.738535
8626,334.731063
8627,334.723458
8628,334.715724
8629,334.707865
8630,334.699885
8631,334.69179
8632,334.683587
8633,334.675285
8634,334.666889
8635,334.658409
8636,334.649853
8637,334.641228
8638,334.632541
8639,334.623799
8640,335.038354
8641,335.044317
8642,335.049259
8643,335.053147
8644,335.055953
8645,335.057651
8646,335.058221
8647,335.057646
8648,335.055919
8649,335.05304
8650,335.049021
8651,335.043886
8652,335.037682
8653,335.030474
8654,335.022361
8655,335.013481
8656,335.004024
8657,334.994249
8658,334.984358
8659,334.974496
8660,334.964771
8661,334.955254
8662,334.945992
8663,334.937012
8664,334.928326
8665,334.919933
8666,334.911826
8667,334.90399
8668,334.896405
8669,334.889048
8670,334.881896
8671,334.874921
8672,334.868096
8673,334.861394
8674,334.854787
8675,334.848247
8676,334.84175
8677,334.835269
8678,334.828781
8679,334.822262
8680,334.815693
8681,334.809053
8682,334.802327
8683,334.795498
8684,334.788555
8685,334.781486
8686,334.774283
8687,334.766939
8688,334.759451
8689,334.751816
8690,334.744034
8691,334.736106
8692,334.728036
8693,334.719828
8694,334.711489
8695,334.703024
8696,334.694441
8697,334.685748
8698,334.676955
8699,334.668069
8700,334.659098
8701,334.650052
8702,334.640936
8703,334.631758
8704,335.048777
8705,335.05527
8706,335.060692
8707,335.065013
8708,335.068208
8709,335.070258
8710,335.071148
8711,335.070867
8712,335.069411
8713,335.066785
8714,335.063003
8715,335.058094
8716,335.052104
8717,335.045101
8718,335.037183
8719,335.028489
8720,335.019207
8721,335.009596
8722,334.999855
8723,334.990131
8724,334.980528
8725,334.971118
8726,334.961949
8727,334.953047
8728,334.944424
8729,334.936082
8730,334.928013
8731,334.920202
8732,334.912631
8733,334.905277
8734,334.898116
8735,334.891121
8736,334.884266
8737,334.877522
8738,334.870861
8739,334.864256
8740,334.857679
8741,334.851106
8742,334.844511
8743,334.837871
8744,334.831164
8745,334.82437
8746,334.817473
8747,334.810456
8748,334.803306
8749,334.796013
8750,334.788568
8751,334.780964
8752,334.773199
8753,334.76527
8754,334.757178
8755,334.748925
8756,334.740515
8757,334.731954
8758,334.723249
8759,334.714407
8760,334.705436
8761,334.696347
8762,334.687147
8763,334.677847
8764,334.668455
8765,334.658979
8766,334.649428
8767,334.639808
8768,335.057788
8769,335.064749
8770,335.070606
8771,335.075331
8772,335.078902
8773,335.081302
8774,335.082522
8775,335.082553
8776,335.081397
8777,335.079061
8778,335.075562
8779,335.07093
8780,335.065213
8781,335.058479
8782,335.050827
8783,335.042391
8784,335.033359
8785,335.023988
8786,335.014473
8787,335.004959
8788,334.99555
8789,334.986316
8790,334.977305
8791,334.968542
8792,334.960042
8793,334.951805
8794,334.943825
8795,334.936088
8796,334.928577
8797,334.921269
8798,334.914141
8799,334.907166
8800,334.900316
8801,334.893565
8802,334.886883
8803,334.880243
8804,334.873617
8805,334.866978
8806,334.860302
8807,334.853562
8808,334.846738
8809,334.839809
8810,334.832757
8811,334.825565
8812,334.81822
8813,334.810712
8814,334.803031
8815,334.795172
8816,334.787132
8817,334.77891
8818,334.770506
8819,334.761925
8820,334.753171
8821,334.744251
8822,334.735173
8823,334.725946
8824,334.716581
8825,334.707085
8826,334.697472
8827,334.687749
8828,334.677927
8829,334.668015
8830,334.658021
8831,334.647953
8832,335.065467
8833,335.072837
8834,335.079085
8835,335.084183
8836,335.088112
8837,335.090858
8838,335.092412
8839,335.092772
8840,335.091941
8841,335.089928
8842,335.086753
8843,335.082447
8844,335.077059
8845,335.070655
8846,335.063334
8847,335.055228
8848,335.04652
8849,335.037462
8850,335.028248
8851,335.019016
8852,335.00987
8853,335.000878
8854,334.992086
8855,334.983523
8856,334.9752
8857,334.967121
8858,334.95928
8859,334.951665
8860,334.944258
8861,334.937039
8862,334.929983
8863,334.923066
8864,334.916259
8865,334.909535
8866,334.902866
8867,334.896222
8868,334.889575
8869,334.882899
8870,334.876165
8871,334.86935
8872,334.86243
8873,334.855384
8874,334.848193
8875,334.84084
8876,334.833311
8877,334.825597
8878,334.817687
8879,334.809577
8880,334.801264
8881,334.792747
8882,334.78403
8883,334.775117
8884,334.766013
8885,334.756728
8886,334.74727
8887,334.73765
8888,334.72788
8889,334.71797
8890,334.707933
8891,334.697779
8892,334.687519
8893,334.677163
8894,334.66672
8895,334.656197
8896,335.071899
8897,335.079621
8898,335.086216
8899,335.091657
8900,335.095925
8901,335.099009
8902,335.100902
8903,335.101603
8904,335.101117
8905,335.099457
8906,335.096643
8907,335.092708
8908,335.0877
8909,335.081686
8910,335.074761
8911,335.067053
8912,335.05874
8913,335.050068
8914,335.041225
8915,335.032345
8916,335.023527
8917,335.014839
8918,335.006327
8919,334.998018
8920,334.989926
8921,334.982055
8922,334.9744
8923,334.966951
8924,334.959691
8925,334.952601
8926,334.945657
8927,334.938835
8928,334.932107
8929,334.925445
8930,334.918821
8931,334.912204
8932,334.905567
8933,334.89888
8934,334.892115
8935,334.885248
8936,334.878254
8937,334.871109
8938,334.863796
8939,334.856296
8940,334.848595
8941,334.840682
8942,334.83255
8943,334.824192
8944,334.815607
8945,334.806796
8946,334.797762
8947,334.788511
8948,334.779052
8949,334.769393
8950,334.759547
8951,334.749525
8952,334.73934
8953,334.729006
8954,334.718536
8955,334.707941
8956,334.697234
8957,334.686426
8958,334.675526
8959,334.664542
8960,335.077178
8961,335.085201
8962,335.092102
8963,335.097856
8964,335.102444
8965,335.105856
8966,335.108088
8967,335.109139
8968,335.109016
8969,335.107734
8970,335.105315
8971,335.101792
8972,335.097212
8973,335.091643
8974,335.085174
8975,335.07793
8976,335.070081
8977,335.061865
8978,335.05346
8979,335.044997
8980,335.036569
8981,335.028244
8982,335.020065
8983,335.012062
8984,335.004249
8985,334.996632
8986,334.989208
8987,334.981967
8988,334.974895
8989,334.967973
8990,334.961178
8991,334.954488
8992,334.947873
8993,334.941308
8994,334.934761
8995,334.928203
8996,334.921604
8997,334.914935
8998,334.908166
8999,334.901271
9000,334.894223
9001,334.887
9002,334.879581
9003,334.871948
9004,334.864086
9005,334.855984
9006,334.847635
9007,334.839032
9008,334.830176
9009,334.821068
9010,334.811713
9011,334.802119
9012,334.792296
9013,334.782255
9014,334.77201
9015,334.761576
9016,334.750966
9017,334.740197
9018,334.729283
9019,334.718237
9020,334.707074
9021,334.695805
9022,334.68444
9023,334.672988
9024,335.081415
9025,335.089689
9026,335.096859
9027,335.102898
9028,335.107788
9029,335.11152
9030,335.114089
9031,335.115497
9032,335.115752
9033,335.11487
9034,335.112874
9035,335.109797
9036,335.105689
9037,335.100613
9038,335.094658
9039,335.08794
9040,335.08062
9041,335.072925
9042,335.065022
9043,335.057034
9044,335.049053
9045,335.041142
9046,335.033347
9047,335.025696
9048,335.018206
9049,335.010885
9050,335.003731
9051,334.996737
9052,334.98989
9053,334.983173
9054,334.976564
9055,334.970039
9056,334.963573
9057,334.957136
9058,334.950699
9059,334.944231
9060,334.937701
9061,334.931078
9062,334.924331
9063,334.917433
9064,334.910355
9065,334.903073
9066,334.895565
9067,334.887813
9068,334.879802
9069,334.871519
9070,334.862957
9071,334.854112
9072,334.844984
9073,334.835576
9074,334.825895
9075,334.815951
9076,334.805755
9077,334.795322
9078,334.784667
9079,334.773808
9080,334.762761
9081,334.751545
9082,334.740175
9083,334.728668
9084,334.717039
9085,334.705299
9086,334.693462
9087,334.681536
9088,335.084741
9089,335.093226
9090,335.100631
9091,335.106931
9092,335.112106
9093,335.116148
9094,335.119053
9095,335.120822
9096,335.121466
9097,335.121
9098,335.11945
9099,335.11685
9100,335.113249
9101,335.10871
9102,335.103316
9103,335.09718
9104,335.09045
9105,335.083334
9106,335.075989
9107,335.068529
9108,335.061042
9109,335.053591
9110,335.046221
9111,335.038962
9112,335.031834
9113,335.024846
9114,335.017998
9115,335.011286
9116,335.004699
9117,334.99822
9118,334.991829
9119,334.985505
9120,334.979219
9121,334.972944
9122,334.966649
9123,334.960302
9124,334.953871
9125,334.947323
9126,334.940626
9127,334.933749
9128,334.926663
9129,334.919343
9130,334.911764
9131,334.903907
9132,334.895757
9133,334.887301
9134,334.878532
9135,334.869446
9136,334.860045
9137,334.850334
9138,334.84032
9139,334.830016
9140,334.819436
9141,334.808599
9142,334.797521
9143,334.786224
9144,334.774727
9145,334.76305
9146,334.751212
9147,334.739232
9148,334.727126
9149,334.714907
9150,334.702589
9151,334.690182
9152,335.08732
9153,335.095981
9154,335.103595
9155,335.110135
9156,335.115582
9157,335.119926
9158,335.123163
9159,335.125297
9160,335.126336
9161,335.1263
9162,335.125213
9163,335.123111
9164,335.120044
9165,335.116073
9166,335.111282
9167,335.105773
9168,335.099684
9169,335.093197
9170,335.086454
9171,335.079563
9172,335.072609
9173,335.065652
9174,335.058741
9175,335.051908
9176,335.045173
9177,335.038549
9178,335.032038
9179,335.025639
9180,335.019342
9181,335.013132
9182,335.006992
9183,335.000898
9184,334.994825
9185,334.988743
9186,334.982622
9187,334.976427
9188,334.970126
9189,334.963682
9190,334.957062
9191,334.950232
9192,334.943162
9193,334.935824
9194,334.928192
9195,334.920245
9196,334.911967
9197,334.903346
9198,334.894374
9199,334.885048
9200,334.875372
9201,334.865351
9202,334.854996
9203,334.844322
9204,334.833347
9205,334.822091
9206,334.810576
9207,334.798826
9208,334.786863
9209,334.774711
9210,334.762392
9211,334.749926
9212,334.737331
9213,334.724624
9214,334.711817
9215,334.698922
9216,335.08936
9217,335.098173
9218,335.105977
9219,335.112742
9220,335.118449
9221,335.123088
9222,335.126655
9223,335.129152
9224,335.130592
9225,335.130991
9226,335.130378
9227,335.128788
9228,335.126271
9229,335.122889
9230,335.118723
9231,335.113872
9232,335.108459
9233,335.102634
9234,335.096522
9235,335.090226
9236,335.083829
9237,335.077392
9238,335.070965
9239,335.064581
9240,335.058264
9241,335.052029
9242,335.045882
9243,335.039821
9244,335.033841
9245,335.027929
9246,335.022067
9247,335.016234
9248,335.010403
9249,335.004545
9250,334.998628
9251,334.992617
9252,334.986475
9253,334.980166
9254,334.973651
9255,334.966896
9256,334.959866
9257,334.952531
9258,334.944863
9259,334.936841
9260,334.928446
9261,334.919667
9262,334.910495
9263,334.90093
9264,334.890974
9265,334.880637
9266,334.869932
9267,334.858876
9268,334.847491
9269,334.835801
9270,334.823832
9271,334.811612
9272,334.799167
9273,334.786525
9274,334.773709
9275,334.760744
9276,334.747649
9277,334.734442
9278,334.721138
9279,334.707748
9280,335.091136
9281,335.100087
9282,335.108067
9283,335.115048
9284,335.121008
9285,335.125936
9286,335.129829
9287,335.13269
9288,335.134529
9289,335.135367
9290,335.13523
9291,335.134156
9292,335.132194
9293,335.129406
9294,335.125869
9295,335.121676
9296,335.116937
9297,335.111774
9298,335.1063
9299,335.100609
9300,335.094781
9301,335.088878
9302,335.082949
9303,335.077031
9304,335.071149
9305,335.065322
9306,335.059557
9307,335.053857
9308,335.048217
9309,335.042626
9310,335.037068
9311,335.031522
9312,335.025962
9313,335.020358
9314,335.014676
9315,335.008879
9316,335.002928
9317,334.996783
9318,334.990403
9319,334.983749
9320,334.976784
9321,334.969473
9322,334.961789
9323,334.953706
9324,334.945206
9325,334.936275
9326,334.926907
9327,334.917101
9328,334.906862
9329,334.8962
9330,334.885133
9331,334.873681
9332,334.86187
9333,334.849728
9334,334.837287
9335,334.824578
9336,334.811633
9337,334.798482
9338,334.785155
9339,334.771676
9340,334.758069
9341,334.744352
9342,334.730543
9343,334.716652
9344,335.09286
9345,335.101945
9346,335.110097
9347,335.117288
9348,335.123497
9349,335.128711
9350,335.132927
9351,335.136147
9352,335.138384
9353,335.139657
9354,335.139993
9355,335.13943
9356,335.138017
9357,335.135814
9358,335.132894
9359,335.129342
9360,335.125256
9361,335.12074
9362,335.115893
9363,335.110801
9364,335.105541
9365,335.100174
9366,335.094748
9367,335.089303
9368,335.083867
9369,335.078459
9370,335.073091
9371,335.067768
9372,335.062485
9373,335.057236
9374,335.052004
9375,335.04677
9376,335.041507
9377,335.036185
9378,335.030768
9379,335.025217
9380,335.019488
9381,335.013538
9382,335.007323
9383,335.000798
9384,334.993923
9385,334.98666
9386,334.978978
9387,334.970849
9388,334.962254
9389,334.953179
9390,334.943616
9391,334.933568
9392,334.923039
9393,334.912043
9394,334.900601
9395,334.888737
9396,334.876481
9397,334.863868
9398,334.850934
9399,334.837715
9400,334.82425
9401,334.810573
9402,334.796716
9403,334.782709
9404,334.768577
9405,334.754341
9406,334.740018
9407,334.725621
9408,335.094694
9409,335.103917
9410,335.112244
9411,335.119645
9412,335.126101
9413,335.131599
9414,335.136134
9415,335.13971
9416,335.142339
9417,335.144039
9418,335.144839
9419,335.144776
9420,335.143897
9421,335.14226
9422,335.139933
9423,335.136995
9424,335.133533
9425,335.129637
9426,335.125394
9427,335.120885
9428,335.11618
9429,335.111341
9430,335.106415
9431,335.101443
9432,335.096455
9433,335.091472
9434,335.086509
9435,335.081572
9436,335.076661
9437,335.07177
9438,335.066883
9439,335.061983
9440,335.057042
9441,335.052028
9442,335.046905
9443,335.041629
9444,335.036154
9445,335.030432
9446,335.024411
9447,335.018044
9448,335.011285
9449,335.004093
9450,334.996431
9451,334.988271
9452,334.979592
9453,334.970378
9454,334.960624
9455,334.95033
9456,334.939504
9457,334.928164
9458,334.916332
9459,334.904038
9460,334.891317
9461,334.878211
9462,334.864761
9463,334.851011
9464,334.837004
9465,334.82278
9466,334.808377
9467,334.793827
9468,334.779158
9469,334.764392
9470,334.749548
9471,334.734639
9472,335.096765
9473,335.106135
9474,335.114643
9475,335.12226
9476,335.128964
9477,335.134745
9478,335.139596
9479,335.143522
9480,335.146534
9481,335.148651
9482,335.1499
9483,335.150319
9484,335.149953
9485,335.148857
9486,335.147094
9487,335.144736
9488,335.141861
9489,335.13855
9490,335.134882
9491,335.13093
9492,335.126761
9493,335.122433
9494,335.117996
9495,335.113489
9496,335.108944
9497,335.104386
9498,335.09983
9499,335.095286
9500,335.090756
9501,335.086234
9502,335.081708
9503,335.077159
9504,335.072561
9505,335.067881
9506,335.063079
9507,335.058109
9508,335.052919
9509,335.047456
9510,335.041662
9511,335.035482
9512,335.028866
9513,335.021766
9514,335.014145
9515,335.005969
9516,334.997215
9517,334.987869
9518,334.977924
9519,334.967381
9520,334.956251
9521,334.944553
9522,334.932315
9523,334.919572
9524,334.906364
9525,334.89274
9526,334.87875
9527,334.864444
9528,334.849873
9529,334.835083
9530,334.820116
9531,334.805007
9532,334.789788
9533,334.774484
9534,334.759112
9535,334.743688
9536,335.099167
9537,335.1087
9538,335.1174
9539,335.125238
9540,335.132195
9541,335.138259
9542,335.143423
9543,335.147693
9544,335.151078
9545,335.153598
9546,335.15528
9547,335.156159
9548,335.15628
9549,335.155693
9550,335.154459
9551,335.152643
9552,335.150317
9553,335.147554
9554,335.144424
9555,335.140998
9556,335.137338
9557,335.133499
9558,335.129531
9559,335.125475
9560,335.121364
9561,335.117223
9562,335.113071
9563,335.10892
9564,335.104774
9565,335.100629
9566,335.096474
9567,335.092292
9568,335.088056
9569,335.083732
9570,335.079277
9571,335.074642
9572,335.069768
9573,335.064595
9574,335.059059
9575,335.053097
9576,335.04665
9577,335.039666
9578,335.032103
9579,335.023926
9580,335.015108
9581,335.005635
9582,334.995499
9583,334.984703
9584,334.973261
9585,334.961193
9586,334.948532
9587,334.935318
9588,334.9216
9589,334.907433
9590,334.892876
9591,334.877989
9592,334.862831
9593,334.847453
9594,334.831904
9595,334.816223
9596,334.800444
9597,334.784592
9598,334.768687
9599,334.752745
9600,335.101974
9601,335.111687
9602,335.120593
9603,335.128664
9604,335.135879
9605,335.142226
9606,335.147701
9607,335.152307
9608,335.156054
9609,335.158961
9610,335.161055
9611,335.16237
9612,335.162948
9613,335.162838
9614,335.162095
9615,335.160782
9616,335.158963
9617,335.156705
9618,335.154076
9619,335.15114
9620,335.147956
9621,335.144578
9622,335.141056
9623,335.13743
9624,335.133736
9625,335.13
9626,335.126244
9627,335.122481
9628,335.118717
9629,335.114951
9630,335.111175
9631,335.10737
9632,335.10351
9633,335.099561
9634,335.095476
9635,335.091202
9636,335.086675
9637,335.081825
9638,335.076578
9639,335.070861
9640,335.06461
9641,335.057764
9642,335.050278
9643,335.042112
9644,335.033239
9645,335.023643
9646,335.013317
9647,335.002266
9648,334.990502
9649,334.978052
9650,334.964951
9651,334.951245
9652,334.936991
9653,334.922254
9654,334.907103
9655,334.891609
9656,334.87584
9657,334.859856
9658,334.843709
9659,334.827443
9660,334.811093
9661,334.794687
9662,334.778246
9663,334.761783
9664,335.105243
9665,335.115158
9666,335.124286
9667,335.132599
9668,335.140079
9669,335.146712
9670,335.152494
9671,335.157429
9672,335.161526
9673,335.164803
9674,335.167288
9675,335.169011
9676,335.170015
9677,335.170346
9678,335.170055
9679,335.169202
9680,335.167847
9681,335.166053
9682,335.163882
9683,335.161396
9684,335.158652
9685,335.155703
9686,335.152598
9687,335.149377
9688,335.146078
9689,335.14273
9690,335.139355
9691,335.135969
9692,335.132581
9693,335.129191
9694,335.125793
9695,335.12237
9696,335.118897
9697,335.115337
9698,335.111643
9699,335.107755
9700,335.103602
9701,335.099104
9702,335.094176
9703,335.088734
9704,335.082702
9705,335.076015
9706,335.06862
9707,335.060478
9708,335.051558
9709,335.041844
9710,335.031329
9711,335.020018
9712,335.007926
9713,334.995081
9714,334.981523
9715,334.967305
9716,334.95249
9717,334.937156
9718,334.921384
9719,334.905259
9720,334.888858
9721,334.872248
9722,334.855489
9723,334.838627
9724,334.8217
9725,334.804736
9726,334.787756
9727,334.770774
9728,335.109016
9729,335.119156
9730,335.128525
9731,335.137095
9732,335.144846
9733,335.151768
9734,335.157855
9735,335.16311
9736,335.167543
9737,335.171173
9738,335.174024
9739,335.176129
9740,335.177526
9741,335.17826
9742,335.178382
9743,335.177946
9744,335.17701
9745,335.175635
9746,335.173879
9747,335.171801
9748,335.169457
9749,335.1669
9750,335.164178
9751,335.161333
9752,335.158403
9753,335.155419
9754,335.152405
9755,335.149381
9756,335.146356
9757,335.143334
9758,335.140309
9759,335.137268
9760,335.134185
9761,335.131022
9762,335.127732
9763,335.124249
9764,335.120495
9765,335.116378
9766,335.111796
9767,335.106652
9768,335.10086
9769,335.094348
9770,335.087059
9771,335.078949
9772,335.069989
9773,335.060161
9774,335.049457
9775,335.037883
9776,335.025457
9777,335.012208
9778,334.99818
9779,334.983431
9780,334.968033
9781,334.952076
9782,334.935658
9783,334.918879
9784,334.901827
9785,334.884579
9786,334.867198
9787,334.849734
9788,334.832225
9789,334.814702
9790,334.797185
9791,334.779686
9792,335.11333
9793,335.12372
9794,335.133349
9795,335.142189
9796,335.150221
9797,335.157434
9798,335.163823
9799,335.16939
9800,335.174146
9801,335.178109
9802,335.181303
9803,335.183759
9804,335.185515
9805,335.186615
9806,335.187107
9807,335.187045
9808,335.186483
9809,335.18548
9810,335.184093
9811,335.18238
9812,335.180394
9813,335.178189
9814,335.175813
9815,335.17331
9816,335.170718
9817,335.16807
9818,335.165393
9819,335.162708
9820,335.160028
9821,335.157358
9822,335.154696
9823,335.152028
9824,335.149331
9825,335.146567
9826,335.143686
9827,335.14062
9828,335.137282
9829,335.133567
9830,335.129353
9831,335.124526
9832,335.118988
9833,335.112662
9834,335.105487
9835,335.097417
9836,335.088422
9837,335.078481
9838,335.06759
9839,335.055754
9840,335.04299
9841,335.029332
9842,335.014824
9843,334.999531
9844,334.983533
9845,334.966932
9846,334.949848
9847,334.932398
9848,334.914684
9849,334.896789
9850,334.878782
9851,334.860714
9852,334.842625
9853,334.824545
9854,334.806494
9855,334.788484
9856,335.118213
9857,335.12888
9858,335.138789
9859,335.147914
9860,335.156236
9861,335.163744
9862,335.170431
9863,335.176303
9864,335.181367
9865,335.185643
9866,335.189154
9867,335.191931
9868,335.194012
9869,335.195439
9870,335.19626
9871,335.196526
9872,335.196292
9873,335.195614
9874,335.194548
9875,335.193152
9876,335.19148
9877,335.189585
9878,335.187514
9879,335.185314
9880,335.183025
9881,335.18068
9882,335.178311
9883,335.175938
9884,335.173579
9885,335.17124
9886,335.168922
9887,335.166612
9888,335.164288
9889,335.161913
9890,335.159437
9891,335.156787
9892,335.153871
9893,335.150569
9894,335.146734
9895,335.142231
9896,335.136953
9897,335.130817
9898,335.123758
9899,335.11573
9900,335.106701
9901,335.096651
9902,335.085574
9903,335.073476
9904,335.060377
9905,335.046309
9906,335.031322
9907,335.015481
9908,334.998875
9909,334.981618
9910,334.963857
9911,334.945731
9912,334.927353
9913,334.908813
9914,334.890183
9915,334.871516
9916,334.852853
9917,334.834223
9918,334.815646
9919,334.797132
9920,335.12369
9921,335.13466
9922,335.144871
9923,335.154297
9924,335.162919
9925,335.170724
9926,335.177708
9927,335.183875
9928,335.189233
9929,335.193802
9930,335.197604
9931,335.200672
9932,335.203041
9933,335.204756
9934,335.205862
9935,335.20641
9936,335.206456
9937,335.206054
9938,335.205261
9939,335.204134
9940,335.202728
9941,335.201095
9942,335.199287
9943,335.197348
9944,335.195322
9945,335.193244
9946,335.191147
9947,335.189055
9948,335.186986
9949,335.184951
9950,335.18295
9951,335.180974
9952,335.179002
9953,335.176997
9954,335.174907
9955,335.172658
9956,335.170149
9957,335.16725
9958,335.163784
9959,335.159597
9960,335.154571
9961,335.148618
9962,335.141672
9963,335.133684
9964,335.12462
9965,335.114461
9966,335.103202
9967,335.090848
9968,335.077419
9969,335.06295
9970,335.04749
9971,335.031111
9972,335.013907
9973,334.996004
9974,334.977576
9975,334.958784
9976,334.939754
9977,334.920581
9978,334.90134
9979,334.882086
9980,334.862861
9981,334.843693
9982,334.8246
9983,334.805594
9984,335.129781
9985,335.141083
9986,335.151619
9987,335.161362
9988,335.170293
9989,335.1784
9990,335.185678
9991,335.19213
9992,335.197768
9993,335.202608
9994,335.206675
9995,335.210001
9996,335.212623
9997,335.214584
9998,335.21593
9999,335.216715
10000,335.216991
10001,335.216815
10002,335.216244
10003,335.215335
10004,335.214145
10005,335.212727
10006,335.211133
10007,335.209411
10008,335.207604
10009,335.205752
10010,335.203888
10011,335.202039
10012,335.200226
10013,335.19846
10014,335.196744
10015,335.19507
10016,335.193418
10017,335.191752
10018,335.190018
10019,335.188136
10020,335.186001
10021,335.183466
10022,335.180336
10023,335.176438
10024,335.171643
10025,335.165859
10026,335.159014
10027,335.151058
10028,335.141956
10029,335.13169
10030,335.120252
10031,335.107649
10032,335.093902
10033,335.079046
10034,335.063133
10035,335.046239
10036,335.028465
10037,335.009951
10038,334.990889
10039,334.971462
10040,334.951806
10041,334.932024
10042,334.912194
10043,334.892373
10044,334.872603
10045,334.852912
10046,334.833319
10047,334.813834
10048,335.136507
10049,335.148171
10050,335.159055
10051,335.169132
10052,335.178382
10053,335.186794
10054,335.194363
10055,335.201092
10056,335.206993
10057,335.212082
10058,335.216387
10059,335.219938
10060,335.222775
10061,335.22494
10062,335.226482
10063,335.227453
10064,335.227909
10065,335.227907
10066,335.227505
10067,335.226762
10068,335.225735
10069,335.224481
10070,335.223051
10071,335.221497
10072,335.219864
10073,335.218192
10074,335.216518
10075,335.21487
10076,335.213271
10077,335.211734
10078,335.210265
10079,335.208854
10080,335.207484
10081,335.206117
10082,335.204695
10083,335.203138
10084,335.201328
10085,335.19911
10086,335.196271
10087,335.192623
10088,335.18803
10089,335.18239
10090,335.17563
10091,335.167695
10092,335.158551
10093,335.148177
10094,335.136566
10095,335.123724
10096,335.109674
10097,335.094451
10098,335.078113
10099,335.060737
10100,335.042433
10101,335.023352
10102,335.003703
10103,334.983682
10104,334.963437
10105,334.943078
10106,334.922688
10107,334.902325
10108,334.882033
10109,334.861841
10110,334.841766
10111,334.821818
10112,335.143889
10113,335.155944
10114,335.1672
10115,335.177628
10116,335.187208
10117,335.195929
10118,335.203785
10119,335.210781
10120,335.216928
10121,335.222245
10122,335.226758
10123,335.230501
10124,335.233512
10125,335.235838
10126,335.237529
10127,335.238637
10128,335.23922
10129,335.239338
10130,335.23905
10131,335.238418
10132,335.2375
10133,335.236354
10134,335.235037
10135,335.233599
10136,335.232089
10137,335.23055
10138,335.229018
10139,335.227526
10140,335.226096
10141,335.224744
10142,335.223476
10143,335.222284
10144,335.22115
10145,335.220033
10146,335.218876
10147,335.21759
10148,335.216054
10149,335.214098
10150,335.2115
10151,335.20806
10152,335.203632
10153,335.198109
10154,335.191412
10155,335.183485
10156,335.174291
10157,335.163809
10158,335.15203
10159,335.138962
10160,335.124627
10161,335.109064
10162,335.092332
10163,335.074513
10164,335.055725
10165,335.036126
10166,335.01594
10167,334.995373
10168,334.974583
10169,334.953687
10170,334.932772
10171,334.911899
10172,334.891113
10173,334.870443
10174,334.849908
10175,334.829516
10176,335.151944
10177,335.164423
10178,335.176075
10179,335.186871
10180,335.196792
10181,335.205825
10182,335.213965
10183,335.221217
10184,335.227593
10185,335.233113
10186,335.237805
10187,335.241704
10188,335.24485
10189,335.247292
10190,335.249081
10191,335.250274
10192,335.25093
10193,335.251112
10194,335.250881
10195,335.250301
10196,335.249435
10197,335.248343
10198,335.247082
10199,335.245706
10200,335.244266
10201,335.242807
10202,335.241368
10203,335.239982
10204,335.238673
10205,335.237458
10206,335.236342
10207,335.235321
10208,335.234371
10209,335.233454
10210,335.232507
10211,335.231437
10212,335.230117
10213,335.228368
10214,335.225959
10215,335.22268
10216,335.218379
10217,335.212942
10218,335.206285
10219,335.19835
10220,335.189098
10221,335.178506
10222,335.166567
10223,335.153287
10224,335.138689
10225,335.122813
10226,335.105722
10227,335.087502
10228,335.068277
10229,335.048213
10230,335.027543
10231,335.006481
10232,334.985194
10233,334.963805
10234,334.942403
10235,334.921055
10236,334.899806
10237,334.878687
10238,334.857715
10239,334.836899
10240,335.160694
10241,335.173628
10242,335.185701
10243,335.196884
10244,335.207156
10245,335.216504
10246,335.224924
10247,335.232421
10248,335.239008
10249,335.244706
10250,335.249546
10251,335.253563
10252,335.256801
10253,335.259311
10254,335.261148
10255,335.262371
10256,335.263043
10257,335.26323
10258,335.262996
10259,335.26241
10260,335.261536
10261,335.260437
10262,335.259174
10263,335.257805
10264,335.25638
10265,335.254947
10266,335.253548
10267,335.252215
10268,335.250976
10269,335.249846
10270,335.248832
10271,335.247927
10272,335.24711
10273,335.246337
10274,335.245544
10275,335.244633
10276,335.243471
10277,335.241874
10278,335.239601
10279,335.236437
10280,335.232222
10281,335.226838
10282,335.220197
10283,335.212238
10284,335.20292
10285,335.192218
10286,335.180125
10287,335.166647
10288,335.151808
10289,335.13565
10290,335.118237
10291,335.09966
10292,335.080047
10293,335.05957
10294,335.038468
10295,335.016965
10296,334.995231
10297,334.973394
10298,334.951549
10299,334.929764
10300,334.908085
10301,334.886545
10302,334.865162
10303,334.843945
10304,335.170159
10305,335.18358
10306,335.1961
10307,335.207688
10308,335.218322
10309,335.227988
10310,335.236683
10311,335.244413
10312,335.251191
10313,335.257041
10314,335.261994
10315,335.266091
10316,335.269377
10317,335.271906
10318,335.273736
10319,335.274932
10320,335.275561
10321,335.275691
10322,335.275392
10323,335.274737
10324,335.273792
10325,335.272626
10326,335.271301
10327,335.269878
10328,335.268411
10329,335.266949
10330,335.265534
10331,335.264202
10332,335.262978
10333,335.261881
10334,335.260915
10335,335.260074
10336,335.259333
10337,335.258649
10338,335.257953
10339,335.257144
10340,335.256083
10341,335.254582
10342,335.252393
10343,335.249298
10344,335.245129
10345,335.239765
10346,335.233116
10347,335.225116
10348,335.215723
10349,335.204911
10350,335.192672
10351,335.179012
10352,335.163956
10353,335.147546
10354,335.129849
10355,335.110959
10356,335.091006
10357,335.070168
10358,335.048689
10359,335.026796
10360,335.004665
10361,334.982429
10362,334.960184
10363,334.938001
10364,334.915928
10365,334.893998
10366,334.872231
10367,334.850635
10368,335.180358
10369,335.194301
10370,335.207294
10371,335.219304
10372,335.23031
10373,335.240297
10374,335.249262
10375,335.257211
10376,335.26416
10377,335.270133
10378,335.275166
10379,335.2793
10380,335.282586
10381,335.285081
10382,335.286849
10383,335.287959
10384,335.288481
10385,335.28849
10386,335.288061
10387,335.287271
10388,335.286191
10389,335.284893
10390,335.283445
10391,335.281908
10392,335.280339
10393,335.27879
10394,335.277304
10395,335.275917
10396,335.274656
10397,335.273537
10398,335.272566
10399,335.271734
10400,335.271015
10401,335.270363
10402,335.269707
10403,335.268943
10404,335.267928
10405,335.266469
10406,335.264315
10407,335.261243
10408,335.257082
10409,335.251707
10410,335.245024
10411,335.236968
10412,335.227492
10413,335.21657
10414,335.204193
10415,335.190368
10416,335.175118
10417,335.158487
10418,335.140544
10419,335.121383
10420,335.101139
10421,335.079992
10422,335.058187
10423,335.035957
10424,335.013481
10425,334.990892
10426,334.968291
10427,334.94575
10428,334.923319
10429,334.901032
10430,334.878908
10431,334.856958
10432,335.191309
10433,335.205808
10434,335.219301
10435,335.231754
10436,335.243142
10437,335.253451
10438,335.26268
10439,335.270834
10440,335.277931
10441,335.283998
10442,335.289072
10443,335.2932
10444,335.296436
10445,335.298843
10446,335.300489
10447,335.301447
10448,335.301797
10449,335.301618
10450,335.300991
10451,335.299998
10452,335.298716
10453,335.297221
10454,335.295584
10455,335.293871
10456,335.292141
10457,335.290447
10458,335.288833
10459,335.287336
10460,335.285983
10461,335.28479
10462,335.28376
10463,335.282884
10464,335.282133
10465,335.281459
10466,335.280788
10467,335.280014
10468,335.278991
10469,335.277522
10470,335.275356
10471,335.272263
10472,335.268073
10473,335.262657
10474,335.255919
10475,335.247791
10476,335.238225
10477,335.227194
10478,335.214688
10479,335.200713
10480,335.185293
10481,335.168472
10482,335.15032
10483,335.130932
10484,335.110444
10485,335.089037
10486,335.066959
10487,335.044443
10488,335.02167
10489,334.998776
10490,334.975863
10491,334.953003
10492,334.93025
10493,334.907637
10494,334.885186
10495,334.862905
10496,335.203031
10497,335.218121
10498,335.232141
10499,335.245053
10500,335.256834
10501,335.267468
10502,335.276953
10503,335.285296
10504,335.292517
10505,335.298646
10506,335.303723
10507,335.307798
10508,335.310931
10509,335.31319
10510,335.31465
10511,335.315392
10512,335.3155
10513,335.315062
10514,335.314166
10515,335.312898
10516,335.311345
10517,335.309585
10518,335.307694
10519,335.305741
10520,335.303789
10521,335.301892
10522,335.300094
10523,335.298433
10524,335.296936
10525,335.295616
10526,335.294476
10527,335.293504
10528,335.292669
10529,335.291921
10530,335.291184
10531,335.290348
10532,335.289265
10533,335.287738
10534,335.285513
10535,335.28236
10536,335.278106
10537,335.272621
10538,335.265807
10539,335.257593
10540,335.247932
10541,335.236794
10542,335.224167
10543,335.210059
10544,335.194492
10545,335.177512
10546,335.159186
10547,335.139613
10548,335.118927
10549,335.097309
10550,335.075008
10551,335.052257
10552,335.029236
10553,335.006083
10554,334.982899
10555,334.95976
10556,334.936719
10557,334.913812
10558,334.89106
10559,334.868474
10560,335.215537
10561,335.231254
10562,335.245827
10563,335.259218
10564,335.271401
10565,335.28236
10566,335.292093
10567,335.300608
10568,335.307928
10569,335.314084
10570,335.319121
10571,335.323095
10572,335.326069
10573,335.328119
10574,335.329327
10575,335.32978
10576,335.329574
10577,335.328802
10578,335.327562
10579,335.325947
10580,335.324049
10581,335.321955
10582,335.319744
10583,335.317488
10584,335.315253
10585,335.313095
10586,335.311059
10587,335.309181
10588,335.307488
10589,335.305992
10590,335.304694
10591,335.303577
10592,335.302611
10593,335.301741
10594,335.300888
10595,335.299941
10596,335.298751
10597,335.297121
10598,335.294795
10599,335.291544
10600,335.287195
10601,335.281615
10602,335.274706
10603,335.266396
10604,335.256635
10605,335.245392
10606,335.232655
10607,335.218429
10608,335.202739
10609,335.185628
10610,335.167165
10611,335.147446
10612,335.126606
10613,335.104826
10614,335.08235
10615,335.059411
10616,335.036189
10617,335.01282
10618,334.989407
10619,334.966027
10620,334.942732
10621,334.91956
10622,334.896535
10623,334.873668
10624,335.228836
10625,335.245215
10626,335.260369
10627,335.274257
10628,335.28685
10629,335.298134
10630,335.308105
10631,335.316775
10632,335.324165
10633,335.330313
10634,335.335267
10635,335.339086
10636,335.341842
10637,335.343617
10638,335.344501
10639,335.344593
10640,335.343995
10641,335.342811
10642,335.341149
10643,335.339111
10644,335.336795
10645,335.334296
10646,335.331697
10647,335.329075
10648,335.326498
10649,335.324022
10650,335.321695
10651,335.319551
10652,335.317614
10653,335.315896
10654,335.314395
10655,335.313091
10656,335.31195
10657,335.310913
10658,335.309901
10659,335.3088
10660,335.30746
10661,335.305684
10662,335.303219
10663,335.299836
10664,335.295363
10665,335.289668
10666,335.282649
10667,335.274234
10668,335.26437
10669,335.253027
10670,335.240189
10671,335.225862
10672,335.21007
10673,335.192856
10674,335.174288
10675,335.154463
10676,335.133512
10677,335.111613
10678,335.08901
10679,335.06593
10680,335.04255
10681,335.019007
10682,334.995403
10683,334.971814
10684,334.948297
10685,334.92489
10686,334.901617
10687,334.878491
10688,335.242926
10689,335.260004
10690,335.275765
10691,335.290167
10692,335.303179
10693,335.314787
10694,335.324986
10695,335.333789
10696,335.341222
10697,335.347324
10698,335.352147
10699,335.355757
10700,335.358232
10701,335.359664
10702,335.360151
10703,335.359801
10704,335.35873
10705,335.357054
10706,335.354888
10707,335.352348
10708,335.34954
10709,335.346563
10710,335.34351
10711,335.34046
10712,335.337482
10713,335.334636
10714,335.331967
10715,335.329509
10716,335.327286
10717,335.325305
10718,335.323561
10719,335.322032
10720,335.320678
10721,335.319439
10722,335.318229
10723,335.316935
10724,335.315407
10725,335.313449
10726,335.310811
10727,335.307269
10728,335.30265
10729,335.296821
10730,335.289682
10731,335.281156
10732,335.27119
10733,335.259751
10734,335.246823
10735,335.23241
10736,335.216536
10737,335.199244
10738,335.180602
10739,335.160705
10740,335.139684
10741,335.117711
10742,335.095023
10743,335.071844
10744,335.048347
10745,335.024667
10746,335.000906
10747,334.977141
10748,334.953431
10749,334.929814
10750,334.906318
10751,334.882955
10752,335.257798
10753,335.275608
10754,335.292002
10755,335.306935
10756,335.320373
10757,335.332301
10758,335.342717
10759,335.351633
10760,335.359078
10761,335.365093
10762,335.369737
10763,335.373081
10764,335.375211
10765,335.376226
10766,335.376237
10767,335.375365
10768,335.373736
10769,335.371481
10770,335.36873
10771,335.365606
10772,335.362229
10773,335.358705
10774,335.355131
10775,335.351592
10776,335.348158
10777,335.344891
10778,335.341834
10779,335.339022
10780,335.336474
10781,335.334195
10782,335.332175
10783,335.330389
10784,335.328793
10785,335.327321
10786,335.325885
10787,335.324368
10788,335.322621
10789,335.32045
10790,335.317613
10791,335.313888
10792,335.309107
10793,335.303135
10794,335.295869
10795,335.287232
10796,335.277166
10797,335.265638
10798,335.25263
10799,335.238145
10800,335.222207
10801,335.20486
10802,335.18617
10803,335.166234
10804,335.145177
10805,335.123169
10806,335.100437
10807,335.077197
10808,335.053618
10809,335.029833
10810,335.005944
10811,334.982031
10812,334.958152
10813,334.934349
10814,334.910651
10815,334.887072
10816,335.273423
10817,335.291999
10818,335.30905
10819,335.324527
10820,335.338397
10821,335.350642
10822,335.36126
10823,335.370267
10824,335.377692
10825,335.38358
10826,335.387995
10827,335.391014
10828,335.392731
10829,335.393256
10830,335.39271
10831,335.391228
10832,335.388954
10833,335.386033
10834,335.382609
10835,335.378822
10836,335.374799
10837,335.370657
10838,335.366499
10839,335.362412
10840,335.358472
10841,335.354737
10842,335.351252
10843,335.348048
10844,335.345143
10845,335.342537
10846,335.340216
10847,335.338151
10848,335.336291
10849,335.334568
10850,335.332886
10851,335.331127
10852,335.32914
10853,335.326735
10854,335.32368
10855,335.319761
10856,335.314809
10857,335.308691
10858,335.301299
10859,335.292554
10860,335.282396
10861,335.270786
10862,335.257709
10863,335.243165
10864,335.227178
10865,335.209793
10866,335.191077
10867,335.171126
10868,335.150063
10869,335.128052
10870,335.10531
10871,335.08204
10872,335.058407
10873,335.034541
10874,335.010548
10875,334.986508
10876,334.962482
10877,334.938513
10878,334.914633
10879,334.890857
10880,335.28975
10881,335.309122
10882,335.326851
10883,335.342885
10884,335.357189
10885,335.369745
10886,335.380552
10887,335.389626
10888,335.396999
10889,335.40272
10890,335.406855
10891,335.40949
10892,335.410726
10893,335.410683
10894,335.409497
10895,335.407318
10896,335.404307
10897,335.400629
10898,335.396446
10899,335.391913
10900,335.38717
10901,335.382343
10902,335.37754
10903,335.372854
10904,335.36836
10905,335.364116
10906,335.360168
10907,335.356543
10908,335.353255
10909,335.350301
10910,335.347662
10911,335.345304
10912,335.343171
10913,335.341187
10914,335.339254
10915,335.337248
10916,335.335014
10917,335.332367
10918,335.329089
10919,335.324975
10920,335.319858
10921,335.313601
10922,335.306092
10923,335.297248
10924,335.287007
10925,335.275327
10926,335.262191
10927,335.2476
10928,335.231575
10929,335.214164
10930,335.195435
10931,335.175483
10932,335.154434
10933,335.132444
10934,335.109714
10935,335.086433
10936,335.062763
10937,335.038834
10938,335.014752
10939,334.990601
10940,334.966443
10941,334.942326
10942,334.918281
10943,334.894325
10944,335.3067
10945,335.326894
10946,335.345318
10947,335.361918
10948,335.376656
10949,335.389516
10950,335.400495
10951,335.409612
10952,335.4169
10953,335.422412
10954,335.42622
10955,335.428412
10956,335.429099
10957,335.428412
10958,335.426501
10959,335.423535
10960,335.419695
10961,335.415169
10962,335.410141
10963,335.404783
10964,335.399249
10965,335.393673
10966,335.388171
10967,335.382838
10968,335.37775
10969,335.372965
10970,335.368525
10971,335.364455
10972,335.360766
10973,335.357451
10974,335.354486
10975,335.35183
10976,335.349424
10977,335.347186
10978,335.345011
10979,335.342769
10980,335.340304
10981,335.337432
10982,335.333949
10983,335.32966
10984,335.324397
10985,335.318018
10986,335.310409
10987,335.301482
10988,335.291171
10989,335.279434
10990,335.26625
10991,335.25162
10992,335.235566
10993,335.218135
10994,335.199396
10995,335.179446
10996,335.158412
10997,335.136446
10998,335.11373
10999,335.090441
11000,335.066737
11001,335.04275
11002,335.018588
11003,334.994335
11004,334.970059
11005,334.945806
11006,334.92161
11007,334.897491
11008,335.324152
11009,335.345187
11010,335.364318
11011,335.381487
11012,335.396657
11013,335.409808
11014,335.420943
11015,335.430078
11016,335.437251
11017,335.442516
11018,335.445949
11019,335.447643
11020,335.447718
11021,335.446313
11022,335.443595
11023,335.439751
11024,335.434991
11025,335.429528
11026,335.423571
11027,335.417313
11028,335.410923
11029,335.404544
11030,335.398296
11031,335.392276
11032,335.386562
11033,335.381209
11034,335.376257
11035,335.371728
11036,335.367627
11037,335.363945
11038,335.360653
11039,335.357706
11040,335.355037
11041,335.352562
11042,335.350169
11043,335.347724
11044,335.345067
11045,335.342016
11046,335.338373
11047,335.333949
11048,335.328574
11049,335.322103
11050,335.314419
11051,335.30543
11052,335.295068
11053,335.283288
11054,335.270068
11055,335.255406
11056,335.239327
11057,335.221874
11058,335.203121
11059,335.183163
11060,335.162126
11061,335.140161
11062,335.117436
11063,335.094123
11064,335.070376
11065,335.046326
11066,335.022084
11067,334.997735
11068,334.973347
11069,334.94897
11070,334.924637
11071,334.900368
11072,335.341933
11073,335.363821
11074,335.383663
11075,335.401398
11076,335.41699
11077,335.43042
11078,335.44169
11079,335.45082
11080,335.457848
11081,335.462831
11082,335.465847
11083,335.466995
11084,335.466399
11085,335.46421
11086,335.460608
11087,335.455803
11088,335.450033
11089,335.443548
11090,335.436587
11091,335.429364
11092,335.422063
11093,335.414835
11094,335.407804
11095,335.401069
11096,335.394705
11097,335.388767
11098,335.383291
11099,335.378296
11100,335.373782
11101,335.369736
11102,335.366124
11103,335.362898
11104,335.359987
11105,335.357301
11106,335.354725
11107,335.352122
11108,335.349328
11109,335.346158
11110,335.342415
11111,335.337908
11112,335.332466
11113,335.325941
11114,335.318213
11115,335.309188
11116,335.298795
11117,335.286988
11118,335.273743
11119,335.259059
11120,335.242956
11121,335.225479
11122,335.2067
11123,335.186715
11124,335.165648
11125,335.143648
11126,335.120883
11127,335.097519
11128,335.07371
11129,335.049587
11130,335.025261
11131,335.000817
11132,334.976324
11133,334.951831
11134,334.927372
11135,334.902968
11136,335.359804
11137,335.382543
11138,335.403088
11139,335.421379
11140,335.437377
11141,335.451068
11142,335.462453
11143,335.471554
11144,335.478411
11145,335.483083
11146,335.485648
11147,335.486211
11148,335.484898
11149,335.48187
11150,335.477319
11151,335.471479
11152,335.46462
11153,335.457039
11154,335.449011
11155,335.440772
11156,335.43252
11157,335.424412
11158,335.416575
11159,335.409108
11160,335.402084
11161,335.395554
11162,335.389551
11163,335.38409
11164,335.379168
11165,335.374766
11166,335.37085
11167,335.367364
11168,335.364236
11169,335.361372
11170,335.358656
11171,335.355946
11172,335.353075
11173,335.349852
11174,335.346074
11175,335.341543
11176,335.336083
11177,335.329545
11178,335.321807
11179,335.312774
11180,335.302373
11181,335.290558
11182,335.277302
11183,335.262602
11184,335.246478
11185,335.228974
11186,335.210157
11187,335.190124
11188,335.168998
11189,335.146929
11190,335.124088
11191,335.100644
11192,335.076753
11193,335.052546
11194,335.02813
11195,335.003593
11196,334.978999
11197,334.954399
11198,334.929825
11199,334.905299
11200,335.377434
11201,335.401007
11202,335.422235
11203,335.441059
11204,335.457443
11205,335.471371
11206,335.482849
11207,335.4919
11208,335.498563
11209,335.502901
11210,335.504992
11211,335.504943
11212,335.502884
11213,335.498982
11214,335.493439
11215,335.486509
11216,335.478498
11217,335.469768
11218,335.460633
11219,335.451351
11220,335.442128
11221,335.433129
11222,335.424479
11223,335.416277
11224,335.408592
11225,335.401474
11226,335.394952
11227,335.389034
11228,335.383717
11229,335.378976
11230,335.374773
11231,335.371051
11232,335.367734
11233,335.364728
11234,335.361913
11235,335.359146
11236,335.356257
11237,335.353048
11238,335.349298
11239,335.344798
11240,335.339368
11241,335.332857
11242,335.325144
11243,335.316131
11244,335.305747
11245,335.293942
11246,335.28069
11247,335.265986
11248,335.249847
11249,335.232314
11250,335.213454
11251,335.193358
11252,335.172149
11253,335.149979
11254,335.127032
11255,335.103486
11256,335.079498
11257,335.055198
11258,335.030692
11259,335.006064
11260,334.981377
11261,334.956678
11262,334.932002
11263,334.907366
11264,335.394382
11265,335.418751
11266,335.440626
11267,335.45995
11268,335.476687
11269,335.490826
11270,335.502373
11271,335.511352
11272,335.517805
11273,335.521794
11274,335.523399
11275,335.522728
11276,335.519916
11277,335.515131
11278,335.508587
11279,335.500551
11280,335.491361
11281,335.481468
11282,335.471223
11283,335.4609
11284,335.450713
11285,335.44083
11286,335.431379
11287,335.422454
11288,335.414124
11289,335.406433
11290,335.399407
11291,335.393051
11292,335.387356
11293,335.382297
11294,335.37783
11295,335.373898
11296,335.370422
11297,335.367305
11298,335.364429
11299,335.361648
11300,335.358789
11301,335.355647
11302,335.351977
11303,335.347554
11304,335.342195
11305,335.335747
11306,335.328089
11307,335.319124
11308,335.30878
11309,335.297007
11310,335.283777
11311,335.269082
11312,335.252938
11313,335.235384
11314,335.216481
11315,335.196319
11316,335.175019
11317,335.152733
11318,335.129665
11319,335.106009
11320,335.08192
11321,335.057529
11322,335.032938
11323,335.008226
11324,334.983456
11325,334.958672
11326,334.933905
11327,334.909174
11328,335.410066
11329,335.435169
11330,335.457638
11331,335.477415
11332,335.494467
11333,335.508784
11334,335.520375
11335,335.529263
11336,335.535493
11337,335.539128
11338,335.540249
11339,335.538964
11340,335.535413
11341,335.529769
11342,335.522257
11343,335.51316
11344,335.502853
11345,335.491849
11346,335.480536
11347,335.469209
11348,335.458093
11349,335.447359
11350,335.437136
11351,335.427518
11352,335.418569
11353,335.410332
11354,335.402828
11355,335.396059
11356,335.390012
11357,335.384659
11358,335.379955
11359,335.375838
11360,335.37223
11361,335.369032
11362,335.366123
11363,335.363357
11364,335.360555
11365,335.357504
11366,335.353939
11367,335.349622
11368,335.344361
11369,335.338005
11370,335.33043
11371,335.321538
11372,335.311257
11373,335.299537
11374,335.286348
11375,335.271681
11376,335.255549
11377,335.237987
11378,335.219056
11379,335.198842
11380,335.177465
11381,335.155083
11382,335.131913
11383,335.10816
11384,335.083985
11385,335.059515
11386,335.034852
11387,335.010072
11388,334.985233
11389,334.960378
11390,334.935536
11391,334.910725
11392,335.424062
11393,335.449818
11394,335.472812
11395,335.492984
11396,335.510304
11397,335.524762
11398,335.536368
11399,335.545149
11400,335.551149
11401,335.554431
11402,335.555081
11403,335.553207
11404,335.548953
11405,335.542499
11406,335.534082
11407,335.524005
11408,335.512675
11409,335.500648
11410,335.488344
11411,335.476081
11412,335.464094
11413,335.452563
11414,335.441616
11415,335.431348
11416,335.421822
11417,335.413075
11418,335.405127
11419,335.397977
11420,335.391609
11421,335.385992
11422,335.381077
11423,335.376802
11424,335.373087
11425,335.369832
11426,335.366913
11427,335.364181
11428,335.361452
11429,335.358502
11430,335.355054
11431,335.350859
11432,335.345717
11433,335.339474
11434,335.332003
11435,335.323207
11436,335.313013
11437,335.301368
11438,335.288242
11439,335.273625
11440,335.257528
11441,335.239983
11442,335.221048
11443,335.200809
11444,335.179387
11445,335.156944
11446,335.133707
11447,335.109888
11448,335.085653
11449,335.06113
11450,335.036417
11451,335.01159
11452,334.986702
11453,334.961796
11454,334.936896
11455,334.912021
11456,335.436055
11457,335.462368
11458,335.485804
11459,335.506304
11460,335.523837
11461,335.538395
11462,335.549988
11463,335.558645
11464,335.564411
11465,335.567351
11466,335.567552
11467,335.565126
11468,335.560221
11469,335.553025
11470,335.543787
11471,335.532829
11472,335.520585
11473,335.50764
11474,335.494445
11475,335.481333
11476,335.468556
11477,335.456298
11478,335.444692
11479,335.433832
11480,335.423779
11481,335.41457
11482,335.406222
11483,335.398729
11484,335.392075
11485,335.386225
11486,335.381129
11487,335.376723
11488,335.372925
11489,335.369632
11490,335.36672
11491,335.364034
11492,335.361387
11493,335.358545
11494,335.355221
11495,335.351156
11496,335.346147
11497,335.340032
11498,335.332685
11499,335.324005
11500,335.313919
11501,335.302374
11502,335.289337
11503,335.274796
11504,335.258762
11505,335.241264
11506,335.222359
11507,335.202133
11508,335.180707
11509,335.158248
11510,335.134988
11511,335.111146
11512,335.086889
11513,335.062347
11514,335.037617
11515,335.012771
11516,334.987861
11517,334.962925
11518,334.937988
11519,334.913064
11520,335.445811
11521,335.472573
11522,335.496359
11523,335.517111
11524,335.534797
11525,335.549409
11526,335.560959
11527,335.569476
11528,335.575009
11529,335.577622
11530,335.577405
11531,335.574474
11532,335.56898
11533,335.561122
11534,335.551158
11535,335.539429
11536,335.526386
11537,335.512642
11538,335.498665
11539,335.48481
11540,335.471336
11541,335.458437
11542,335.446247
11543,335.434864
11544,335.424347
11545,335.414732
11546,335.406032
11547,335.398242
11548,335.391341
11549,335.385293
11550,335.380047
11551,335.375537
11552,335.371677
11553,335.368365
11554,335.365473
11555,335.362844
11556,335.360284
11557,335.357552
11558,335.354356
11559,335.350429
11560,335.345561
11561,335.339588
11562,335.33238
11563,335.323835
11564,335.313879
11565,335.302457
11566,335.289536
11567,335.275103
11568,335.259164
11569,335.24175
11570,335.222916
11571,335.202748
11572,335.181367
11573,335.158944
11574,335.135713
11575,335.111897
11576,335.087665
11577,335.063147
11578,335.038438
11579,335.013608
11580,334.988707
11581,334.963768
11582,334.938816
11583,334.913862
11584,335.453156
11585,335.480248
11586,335.504286
11587,335.525206
11588,335.542979
11589,335.557597
11590,335.569073
11591,335.577437
11592,335.582738
11593,335.585043
11594,335.584445
11595,335.581062
11596,335.575051
11597,335.566617
11598,335.55603
11599,335.543642
11600,335.529923
11601,335.515501
11602,335.500864
11603,335.486377
11604,335.472311
11605,335.458866
11606,335.44618
11607,335.434351
11608,335.423441
11609,335.413482
11610,335.404487
11611,335.396449
11612,335.389345
11613,335.383137
11614,335.377773
11615,335.373184
11616,335.369285
11617,335.365971
11618,335.363111
11619,335.360546
11620,335.358077
11621,335.355459
11622,335.352393
11623,335.348607
11624,335.343888
11625,335.338067
11626,335.331012
11627,335.322621
11628,335.312817
11629,335.301544
11630,335.288768
11631,335.274475
11632,335.258669
11633,335.241381
11634,335.222665
11635,335.202604
11636,335.181323
11637,335.158991
11638,335.135847
11639,335.112113
11640,335.08796
11641,335.063516
11642,335.038874
11643,335.014102
11644,334.989244
11645,334.964334
11646,334.93939
11647,334.914426
11648,335.45796
11649,335.48526
11650,335.509442
11651,335.530443
11652,335.548234
11653,335.562807
11654,335.574176
11655,335.582372
11656,335.587446
11657,335.589466
11658,335.588526
11659,335.584749
11660,335.578297
11661,335.569379
11662,335.558274
11663,335.545345
11664,335.531072
11665,335.5161
11666,335.500925
11667,335.485925
11668,335.471379
11669,335.457491
11670,335.444404
11671,335.432215
11672,335.420988
11673,335.410754
11674,335.401525
11675,335.393292
11676,335.386031
11677,335.379703
11678,335.374254
11679,335.369615
11680,335.365698
11681,335.362398
11682,335.359582
11683,335.357087
11684,335.354712
11685,335.35221
11686,335.349277
11687,335.345636
11688,335.341071
11689,335.335412
11690,335.328524
11691,335.320305
11692,335.310674
11693,335.299577
11694,335.286977
11695,335.272859
11696,335.257228
11697,335.240111
11698,335.221561
11699,335.201664
11700,335.18054
11701,335.158362
11702,335.135367
11703,335.111776
11704,335.087761
11705,335.063447
11706,335.038924
11707,335.014256
11708,334.989484
11709,334.964636
11710,334.939729
11711,334.914773
11712,335.46013
11713,335.487508
11714,335.511724
11715,335.532716
11716,335.550452
11717,335.564927
11718,335.576155
11719,335.584169
11720,335.589021
11721,335.590779
11722,335.589542
11723,335.585432
11724,335.578616
11725,335.569308
11726,335.557792
11727,335.54444
11728,335.529739
11729,335.514343
11730,335.498758
11731,335.483368
11732,335.468458
11733,335.454236
11734,335.440847
11735,335.42839
11736,335.416928
11737,335.406492
11738,335.397094
11739,335.388723
11740,335.381354
11741,335.374947
11742,335.369448
11743,335.364786
11744,335.360874
11745,335.357603
11746,335.354841
11747,335.352424
11748,335.350148
11749,335.347763
11750,335.344963
11751,335.34147
11752,335.337066
11753,335.331577
11754,335.32487
11755,335.316839
11756,335.307405
11757,335.29651
11758,335.284119
11759,335.270214
11760,335.2548
11761,335.237903
11762,335.219575
11763,335.199898
11764,335.178995
11765,335.157036
11766,335.134256
11767,335.110876
11768,335.087064
11769,335.062942
11770,335.038596
11771,335.014084
11772,334.989444
11773,334.964696
11774,334.939856
11775,334.914929
11776,335.459599
11777,335.486922
11778,335.511059
11779,335.531946
11780,335.549553
11781,335.563875
11782,335.574928
11783,335.582746
11784,335.58738
11785,335.588903
11786,335.587411
11787,335.583032
11788,335.575931
11789,335.566329
11790,335.554512
11791,335.540855
11792,335.525852
11793,335.510162
11794,335.494295
11795,335.47864
11796,335.463486
11797,335.449042
11798,335.435455
11799,335.422825
11800,335.411214
11801,335.400654
11802,335.391154
11803,335.382704
11804,335.375279
11805,335.368836
11806,335.363322
11807,335.358666
11808,335.354779
11809,335.351553
11810,335.348856
11811,335.346522
11812,335.344348
11813,335.342083
11814,335.339418
11815,335.336076
11816,335.331837
11817,335.326528
11818,335.320013
11819,335.312188
11820,335.302973
11821,335.292309
11822,335.28016
11823,335.266509
11824,335.251358
11825,335.234731
11826,335.216681
11827,335.197288
11828,335.176671
11829,335.154999
11830,335.132505
11831,335.109408
11832,335.085869
11833,335.062008
11834,335.037904
11835,335.013609
11836,334.989152
11837,334.964549
11838,334.939807
11839,334.914931
11840,335.456322
11841,335.483456
11842,335.507396
11843,335.528081
11844,335.545482
11845,335.559595
11846,335.570437
11847,335.578043
11848,335.582466
11849,335.583779
11850,335.582078
11851,335.577493
11852,335.57019
11853,335.56039
11854,335.54838
11855,335.534538
11856,335.51936
11857,335.503505
11858,335.487486
11859,335.471694
11860,335.456417
11861,335.441867
11862,335.428189
11863,335.415484
11864,335.403813
11865,335.393208
11866,335.383677
11867,335.375209
11868,335.367779
11869,335.361345
11870,335.355852
11871,335.35123
11872,335.34739
11873,335.344226
11874,335.341603
11875,335.339359
11876,335.337289
11877,335.335144
11878,335.332616
11879,335.329426
11880,335.325357
11881,335.320235
11882,335.313926
11883,335.306325
11884,335.297351
11885,335.286947
11886,335.275075
11887,335.261718
11888,335.246877
11889,335.230575
11890,335.212862
11891,335.193817
11892,335.173556
11893,335.152245
11894,335.130114
11895,335.107375
11896,335.084188
11897,335.060663
11898,335.036873
11899,335.012861
11900,334.988647
11901,334.964239
11902,334.939633
11903,334.914828
11904,335.450273
11905,335.477081
11906,335.500706
11907,335.52109
11908,335.538205
11909,335.552051
11910,335.562645
11911,335.570024
11912,335.574241
11913,335.575369
11914,335.573506
11915,335.56878
11916,335.561356
11917,335.551455
11918,335.539364
11919,335.525458
11920,335.510231
11921,335.494343
11922,335.478304
11923,335.462503
11924,335.447228
11925,335.432687
11926,335.419028
11927,335.406348
11928,335.394708
11929,335.384138
11930,335.374647
11931,335.366224
11932,335.358843
11933,335.352462
11934,335.347026
11935,335.342465
11936,335.338694
11937,335.335605
11938,335.333067
11939,335.330917
11940,335.328955
11941,335.32693
11942,335.324538
11943,335.321503
11944,335.317607
11945,335.31268
11946,335.306589
11947,335.299227
11948,335.290518
11949,335.280403
11950,335.268845
11951,335.255824
11952,335.241342
11953,335.225421
11954,335.208107
11955,335.189477
11956,335.169645
11957,335.148773
11958,335.127084
11959,335.104787
11960,335.082034
11961,335.058928
11962,335.035533
11963,335.011881
11964,334.98798
11965,334.963824
11966,334.939398
11967,334.914688
11968,335.441444
11969,335.467786
11970,335.490976
11971,335.510957
11972,335.527707
11973,335.541225
11974,335.551534
11975,335.558669
11976,335.562685
11977,335.563655
11978,335.561676
11979,335.556873
11980,335.549412
11981,335.539509
11982,335.527447
11983,335.513598
11984,335.498453
11985,335.482663
11986,335.466736
11987,335.451057
11988,335.435908
11989,335.421496
11990,335.407965
11991,335.395411
11992,335.383893
11993,335.373441
11994,335.364063
11995,335.355747
11996,335.348467
11997,335.342183
11998,335.33684
11999,335.33237
12000,335.328688
12001,335.325689
12002,335.323244
12003,335.321192
12004,335.319337
12005,335.317431
12006,335.315175
12007,335.312294
12008,335.308575
12009,335.30385
12010,335.297986
12011,335.290883
12012,335.282461
12013,335.272664
12014,335.261455
12015,335.248814
12016,335.234742
12017,335.219258
12018,335.202407
12019,335.184264
12020,335.164937
12021,335.144584
12022,335.123424
12023,335.101658
12024,335.07943
12025,335.056834
12026,335.033925
12027,335.010721
12028,334.987215
12029,334.963383
12030,334.939188
12031,334.914602
12032,335.429845
12033,335.455582
12034,335.478212
12035,335.497687
12036,335.513987
12037,335.527118
12038,335.537102
12039,335.543976
12040,335.547796
12041,335.548634
12042,335.546585
12043,335.541771
12044,335.534356
12045,335.52455
12046,335.51263
12047,335.498963
12048,335.484029
12049,335.468472
12050,335.452792
12051,335.437365
12052,335.422469
12053,335.408304
12054,335.395012
12055,335.382685
12056,335.37138
12057,335.361128
12058,335.351934
12059,335.343788
12060,335.336663
12061,335.33052
12062,335.325306
12063,335.320953
12064,335.31738
12065,335.314483
12066,335.312137
12067,335.310187
12068,335.308437
12069,335.306649
12070,335.304525
12071,335.301797
12072,335.298256
12073,335.293738
12074,335.288113
12075,335.281283
12076,335.273171
12077,335.263722
12078,335.252899
12079,335.240682
12080,335.22707
12081,335.212082
12082,335.195761
12083,335.178177
12084,335.159435
12085,335.139686
12086,335.119144
12087,335.098003
12088,335.076398
12089,335.054415
12090,335.032094
12091,335.00944
12092,334.986429
12093,334.96301
12094,334.939118
12095,334.914691
12096,335.415508
12097,335.440497
12098,335.462442
12099,335.481303
12100,335.497069
12101,335.509748
12102,335.519367
12103,335.525963
12104,335.529592
12105,335.530323
12106,335.52825
12107,335.523492
12108,335.516206
12109,335.506597
12110,335.494934
12111,335.481573
12112,335.466983
12113,335.451796
12114,335.436498
12115,335.421455
12116,335.406937
12117,335.393138
12118,335.380194
12119,335.368195
12120,335.357196
12121,335.347224
12122,335.338286
12123,335.330371
12124,335.323453
12125,335.317494
12126,335.312442
12127,335.308233
12128,335.304787
12129,335.302004
12130,335.299764
12131,335.297914
12132,335.296269
12133,335.294592
12134,335.292595
12135,335.290017
12136,335.286654
12137,335.282347
12138,335.276971
12139,335.270429
12140,335.26265
12141,335.253577
12142,335.243176
12143,335.231426
12144,335.218327
12145,335.203895
12146,335.18817
12147,335.17122
12148,335.153145
12149,335.13409
12150,335.114261
12151,335.093844
12152,335.072967
12153,335.051705
12154,335.030087
12155,335.008105
12156,334.98571
12157,334.962824
12158,334.939335
12159,334.915125
12160,335.398496
12161,335.42259
12162,335.443716
12163,335.461852
12164,335.476995
12165,335.489159
12166,335.498371
12167,335.504671
12168,335.508111
12169,335.508761
12170,335.50671
12171,335.502073
12172,335.495
12173,335.48569
12174,335.4744
12175,335.461472
12176,335.447361
12177,335.43268
12178,335.417901
12179,335.403374
12180,335.38936
12181,335.376044
12182,335.363557
12183,335.351984
12184,335.341379
12185,335.331767
12186,335.323155
12187,335.315531
12188,335.308871
12189,335.303138
12190,335.298282
12191,335.294242
12192,335.29094
12193,335.288281
12194,335.28615
12195,335.2844
12196,335.282852
12197,335.28128
12198,335.279404
12199,335.27697
12200,335.273782
12201,335.269689
12202,335.264569
12203,335.258332
12204,335.250905
12205,335.242237
12206,335.232294
12207,335.221055
12208,335.20852
12209,335.194704
12210,335.179644
12211,335.163404
12212,335.146079
12213,335.127809
12214,335.108791
12215,335.089202
12216,335.069163
12217,335.04874
12218,335.027953
12219,335.006779
12220,334.985154
12221,334.962962
12222,334.940036
12223,334.916153
12224,335.378916
12225,335.40195
12226,335.422114
12227,335.439407
12228,335.453837
12229,335.46542
12230,335.474185
12231,335.48017
12232,335.483426
12233,335.484019
12234,335.482035
12235,335.477583
12236,335.470807
12237,335.461895
12238,335.451094
12239,335.438728
12240,335.425232
12241,335.411196
12242,335.39707
12243,335.38319
12244,335.369803
12245,335.357085
12246,335.34516
12247,335.334111
12248,335.323986
12249,335.314812
12250,335.306592
12251,335.299318
12252,335.292965
12253,335.287498
12254,335.28287
12255,335.279022
12256,335.27588
12257,335.273354
12258,335.271334
12259,335.269681
12260,335.268223
12261,335.266746
12262,335.264979
12263,335.262682
12264,335.259667
12265,335.255788
12266,335.250933
12267,335.245012
12268,335.237959
12269,335.229724
12270,335.220273
12271,335.209589
12272,335.197668
12273,335.184527
12274,335.170199
12275,335.154745
12276,335.138256
12277,335.120862
12278,335.102754
12279,335.084101
12280,335.065013
12281,335.045551
12282,335.02573
12283,335.00552
12284,334.984844
12285,334.963566
12286,334.941464
12287,334.918165
12288,334.927402
12289,334.472819
12290,334.449118
12291,334.998533
12292,334.913707
12293,334.465952
12294,334.440617
12295,334.984649
12296,334.497603
12297,334.060963
12298,334.036256
12299,334.566784
